1 0.567 0.6850828729281768 0.09839999999999999 0.03314917127071823
2 0.595 0.68646408839779 0.0312 0.01160220994475138
2 0.541 0.6850828729281768 0.036 0.03867403314917127
3 0.567 0.6574585635359116 0.09839999999999999 0.09944751381215469
4 0.595 0.6533149171270718 0.0312 0.10441988950276242
4 0.549 0.6602209944751382 0.0552 0.10828729281767954
5 0.567 0.6215469613259669 0.09839999999999999 0.1856353591160221
0 0.579 0.574585635359116 0.12719999999999998 0.2983425414364641
1 0.202 0.7196132596685083 0.1056 0.036464088397790057
2 0.166 0.7168508287292817 0.0192 0.034806629834254144
2 0.232 0.7320441988950276 0.033600000000000005 0.007734806629834254
3 0.202 0.6906077348066298 0.1056 0.10607734806629834
4 0.178 0.6878453038674033 0.048 0.11602209944751381
4 0.232 0.6906077348066298 0.033600000000000005 0.12375690607734806
5 0.202 0.6560773480662984 0.1056 0.1889502762430939
0 0.203 0.5939226519337016 0.108 0.33812154696132596
