1 0.790625 0.825 0.08249999999999999 0.029999999999999995
2 0.8125 0.8291666666666667 0.03 0.02333333333333333
2 0.7625 0.8229166666666666 0.015 0.029166666666666667
3 0.790625 0.7770833333333333 0.08249999999999999 0.145
4 0.8125 0.7791666666666667 0.03 0.1633333333333333
4 0.7625 0.775 0.015 0.1633333333333333
5 0.790625 0.7270833333333333 0.08249999999999999 0.26499999999999996
0 0.790625 0.653125 0.08249999999999999 0.4425
1 0.8640625 0.8270833333333333 0.041249999999999995 0.029999999999999995
2 0.853125 0.8239583333333333 0.015 0.02625
2 0.87421875 0.83125 0.016874999999999998 0.02333333333333333
3 0.8640625 0.775 0.041249999999999995 0.15499999999999997
4 0.8609375 0.7729166666666667 0.033749999999999995 0.16916666666666663
4 0.87109375 0.775 0.024375 0.18083333333333332
5 0.865625 0.7291666666666666 0.045 0.26499999999999996
0 0.8640625 0.6447916666666667 0.1125 0.4675
