1 0.18515625 0.34270833333333334 0.058124999999999996 0.0175
2 0.20546875 0.3416666666666667 0.009375 0.017499999999999998
2 0.165625 0.34270833333333334 0.01125 0.020416666666666663
3 0.18515625 0.309375 0.058124999999999996 0.09749999999999999
4 0.20546875 0.30833333333333335 0.009375 0.11083333333333333
4 0.165625 0.3104166666666667 0.01125 0.11083333333333333
5 0.18515625 0.2760416666666667 0.058124999999999996 0.17750000000000002
0 0.1828125 0.21979166666666666 0.06375 0.3125
1 0.46484375 0.32395833333333335 0.028125 0.0175
2 0.47109375 0.32395833333333335 0.013125000000000001 0.020416666666666663
2 0.4625 0.325 0.0225 0.011666666666666665
3 0.46484375 0.29270833333333335 0.028125 0.0925
4 0.47109375 0.29270833333333335 0.013125000000000001 0.10791666666666666
4 0.4625 0.2916666666666667 0.0225 0.105
5 0.46328125 0.2677083333333333 0.031875 0.1525
0 0.46171875 0.20833333333333334 0.05437499999999999 0.295
