1 0.77265625 0.6135831381733021 0.118125 0.11241217798594848
2 0.79921875 0.6264637002341921 0.05437499999999999 0.09508196721311474
2 0.73359375 0.6112412177985949 0.024375 0.12459016393442622
3 0.7734375 0.5491803278688525 0.13499999999999998 0.26697892271662765
4 0.803125 0.5491803278688525 0.06375 0.3114754098360656
4 0.73046875 0.5608899297423887 0.031875 0.26557377049180325
5 0.7734375 0.5105386416861827 0.13499999999999998 0.35971896955503513
0 0.76796875 0.34543325526932084 0.33187500000000003 0.6908665105386417
1 0.60234375 0.7236533957845434 0.125625 0.1180327868852459
2 0.6453125 0.6990632318501171 0.0225 0.06885245901639343
2 0.5546875 0.747072599531616 0.01125 0.0721311475409836
3 0.5859375 0.7002341920374707 0.16499999999999998 0.17423887587822012
4 0.61640625 0.6756440281030445 0.091875 0.13442622950819672
4 0.53828125 0.7072599531615925 0.050624999999999996 0.18360655737704917
5 0.5859375 0.6381733021077284 0.16499999999999998 0.3231850117096019
0 0.5734375 0.44379391100702575 0.195 0.789695550351288
1 0.4265625 0.7576112412177985 0.07875 0.07587822014051522
2 0.45234375 0.7540983606557377 0.016874999999999998 0.07868852459016393
2 0.41015625 0.7622950819672131 0.039375 0.07540983606557376
3 0.4109375 0.7084309133489461 0.11624999999999999 0.1939110070257611
4 0.42890625 0.7049180327868853 0.073125 0.2163934426229508
4 0.39453125 0.7084309133489461 0.076875 0.2262295081967213
5 0.4109375 0.6276346604215457 0.11624999999999999 0.3878220140515222
0 0.3875 0.5070257611241218 0.1875 0.6772833723653395
1 0.28515625 0.711943793911007 0.10687499999999998 0.06744730679156909
2 0.30625 0.7166276346604216 0.05625 0.06557377049180328
2 0.26640625 0.7084309133489461 0.061875 0.06885245901639343
3 0.284375 0.6428571428571429 0.10874999999999999 0.2332552693208431
4 0.30625 0.6428571428571429 0.05625 0.27213114754098355
4 0.265625 0.6405152224824356 0.06375 0.25901639344262295
5 0.284375 0.5749414519906323 0.10874999999999999 0.39625292740046836
0 0.24140625 0.4531615925058548 0.21187499999999998 0.6885245901639344
