1 0.23203125 0.8625 0.286875 0.08249999999999999
2 0.1359375 0.8625 0.05625 0.09624999999999999
2 0.3265625 0.871875 0.06 0.06999999999999999
3 0.23203125 0.7765625 0.286875 0.28874999999999995
4 0.15859375 0.7859375 0.110625 0.310625
4 0.3265625 0.7765625 0.06 0.336875
5 0.23203125 0.6703125 0.286875 0.54375
0 0.23203125 0.5125 0.286875 0.9225
1 0.91484375 0.6875 0.09562499999999999 0.0225
2 0.95234375 0.6859375 0.005625 0.021875
2 0.8796875 0.6890625 0.01125 0.021875
3 0.91484375 0.6578125 0.09562499999999999 0.09375
4 0.94921875 0.65625 0.013125000000000001 0.10499999999999998
4 0.8859375 0.659375 0.026250000000000002 0.10499999999999998
5 0.91484375 0.61875 0.09562499999999999 0.1875
0 0.91484375 0.5578125 0.09562499999999999 0.33375
1 0.5609375 0.6546875 0.0375 0.026250000000000002
2 0.575 0.6546875 0.00375 0.030624999999999996
2 0.54765625 0.653125 0.005625 0.026249999999999996
3 0.5609375 0.63125 0.0375 0.08249999999999999
4 0.575 0.6375 0.00375 0.07875
4 0.55078125 0.6296875 0.013125000000000001 0.091875
5 0.5609375 0.609375 0.0375 0.13499999999999998
0 0.5625 0.56875 0.041249999999999995 0.23249999999999998
1 0.08203125 0.6609375 0.039375 0.01125
2 0.0953125 0.6609375 0.0075 0.013124999999999998
2 0.06796875 0.6609375 0.005625 0.013124999999999998
3 0.08203125 0.6375 0.039375 0.06749999999999999
4 0.0953125 0.6390625 0.0075 0.074375
4 0.07109375 0.6375 0.013125000000000001 0.07875
5 0.08203125 0.6125 0.039375 0.1275
0 0.08203125 0.5703125 0.039375 0.22875
1 0.4328125 0.6875 0.09375 0.03
2 0.46875 0.6875 0.0075 0.026249999999999996
2 0.3984375 0.6875 0.01125 0.034999999999999996
3 0.4328125 0.659375 0.09375 0.0975
4 0.46796875 0.6578125 0.009375 0.109375
4 0.40546875 0.659375 0.028125 0.11374999999999999
5 0.4328125 0.6265625 0.09375 0.17625
0 0.4328125 0.5609375 0.09375 0.33375
1 0.7296875 0.865625 0.28500000000000003 0.09
2 0.634375 0.8640625 0.05625 0.10062499999999999
2 0.82578125 0.8765625 0.05437499999999999 0.074375
3 0.7296875 0.778125 0.28500000000000003 0.3
4 0.65390625 0.7796875 0.103125 0.336875
4 0.82578125 0.778125 0.05437499999999999 0.35
5 0.7296875 0.671875 0.28500000000000003 0.5549999999999999
0 0.7296875 0.5125 0.28500000000000003 0.9375
