1 0.3407494145199063 0.88515625 0.5817330210772833 0.174375
2 0.14285714285714285 0.86484375 0.10679156908665105 0.14656249999999998
2 0.49414519906323184 0.94609375 0.2135831381733021 0.0328125
3 0.3407494145199063 0.8109375 0.5817330210772833 0.3525
4 0.21779859484777517 0.82109375 0.2866510538641686 0.2690625
4 0.49414519906323184 0.8109375 0.2135831381733021 0.378125
5 0.3407494145199063 0.73125 0.5817330210772833 0.5375
0 0.4262295081967213 0.54375 0.7868852459016393 0.9125
1 0.8208430913348946 0.53515625 0.03091334894613583 0.013125000000000001
2 0.8337236533957846 0.540625 0.0 0.0
2 0.8079625292740047 0.5296875 0.0 0.0
3 0.819672131147541 0.4953125 0.05058548009367681 0.10874999999999999
4 0.8372365339578455 0.49921875 0.008430913348946136 0.11593749999999999
4 0.8032786885245902 0.48984375 0.011241217798594848 0.11156249999999998
5 0.8220140515222483 0.4609375 0.05620608899297424 0.19124999999999998
0 0.8559718969555035 0.38984375 0.13770491803278687 0.361875
