1 0.552570093457944 0.74765625 0.25514018691588786 0.016874999999999998
2 0.633177570093458 0.7484375 0.0616822429906542 0.017499999999999998
2 0.477803738317757 0.746875 0.07570093457943924 0.017499999999999998
3 0.552570093457944 0.7046875 0.25514018691588786 0.12
4 0.633177570093458 0.70703125 0.0616822429906542 0.1334375
4 0.48014018691588783 0.70390625 0.08130841121495326 0.13781249999999998
5 0.552570093457944 0.65078125 0.25514018691588786 0.24937499999999999
0 0.5397196261682243 0.5765625 0.44299065420560746 0.42749999999999994
1 0.5338785046728972 0.73046875 0.5579439252336448 0.073125
2 0.7301401869158879 0.7328125 0.08691588785046728 0.07875
2 0.3399532710280374 0.72734375 0.09252336448598131 0.0765625
3 0.5338785046728972 0.65859375 0.5579439252336448 0.24562499999999998
4 0.7266355140186916 0.6625 0.09532710280373831 0.27562499999999995
4 0.3679906542056075 0.65546875 0.1598130841121495 0.27781249999999996
5 0.5338785046728972 0.5671875 0.5579439252336448 0.46499999999999997
0 0.5338785046728972 0.4375 0.5579439252336448 0.7762499999999999
