1 0.81484375 0.5504694835680751 0.10687499999999998 0.08732394366197183
2 0.77890625 0.5610328638497653 0.020624999999999998 0.07230046948356807
2 0.84296875 0.5387323943661971 0.039375 0.06901408450704224
3 0.8125 0.5199530516431925 0.1125 0.16056338028169012
4 0.7765625 0.5316901408450704 0.026250000000000002 0.1544600938967136
4 0.83984375 0.5082159624413145 0.046875 0.1544600938967136
5 0.79453125 0.49061032863849763 0.15562499999999999 0.23098591549295772
0 0.76015625 0.45774647887323944 0.238125 0.30985915492957744
1 0.971875 0.7089201877934272 0.045 0.005633802816901408
2 0.9875 0.710093896713615 0.0075 0.0032863849765258214
2 0.9609375 0.7077464788732394 0.01875 0.0032863849765258214
3 0.97265625 0.6924882629107981 0.046875 0.04507042253521126
4 0.98828125 0.6936619718309859 0.009375 0.04929577464788732
4 0.96171875 0.6913145539906104 0.020624999999999998 0.04929577464788732
5 0.97265625 0.6748826291079812 0.046875 0.08732394366197183
0 0.97578125 0.6396713615023474 0.0484375 0.17183098591549295
1 0.6359375 0.823943661971831 0.0225 0.005633802816901408
2 0.6265625 0.823943661971831 0.0 0.006572769953051643
2 0.64453125 0.8251173708920188 0.001875 0.0032863849765258214
3 0.6359375 0.8004694835680751 0.0225 0.06197183098591549
4 0.6265625 0.8004694835680751 0.0 0.07230046948356807
4 0.64453125 0.8004694835680751 0.001875 0.07230046948356807
5 0.63515625 0.7746478873239436 0.024375 0.12394366197183097
0 0.6359375 0.7394366197183099 0.04875 0.2084507042253521
