1 0.5286069651741293 0.97421875 0.2537313432835821 0.039375
2 0.5783582089552238 0.97421875 0.13432835820895522 0.0459375
2 0.4465174129353234 0.978125 0.056716417910447764 0.021875
3 0.5286069651741293 0.9015625 0.2537313432835821 0.196875
4 0.5771144278606966 0.9015625 0.1373134328358209 0.196875
4 0.4465174129353234 0.903125 0.056716417910447764 0.19375
5 0.486318407960199 0.8375 0.3552238805970149 0.325
0 0.4253731343283582 0.67421875 0.5014925373134328 0.6515625
1 0.7997512437810945 0.5609375 0.08656716417910447 0.01875
2 0.7736318407960199 0.55390625 0.023880597014925373 0.0021874999999999998
2 0.8134328358208955 0.56484375 0.05373134328358208 0.0109375
3 0.7997512437810945 0.5359375 0.08656716417910447 0.07875
4 0.7873134328358209 0.52890625 0.056716417910447764 0.07218749999999999
4 0.8134328358208955 0.5421875 0.05373134328358208 0.074375
5 0.7935323383084577 0.51484375 0.10149253731343283 0.129375
0 0.7599502487562189 0.46796875 0.182089552238806 0.24187499999999998
