1 0.6328125 0.6639150943396226 0.255 0.30283018867924527
2 0.7390625 0.7900943396226415 0.0 0.0
2 0.5359375 0.5778301886792453 0.0225 0.11226415094339622
3 0.6328125 0.6698113207547169 0.255 0.31698113207547174
4 0.703125 0.7959905660377359 0.08625 0.01650943396226415
4 0.5875 0.6096698113207547 0.14625 0.20141509433962262
5 0.64140625 0.6698113207547169 0.275625 0.31698113207547174
0 0.71171875 0.6721698113207547 0.44437499999999996 0.32264150943396225
1 0.1828125 0.785377358490566 0.09 0.05094339622641509
2 0.19453125 0.7818396226415094 0.061875 0.049528301886792456
2 0.16328125 0.785377358490566 0.043125 0.059433962264150944
3 0.1828125 0.6851415094339622 0.09 0.29150943396226414
4 0.19453125 0.6816037735849056 0.061875 0.330188679245283
4 0.16328125 0.6898584905660378 0.043125 0.3268867924528302
5 0.153125 0.6391509433962265 0.16125 0.4018867924528302
0 0.16328125 0.5436320754716981 0.18562499999999998 0.631132075471698
