1 0.512 0.8558558558558559 0.12 0.04324324324324324
2 0.482 0.8483483483483484 0.048 0.029429429429429426
2 0.538 0.8603603603603603 0.05759999999999999 0.03783783783783784
3 0.512 0.7927927927927928 0.12 0.19459459459459458
4 0.489 0.7912912912912913 0.0648 0.18918918918918917
4 0.538 0.7927927927927928 0.05759999999999999 0.227027027027027
5 0.512 0.7237237237237237 0.12 0.36036036036036034
0 0.534 0.6111111111111112 0.17279999999999998 0.6306306306306306
1 0.974 0.7582582582582582 0.043199999999999995 0.03243243243243243
2 0.986 0.7537537537537538 0.014399999999999998 0.02522522522522522
2 0.966 0.7582582582582582 0.024 0.03783783783783784
3 0.975 0.7177177177177178 0.0456 0.1297297297297297
4 0.987 0.7162162162162162 0.016800000000000002 0.1303303303303303
4 0.966 0.7177177177177178 0.024 0.15135135135135136
5 0.975 0.6891891891891891 0.0456 0.1981981981981982
0 0.97 0.5930930930930931 0.05759999999999999 0.4288288288288288
1 0.804 0.7027027027027027 0.05759999999999999 0.02162162162162162
2 0.818 0.7087087087087087 0.024 0.008408408408408409
2 0.785 0.7027027027027027 0.012 0.02522522522522522
3 0.804 0.6696696696696697 0.05759999999999999 0.10090090090090091
4 0.818 0.6696696696696697 0.024 0.1177177177177177
4 0.785 0.6696696696696697 0.012 0.1177177177177177
5 0.804 0.6396396396396397 0.05759999999999999 0.17297297297297295
0 0.803 0.5780780780780781 0.0696 0.3207207207207207
