1 0.25116822429906543 0.73828125 0.1542056074766355 0.091875
2 0.2850467289719626 0.71953125 0.07289719626168224 0.0546875
2 0.2091121495327103 0.73984375 0.05327102803738318 0.1028125
3 0.26401869158878505 0.67578125 0.18504672897196262 0.24187499999999998
4 0.29789719626168226 0.65703125 0.10373831775700934 0.2296875
4 0.25 0.68515625 0.1514018691588785 0.2559375
5 0.26401869158878505 0.61796875 0.18504672897196262 0.380625
0 0.3679906542056075 0.50390625 0.5186915887850467 0.654375
1 0.8422897196261683 0.77421875 0.14299065420560747 0.129375
2 0.8726635514018691 0.75859375 0.07009345794392523 0.10718749999999999
2 0.8095794392523364 0.79765625 0.06448598130841121 0.08531249999999999
3 0.8411214953271028 0.7328125 0.14579439252336449 0.22875
4 0.8411214953271028 0.7171875 0.14579439252336449 0.22312499999999996
4 0.8095794392523364 0.73671875 0.06448598130841121 0.2559375
5 0.8247663551401869 0.66171875 0.18504672897196262 0.399375
0 0.7908878504672897 0.5234375 0.26635514018691586 0.73125
1 0.5455607476635514 0.84375 0.5467289719626168 0.07875
2 0.35397196261682246 0.83984375 0.08691588785046728 0.0809375
2 0.7336448598130841 0.8578125 0.09532710280373831 0.05249999999999999
3 0.5455607476635514 0.7828125 0.5467289719626168 0.225
4 0.4135514018691589 0.77890625 0.22990654205607475 0.2515625
4 0.7336448598130841 0.79375 0.09532710280373831 0.23187499999999997
5 0.5455607476635514 0.71328125 0.5467289719626168 0.391875
0 0.5455607476635514 0.61953125 0.5467289719626168 0.6168750000000001
