1 0.3875 0.8697916666666666 0.14250000000000002 0.1025
2 0.35390625 0.884375 0.061875 0.07875
2 0.4328125 0.853125 0.033749999999999995 0.07291666666666667
3 0.3921875 0.8395833333333333 0.15375 0.175
4 0.35390625 0.846875 0.061875 0.18374999999999997
4 0.4375 0.8229166666666666 0.045 0.1575
5 0.3921875 0.7645833333333333 0.15375 0.35500000000000004
0 0.425 0.6104166666666667 0.23249999999999998 0.725
1 0.87421875 0.8625 0.125625 0.1
2 0.89609375 0.884375 0.073125 0.05541666666666666
2 0.821875 0.8208333333333333 0.0 0.0
3 0.76953125 0.8510416666666667 0.37687499999999996 0.1275
4 0.79453125 0.884375 0.31687499999999996 0.05541666666666666
4 0.7171875 0.809375 0.25125 0.03208333333333333
5 0.76953125 0.7979166666666667 0.37687499999999996 0.255
0 0.75625 0.5729166666666666 0.40874999999999995 0.7949999999999999
