1 0.21640625 0.95625 0.088125 0.055
2 0.23984375 0.95625 0.031875 0.06416666666666666
2 0.1875 0.9625 0.01875 0.040833333333333326
3 0.21640625 0.90625 0.088125 0.175
4 0.23984375 0.90625 0.031875 0.1875
4 0.1875 0.9052083333333333 0.01875 0.18958333333333333
5 0.21015625 0.85 0.103125 0.3
0 0.190625 0.7208333333333333 0.1725 0.5583333333333333
1 0.346875 0.9635416666666666 0.06375 0.0525
2 0.33828125 0.9583333333333334 0.043125 0.04666666666666666
2 0.3515625 0.965625 0.052500000000000005 0.05541666666666666
3 0.3453125 0.915625 0.06749999999999999 0.16749999999999998
4 0.33828125 0.9104166666666667 0.043125 0.17916666666666667
4 0.3453125 0.915625 0.06749999999999999 0.16875
5 0.3453125 0.8447916666666667 0.06749999999999999 0.3104166666666667
0 0.32890625 0.7375 0.10687499999999998 0.525
1 0.875 0.971875 0.15375 0.05625
2 0.93203125 0.971875 0.016874999999999998 0.05625
2 0.828125 0.9697916666666667 0.041249999999999995 0.049583333333333326
3 0.875 0.9385416666666667 0.15375 0.12291666666666666
4 0.91796875 0.9385416666666667 0.050624999999999996 0.12291666666666666
4 0.828125 0.9416666666666667 0.041249999999999995 0.11666666666666667
5 0.875 0.903125 0.15375 0.19375
0 0.8453125 0.834375 0.225 0.33125
1 0.71953125 0.8864583333333333 0.088125 0.0475
2 0.74453125 0.878125 0.028125 0.03208333333333333
2 0.6953125 0.8927083333333333 0.03 0.03791666666666667
3 0.71953125 0.8614583333333333 0.088125 0.1075
4 0.74453125 0.853125 0.028125 0.10208333333333333
4 0.6953125 0.8625 0.03 0.1225
5 0.71953125 0.8270833333333333 0.088125 0.19
0 0.7125 0.7385416666666667 0.10500000000000001 0.40249999999999997
1 0.4421875 0.9333333333333333 0.10124999999999999 0.05
2 0.46875 0.9270833333333334 0.0375 0.029166666666666667
2 0.4203125 0.9333333333333333 0.04875 0.058333333333333334
3 0.4421875 0.8770833333333333 0.10124999999999999 0.185
4 0.46875 0.86875 0.0375 0.19249999999999998
4 0.4203125 0.8791666666666667 0.04875 0.21
5 0.4421875 0.8270833333333333 0.10124999999999999 0.305
0 0.43359375 0.71875 0.121875 0.5625
1 0.6234375 0.9489583333333333 0.09375 0.0525
2 0.65 0.940625 0.03 0.03791666666666667
2 0.59296875 0.9552083333333333 0.020624999999999998 0.04375
3 0.6234375 0.909375 0.09375 0.1475
4 0.65 0.9010416666666666 0.03 0.14875
4 0.596875 0.9114583333333334 0.03 0.16624999999999998
5 0.6234375 0.8625 0.09375 0.26
0 0.62265625 0.778125 0.118125 0.44375
