1 0.4578125 0.9039812646370023 0.1125 0.10117096018735362
2 0.478125 0.9332552693208431 0.06375 0.0360655737704918
2 0.42890625 0.9039812646370023 0.043125 0.1180327868852459
3 0.46171875 0.8337236533957846 0.121875 0.26978922716627635
4 0.478125 0.8337236533957846 0.06375 0.3147540983606557
4 0.46171875 0.8395784543325527 0.121875 0.29836065573770487
5 0.46171875 0.7540983606557377 0.121875 0.46088992974238874
0 0.46171875 0.5831381733021077 0.121875 0.8337236533957846
1 0.40234375 0.8852459016393442 0.061875 0.10679156908665105
2 0.38671875 0.8501170960187353 0.024375 0.02622950819672131
2 0.409375 0.9086651053864169 0.045 0.05901639344262295
3 0.4203125 0.8114754098360656 0.10500000000000001 0.28384074941451987
4 0.4203125 0.7822014051522248 0.10500000000000001 0.2163934426229508
4 0.409375 0.8114754098360656 0.045 0.3311475409836065
5 0.4203125 0.7295081967213115 0.10500000000000001 0.4805620608899297
0 0.4203125 0.563231850117096 0.10500000000000001 0.8735362997658079
