1 0.427734375 0.82421875 0.0984375 0.05437499999999999
2 0.44921875 0.82421875 0.046875 0.0634375
2 0.408203125 0.8203125 0.0515625 0.05249999999999999
3 0.4287109375 0.77578125 0.10078125 0.170625
4 0.4501953125 0.77890625 0.04921875 0.1903125
4 0.408203125 0.771875 0.0515625 0.188125
5 0.4287109375 0.72421875 0.10078125 0.294375
0 0.431640625 0.6171875 0.140625 0.55125
1 0.56640625 0.82421875 0.0984375 0.046875
2 0.58203125 0.82578125 0.0609375 0.050312499999999996
2 0.5419921875 0.8171875 0.03984375 0.034999999999999996
3 0.56640625 0.76640625 0.0984375 0.18562499999999998
4 0.58203125 0.76640625 0.0609375 0.2165625
4 0.5419921875 0.7609375 0.03984375 0.19249999999999998
5 0.564453125 0.71875 0.103125 0.3
0 0.55078125 0.6125 0.1359375 0.5549999999999999
