1 0.88 0.526 0.1216 0.024
2 0.9106666666666666 0.528 0.048 0.0224
2 0.8533333333333334 0.521 0.05759999999999999 0.014
3 0.88 0.49 0.1216 0.1104
4 0.9106666666666666 0.49 0.048 0.12879999999999997
4 0.8533333333333334 0.485 0.05759999999999999 0.1148
5 0.88 0.451 0.1216 0.204
0 0.9066666666666666 0.366 0.1856 0.408
1 0.6786666666666666 0.593 0.304 0.0312
2 0.58 0.595 0.0672 0.0252
2 0.7853333333333333 0.593 0.048 0.0364
3 0.6786666666666666 0.544 0.304 0.1488
4 0.58 0.543 0.0672 0.17079999999999998
4 0.7706666666666667 0.544 0.0832 0.1736
5 0.6786666666666666 0.499 0.304 0.25680000000000003
0 0.6466666666666666 0.443 0.38079999999999997 0.3912
