1 0.35234375 0.4964788732394366 0.196875 0.04788732394366197
2 0.275 0.49178403755868544 0.01125 0.03615023474178403
2 0.4140625 0.4964788732394366 0.04875 0.05586854460093896
3 0.35703125 0.3685446009389671 0.20812499999999998 0.3549295774647887
4 0.3 0.3626760563380282 0.07125000000000001 0.39765258215962435
4 0.41875 0.3744131455399061 0.06 0.39765258215962435
5 0.35703125 0.3685446009389671 0.20812499999999998 0.3549295774647887
0 0.35078125 0.3075117370892019 0.22312499999999996 0.5014084507042254
1 0.58984375 0.4671361502347418 0.035625000000000004 0.06197183098591549
2 0.575 0.4413145539906103 0.0 0.0
2 0.58984375 0.47300469483568075 0.035625000000000004 0.05586854460093896
3 0.58203125 0.3767605633802817 0.088125 0.27887323943661974
4 0.56015625 0.3544600938967136 0.035625000000000004 0.2431924882629108
4 0.596875 0.3767605633802817 0.052500000000000005 0.32535211267605635
5 0.571875 0.3345070422535211 0.1275 0.38028169014084506
0 0.5546875 0.25234741784037557 0.23249999999999998 0.5046948356807511
