1 0.46015625 0.6804245283018868 0.15562499999999999 0.05377358490566038
2 0.50390625 0.6639150943396226 0.050624999999999996 0.01650943396226415
2 0.39921875 0.6851415094339622 0.009375 0.049528301886792456
3 0.46015625 0.6155660377358491 0.15562499999999999 0.20943396226415092
4 0.5015625 0.5990566037735849 0.05625 0.19811320754716982
4 0.42734375 0.6462264150943396 0.076875 0.1584905660377358
5 0.46015625 0.5790094339622641 0.15562499999999999 0.2971698113207547
0 0.4765625 0.5070754716981132 0.195 0.46981132075471693
1 0.20546875 0.7535377358490566 0.080625 0.06509433962264151
2 0.1859375 0.7370283018867925 0.033749999999999995 0.029716981132075472
2 0.21953125 0.7712264150943396 0.046875 0.02641509433962264
3 0.20546875 0.6992924528301887 0.080625 0.1952830188679245
4 0.1859375 0.6827830188679245 0.033749999999999995 0.18160377358490565
4 0.21953125 0.7158018867924528 0.046875 0.18160377358490565
5 0.1921875 0.6780660377358491 0.1125 0.2462264150943396
0 0.20546875 0.6108490566037735 0.14437499999999998 0.4075471698113207
1 0.32578125 0.7558962264150944 0.14437499999999998 0.04245283018867924
2 0.27734375 0.7405660377358491 0.028125 0.00660377358490566
2 0.36875 0.7665094339622641 0.041249999999999995 0.019811320754716977
3 0.32578125 0.6945754716981132 0.14437499999999998 0.18962264150943395
4 0.3015625 0.6792452830188679 0.08625 0.17830188679245282
4 0.36875 0.7016509433962265 0.041249999999999995 0.20141509433962262
5 0.32578125 0.6945754716981132 0.14437499999999998 0.18962264150943395
0 0.3390625 0.6533018867924528 0.17625 0.28867924528301886
