1 0.6989389920424404 0.8203125 0.18143236074270555 0.13874999999999998
2 0.7029177718832891 0.8375 0.1273209549071618 0.11374999999999999
2 0.6989389920424404 0.7859375 0.18143236074270555 0.065625
3 0.6989389920424404 0.74609375 0.18143236074270555 0.31687499999999996
4 0.7029177718832891 0.74609375 0.1273209549071618 0.3696875
4 0.6989389920424404 0.725 0.18143236074270555 0.23625
5 0.6445623342175066 0.7015625 0.3119363395225464 0.42374999999999996
0 0.6153846153846154 0.58671875 0.3819628647214854 0.699375
1 0.44562334217506633 0.80546875 0.2610079575596817 0.118125
2 0.5172413793103449 0.77734375 0.08912466843501327 0.0590625
2 0.35543766578249336 0.82734375 0.04456233421750663 0.0765625
3 0.44562334217506633 0.753125 0.2610079575596817 0.24375
4 0.5172413793103449 0.725 0.08912466843501327 0.205625
4 0.35543766578249336 0.76953125 0.04456233421750663 0.2384375
5 0.4363395225464191 0.7125 0.28328912466843503 0.34125
0 0.4363395225464191 0.63203125 0.28328912466843503 0.534375
