1 0.372 0.7013333333333334 0.216 0.0192
2 0.456 0.7 0.014399999999999998 0.018666666666666668
2 0.3 0.7053333333333334 0.043199999999999995 0.011199999999999998
3 0.372 0.6613333333333333 0.216 0.11519999999999998
4 0.43 0.6733333333333333 0.0768 0.09333333333333334
4 0.3 0.6613333333333333 0.043199999999999995 0.1344
5 0.372 0.6466666666666666 0.216 0.1504
0 0.352 0.5946666666666667 0.264 0.2752
1 0.045 0.592 0.0456 0.012799999999999999
2 0.031 0.592 0.012 0.014933333333333333
2 0.06 0.5906666666666667 0.0096 0.011199999999999998
3 0.045 0.5693333333333334 0.0456 0.0672
4 0.031 0.5706666666666667 0.012 0.07466666666666667
4 0.054 0.568 0.024 0.07466666666666667
5 0.044 0.5426666666666666 0.048 0.13119999999999998
0 0.038 0.5 0.0624 0.23359999999999997
