1 0.4140625 0.7857142857142857 0.04875 0.0477751756440281
2 0.42109375 0.7775175644028103 0.031875 0.03278688524590164
2 0.403125 0.7892271662763466 0.0225 0.04590163934426229
3 0.39765625 0.7271662763466042 0.088125 0.18829039812646367
4 0.41953125 0.7189695550351288 0.035625000000000004 0.19672131147540983
4 0.38671875 0.7377049180327869 0.061875 0.19016393442622948
5 0.3765625 0.7271662763466042 0.13874999999999998 0.18829039812646367
0 0.36875 0.6475409836065574 0.1575 0.3793911007025761
1 0.48828125 0.7388758782201406 0.09937499999999999 0.09836065573770492
2 0.459375 0.7681498829039812 0.03 0.03278688524590164
2 0.51171875 0.7096018735362998 0.043125 0.03278688524590164
3 0.48828125 0.6967213114754098 0.09937499999999999 0.19953161592505855
4 0.459375 0.7189695550351288 0.03 0.17049180327868851
4 0.496875 0.667447306791569 0.07875 0.15081967213114753
5 0.45625 0.6967213114754098 0.17625 0.19953161592505855
0 0.44453125 0.6334894613583139 0.20437499999999997 0.351288056206089
