1 0.5865603644646925 0.93125 0.37448747152619594 0.0975
2 0.7095671981776766 0.93984375 0.07927107061503416 0.0896875
2 0.49316628701594534 0.91328125 0.15034168564920272 0.0634375
3 0.5865603644646925 0.840625 0.37448747152619594 0.315
4 0.7095671981776766 0.84375 0.07927107061503416 0.3125
4 0.49316628701594534 0.82265625 0.15034168564920272 0.3171875
5 0.5956719817767654 0.7359375 0.39635535307517084 0.528125
0 0.6321184510250569 0.571875 0.48382687927107065 0.85625
1 0.26879271070615035 0.9203125 0.34441913439635535 0.13874999999999998
2 0.3314350797266515 0.896875 0.19407744874715263 0.09624999999999999
2 0.14464692482915717 0.95859375 0.04646924829157175 0.0546875
3 0.26879271070615035 0.84375 0.34441913439635535 0.3125
4 0.3314350797266515 0.8203125 0.19407744874715263 0.310625
4 0.17084282460136674 0.8578125 0.10933940774487472 0.284375
5 0.26879271070615035 0.7390625 0.34441913439635535 0.521875
0 0.3211845102505695 0.57578125 0.47015945330296127 0.8484375
