1 0.421875 0.8187772925764192 0.34125 0.07860262008733625
2 0.553125 0.8286026200873362 0.026250000000000002 0.06419213973799126
2 0.31640625 0.8067685589519651 0.088125 0.05807860262008733
3 0.421875 0.7336244541484717 0.34125 0.28296943231441046
4 0.51484375 0.7336244541484717 0.118125 0.3301310043668122
4 0.340625 0.769650655021834 0.14625 0.16200873362445412
5 0.421875 0.6648471615720524 0.34125 0.44803493449781656
0 0.421875 0.47161572052401746 0.34125 0.9117903930131004
1 0.66796875 0.5731441048034934 0.046875 0.03406113537117904
2 0.6828125 0.574235807860262 0.01125 0.03668122270742358
2 0.6515625 0.5720524017467249 0.0075 0.03668122270742358
3 0.66796875 0.5469432314410481 0.046875 0.09694323144104804
4 0.6828125 0.5491266375545851 0.01125 0.10698689956331878
4 0.6515625 0.5458515283842795 0.0075 0.11004366812227073
5 0.66796875 0.5131004366812227 0.046875 0.1781659388646288
0 0.6703125 0.46397379912663755 0.075 0.2960698689956332
