1 0.284375 0.6850117096018735 0.03 0.08711943793911006
2 0.271875 0.6487119437939111 0.0 0.0
2 0.28671875 0.7060889929742389 0.024375 0.04262295081967213
3 0.284375 0.639344262295082 0.03 0.19672131147540983
4 0.27421875 0.6030444964871194 0.005625 0.12786885245901639
4 0.28671875 0.6510538641686182 0.024375 0.19672131147540983
5 0.2859375 0.5913348946135831 0.052500000000000005 0.311943793911007
0 0.29375 0.5304449648711944 0.13874999999999998 0.45807962529274004
1 0.53125 0.6241217798594848 0.03 0.04215456674473068
2 0.521875 0.6217798594847775 0.0075 0.04262295081967213
2 0.540625 0.6323185011709602 0.0075 0.02622950819672131
3 0.53125 0.6007025761124122 0.03 0.09836065573770492
4 0.521875 0.5983606557377049 0.0075 0.1081967213114754
4 0.540625 0.6053864168618267 0.0075 0.10163934426229508
5 0.53125 0.5807962529274004 0.03 0.14613583138173303
0 0.5328125 0.5585480093676815 0.06 0.19953161592505855
