1 0.716 0.86875 0.1824 0.183
2 0.768 0.8425 0.05759999999999999 0.14
2 0.656 0.9175 0.0384 0.077
3 0.735 0.795 0.228 0.36
4 0.787 0.8275 0.1032 0.182
4 0.657 0.795 0.040799999999999996 0.41
5 0.735 0.72875 0.228 0.519
0 0.716 0.52875 0.27359999999999995 0.9425
1 0.231 0.8675 0.1752 0.18599999999999997
2 0.278 0.8425 0.0624 0.147
2 0.171 0.915 0.0312 0.08399999999999999
3 0.248 0.8 0.216 0.348
4 0.295 0.8275 0.1032 0.18899999999999997
4 0.171 0.8 0.0312 0.4
5 0.248 0.7275 0.216 0.5219999999999999
0 0.226 0.5275 0.26880000000000004 0.945
