1 0.5108695652173914 0.74921875 0.12 0.073125
2 0.5445652173913044 0.746875 0.0391304347826087 0.07875
2 0.47608695652173916 0.753125 0.036521739130434785 0.074375
3 0.5152173913043478 0.68984375 0.13043478260869565 0.215625
4 0.5489130434782609 0.6875 0.04956521739130435 0.24499999999999997
4 0.47608695652173916 0.6921875 0.036521739130434785 0.24499999999999997
5 0.5195652173913043 0.62734375 0.1408695652173913 0.365625
0 0.5239130434782608 0.4796875 0.2921739130434783 0.72
1 0.25869565217391305 0.7765625 0.1826086956521739 0.05625
2 0.30434782608695654 0.771875 0.07304347826086957 0.05249999999999999
2 0.21304347826086956 0.77734375 0.07304347826086957 0.0634375
3 0.25869565217391305 0.71328125 0.1826086956521739 0.20812499999999998
4 0.30434782608695654 0.70859375 0.07304347826086957 0.2296875
4 0.21304347826086956 0.71328125 0.07304347826086957 0.24281249999999996
5 0.25869565217391305 0.64921875 0.1826086956521739 0.361875
0 0.24565217391304348 0.4984375 0.271304347826087 0.72375
1 0.7663043478260869 0.74921875 0.17478260869565215 0.046875
2 0.808695652173913 0.746875 0.07304347826086957 0.04375
2 0.7086956521739131 0.74921875 0.036521739130434785 0.0546875
3 0.7663043478260869 0.66875 0.17478260869565215 0.24
4 0.808695652173913 0.6671875 0.07304347826086957 0.266875
4 0.7119565217391305 0.66875 0.04434782608695652 0.27999999999999997
5 0.7673913043478261 0.603125 0.17739130434782607 0.39749999999999996
0 0.7923913043478261 0.471875 0.2373913043478261 0.7125
