1 0.6901408450704225 0.58125 0.14084507042253522 0.0225
2 0.7136150234741784 0.584375 0.08450704225352113 0.017499999999999998
2 0.6596244131455399 0.5796875 0.0676056338028169 0.021875
3 0.6748826291079812 0.546875 0.17746478873239435 0.10500000000000001
4 0.7053990610328639 0.546875 0.10422535211267606 0.12249999999999998
4 0.6443661971830986 0.55078125 0.10422535211267606 0.1028125
5 0.6607981220657277 0.5125 0.2112676056338028 0.1875
0 0.6197183098591549 0.44453125 0.30985915492957744 0.350625
1 0.4859154929577465 0.571875 0.11267605633802817 0.0225
2 0.5 0.5734375 0.07887323943661972 0.021875
2 0.4636150234741784 0.571875 0.059154929577464786 0.026249999999999996
3 0.4823943661971831 0.540625 0.12112676056338029 0.0975
4 0.4988262910798122 0.540625 0.08169014084507041 0.11374999999999999
4 0.460093896713615 0.546875 0.0676056338028169 0.09624999999999999
5 0.47300469483568075 0.5 0.14366197183098592 0.195
0 0.4706572769953052 0.43671875 0.14929577464788732 0.346875
