1 0.1546875 0.71328125 0.195 0.065625
2 0.09453125 0.71328125 0.050624999999999996 0.0765625
2 0.2171875 0.7125 0.045 0.026249999999999996
3 0.1546875 0.659375 0.195 0.195
4 0.11171875 0.66015625 0.091875 0.22531249999999997
4 0.2171875 0.65 0.045 0.20124999999999998
5 0.1671875 0.584375 0.225 0.375
0 0.178125 0.46796875 0.25125 0.654375
1 0.95 0.36015625 0.075 0.009375
2 0.978125 0.3625 0.0075 0.0043749999999999995
2 0.928125 0.359375 0.0225 0.008749999999999999
3 0.95 0.34140625 0.075 0.05437499999999999
4 0.9765625 0.34140625 0.01125 0.0634375
4 0.93046875 0.34453125 0.028125 0.050312499999999996
5 0.95 0.3203125 0.075 0.10500000000000001
0 0.9453125 0.284375 0.08625 0.19124999999999998
1 0.875 0.346875 0.09375 0.01125
2 0.83984375 0.34609375 0.009375 0.0109375
2 0.9015625 0.34765625 0.03 0.0109375
3 0.875 0.33203125 0.09375 0.046875
4 0.8515625 0.33125 0.0375 0.05249999999999999
4 0.9015625 0.33203125 0.03 0.0546875
5 0.875 0.3109375 0.09375 0.0975
0 0.875 0.27734375 0.09375 0.178125
