1 0.38875878220140514 0.80703125 0.14613583138173303 0.035625000000000004
2 0.4309133489461358 0.79765625 0.04496487119437939 0.015312499999999998
2 0.34660421545667447 0.81796875 0.04496487119437939 0.0109375
3 0.38875878220140514 0.7859375 0.14613583138173303 0.08625
4 0.4297423887587822 0.7765625 0.0477751756440281 0.074375
4 0.34660421545667447 0.7890625 0.04496487119437939 0.091875
5 0.38875878220140514 0.75859375 0.14613583138173303 0.151875
0 0.38524590163934425 0.7 0.15456674473067916 0.2925
1 0.7587822014051522 0.665625 0.03934426229508197 0.041249999999999995
2 0.7517564402810304 0.67734375 0.022482435597189696 0.015312499999999998
2 0.7740046838407494 0.65 0.002810304449648712 0.0043749999999999995
3 0.7587822014051522 0.659375 0.03934426229508197 0.05625
4 0.752927400468384 0.6609375 0.025292740046838406 0.06124999999999999
4 0.7587822014051522 0.64375 0.03934426229508197 0.021875
5 0.7587822014051522 0.6421875 0.03934426229508197 0.0975
0 0.7576112412177985 0.61875 0.04215456674473068 0.15375
