1 0.023958333333333335 0.5640625 0.0325 0.01125
2 0.011458333333333333 0.5640625 0.0025 0.013124999999999998
2 0.035416666666666666 0.56484375 0.005 0.006562499999999999
3 0.023958333333333335 0.5390625 0.042499999999999996 0.07125000000000001
4 0.009375 0.540625 0.007499999999999999 0.07875
4 0.0375 0.53828125 0.01 0.0809375
5 0.027083333333333334 0.51796875 0.05 0.121875
0 0.03125 0.47109375 0.0625 0.234375
1 0.628125 0.57734375 0.07749999999999999 0.013125000000000001
2 0.6020833333333333 0.5765625 0.014999999999999998 0.013124999999999998
2 0.6510416666666666 0.5796875 0.0225 0.008749999999999999
3 0.628125 0.5484375 0.07749999999999999 0.08249999999999999
4 0.6125 0.54765625 0.04 0.0940625
4 0.6510416666666666 0.55 0.0225 0.091875
5 0.6322916666666667 0.51953125 0.0875 0.151875
0 0.6385416666666667 0.4734375 0.1025 0.2625
