1 0.314 0.9447852760736196 0.1296 0.0736196319018405
2 0.295 0.9447852760736196 0.0792 0.08588957055214724
2 0.314 0.9309815950920245 0.1296 0.02147239263803681
3 0.314 0.8174846625766872 0.1296 0.36503067484662577
4 0.304 0.8174846625766872 0.1008 0.36503067484662577
4 0.314 0.8052147239263804 0.1296 0.3736196319018405
5 0.312 0.7024539877300614 0.13440000000000002 0.5950920245398773
0 0.346 0.5122699386503068 0.336 0.9754601226993865
1 0.472 0.9187116564417178 0.11519999999999998 0.06993865030674846
2 0.438 0.9233128834355828 0.033600000000000005 0.06871165644171778
2 0.494 0.9079754601226994 0.0624 0.05153374233128834
3 0.472 0.799079754601227 0.11519999999999998 0.3570552147239264
4 0.438 0.799079754601227 0.033600000000000005 0.401840490797546
4 0.494 0.7914110429447853 0.0624 0.37791411042944784
5 0.472 0.6687116564417178 0.11519999999999998 0.6625766871165644
0 0.475 0.5230061349693251 0.1656 0.9539877300613497
