1 0.7578125 0.8931924882629108 0.13874999999999998 0.025352112676056335
2 0.79140625 0.8931924882629108 0.058124999999999996 0.029577464788732393
2 0.72578125 0.8967136150234741 0.061875 0.019718309859154928
3 0.7578125 0.8110328638497653 0.13874999999999998 0.22253521126760561
4 0.79140625 0.812206572769953 0.058124999999999996 0.2563380281690141
4 0.72578125 0.8110328638497653 0.061875 0.2596244131455399
5 0.7578125 0.721830985915493 0.13874999999999998 0.43661971830985913
0 0.7734375 0.5809859154929577 0.19124999999999998 0.7746478873239436
1 0.40859375 0.7969483568075117 0.09562499999999999 0.04788732394366197
2 0.4390625 0.7981220657276995 0.0225 0.05258215962441314
2 0.37421875 0.7887323943661971 0.013125000000000001 0.03286384976525822
3 0.40859375 0.7241784037558685 0.09562499999999999 0.22253521126760561
4 0.43515625 0.7241784037558685 0.031875 0.2596244131455399
4 0.37421875 0.7194835680751174 0.013125000000000001 0.22676056338028167
5 0.40859375 0.6373239436619719 0.09562499999999999 0.4309859154929577
0 0.39296875 0.5023474178403756 0.140625 0.7549295774647886
