1 0.30703125 0.5854166666666667 0.05437499999999999 0.005
2 0.325 0.5854166666666667 0.01125 0.005833333333333333
2 0.28984375 0.5854166666666667 0.013125000000000001 0.005833333333333333
3 0.30703125 0.5625 0.05437499999999999 0.05999999999999999
4 0.325 0.5635416666666667 0.01125 0.06708333333333333
4 0.29375 0.5625 0.0225 0.06999999999999999
5 0.30703125 0.5427083333333333 0.05437499999999999 0.1075
0 0.3109375 0.50625 0.06375 0.19499999999999998
1 0.14609375 0.6083333333333333 0.035625000000000004 0.014999999999999998
2 0.15390625 0.609375 0.016874999999999998 0.014583333333333334
2 0.134375 0.6083333333333333 0.0075 0.017499999999999998
3 0.14609375 0.5885416666666666 0.035625000000000004 0.0625
4 0.15390625 0.5885416666666666 0.016874999999999998 0.07291666666666667
4 0.1359375 0.5885416666666666 0.01125 0.07291666666666667
5 0.14609375 0.56875 0.035625000000000004 0.11
0 0.15 0.525 0.06375 0.215
