1 0.7734375 0.9578454332552693 0.06 0.01686182669789227
2 0.7734375 0.9590163934426229 0.06 0.01639344262295082
2 0.7921875 0.9508196721311475 0.0 0.0
3 0.7734375 0.8817330210772834 0.06 0.19953161592505855
4 0.7734375 0.8817330210772834 0.06 0.23278688524590163
4 0.78125 0.8747072599531616 0.026250000000000002 0.21311475409836064
5 0.7734375 0.8208430913348946 0.06 0.34566744730679155
0 0.77734375 0.6967213114754098 0.121875 0.6065573770491803
1 0.27109375 0.892271662763466 0.170625 0.10679156908665105
2 0.30703125 0.8957845433255269 0.084375 0.11475409836065574
2 0.22265625 0.8723653395784543 0.05437499999999999 0.06885245901639343
3 0.27109375 0.7505854800936768 0.170625 0.44683840749414516
4 0.30703125 0.7576112412177985 0.084375 0.4847775175644028
4 0.22265625 0.7306791569086651 0.05437499999999999 0.46557377049180326
5 0.27109375 0.6323185011709602 0.170625 0.7306791569086651
0 0.28515625 0.47540983606557374 0.268125 0.9508196721311475
