1 0.5269320843091335 0.7296875 0.185480093676815 0.06
2 0.5737704918032787 0.73125 0.07306791569086651 0.065625
2 0.4707259953161593 0.7265625 0.05058548009367681 0.06124999999999999
3 0.5269320843091335 0.68203125 0.185480093676815 0.174375
4 0.5737704918032787 0.68203125 0.07306791569086651 0.2034375
4 0.4707259953161593 0.6796875 0.05058548009367681 0.19249999999999998
5 0.5269320843091335 0.63125 0.185480093676815 0.29625
0 0.5046838407494145 0.51640625 0.2388758782201405 0.571875
1 0.32084309133489464 0.915625 0.11241217798594848 0.07875
2 0.3407494145199063 0.90390625 0.05901639344262295 0.0590625
2 0.32084309133489464 0.9265625 0.11241217798594848 0.06124999999999999
3 0.3149882903981265 0.8453125 0.12646370023419204 0.2475
4 0.3372365339578454 0.83359375 0.06744730679156909 0.2559375
4 0.3149882903981265 0.84765625 0.12646370023419204 0.2821875
5 0.30210772833723654 0.759375 0.15737704918032788 0.45375
0 0.2646370023419204 0.60234375 0.24730679156908664 0.7953125
1 0.7728337236533958 0.86015625 0.2135831381733021 0.133125
2 0.7962529274004684 0.89921875 0.15737704918032788 0.0459375
2 0.7353629976580797 0.8140625 0.12365339578454332 0.026249999999999996
3 0.7728337236533958 0.78671875 0.2135831381733021 0.309375
4 0.7962529274004684 0.80703125 0.15737704918032788 0.3040625
4 0.7353629976580797 0.740625 0.12365339578454332 0.23187499999999997
5 0.7728337236533958 0.71171875 0.2135831381733021 0.489375
0 0.7587822014051522 0.53984375 0.24730679156908664 0.9018749999999999
