1 0.79375 0.951764705882353 0.26999999999999996 0.06494117647058822
2 0.6953125 0.9352941176470588 0.033749999999999995 0.029647058823529412
2 0.8921875 0.9741176470588235 0.033749999999999995 0.013176470588235293
3 0.79375 0.94 0.26999999999999996 0.09317647058823529
4 0.72265625 0.9294117647058824 0.09937499999999999 0.04611764705882353
4 0.884375 0.94 0.052500000000000005 0.10870588235294117
5 0.79375 0.9188235294117647 0.26999999999999996 0.144
0 0.79375 0.8635294117647059 0.26999999999999996 0.27294117647058824
1 0.44765625 0.9658823529411765 0.271875 0.042352941176470586
2 0.3375 0.9505882352941176 0.0075 0.0065882352941176465
2 0.55078125 0.971764705882353 0.024375 0.03294117647058824
3 0.44765625 0.9411764705882353 0.271875 0.1016470588235294
4 0.36875 0.9423529411764706 0.08249999999999999 0.029647058823529412
4 0.54140625 0.9411764705882353 0.046875 0.11764705882352941
5 0.44765625 0.928235294117647 0.271875 0.13270588235294117
0 0.44765625 0.8717647058823529 0.271875 0.2564705882352941
1 0.13984375 0.9423529411764706 0.238125 0.031058823529411764
2 0.0484375 0.9552941176470588 0.01875 0.0
2 0.23203125 0.9388235294117647 0.016874999999999998 0.026352941176470586
3 0.13984375 0.9270588235294117 0.238125 0.06776470588235294
4 0.07109375 0.9352941176470588 0.073125 0.055999999999999994
4 0.22265625 0.9235294117647059 0.039375 0.0691764705882353
5 0.13984375 0.9105882352941177 0.238125 0.10729411764705883
0 0.13984375 0.8552941176470589 0.238125 0.24
1 0.5171875 0.6352941176470588 0.23625 0.07341176470588236
2 0.43203125 0.6188235294117647 0.031875 0.039529411764705875
2 0.60234375 0.6552941176470588 0.031875 0.029647058823529412
3 0.5171875 0.6247058823529412 0.23625 0.0988235294117647
4 0.459375 0.6188235294117647 0.0975 0.039529411764705875
4 0.59765625 0.6247058823529412 0.043125 0.11529411764705882
5 0.5171875 0.5929411764705882 0.23625 0.17505882352941174
0 0.5296875 0.5552941176470588 0.26625 0.26541176470588235
1 0.8703125 0.31058823529411766 0.195 0.05647058823529412
2 0.796875 0.3235294117647059 0.01875 0.029647058823529412
2 0.94765625 0.29764705882352943 0.009375 0.029647058823529412
3 0.8703125 0.30117647058823527 0.195 0.07905882352941176
4 0.81015625 0.31058823529411766 0.050624999999999996 0.06588235294117648
4 0.93828125 0.28823529411764703 0.031875 0.055999999999999994
5 0.8703125 0.27176470588235296 0.195 0.1496470588235294
0 0.8703125 0.22470588235294117 0.195 0.2625882352941176
1 0.30078125 0.2917647058823529 0.043125 0.13552941176470587
2 0.28515625 0.3411764705882353 0.005625 0.019764705882352938
2 0.31796875 0.2388235294117647 0.001875 0.009882352941176469
3 0.303125 0.2564705882352941 0.04875 0.22023529411764706
4 0.28671875 0.30470588235294116 0.009375 0.12188235294117647
4 0.3203125 0.20352941176470588 0.0075 0.10870588235294117
5 0.303125 0.2564705882352941 0.04875 0.22023529411764706
0 0.29140625 0.2023529411764706 0.084375 0.3501176470588235
1 0.40390625 0.2823529411764706 0.046875 0.15811764705882353
2 0.38828125 0.3423529411764706 0.009375 0.01647058823529412
2 0.4234375 0.2188235294117647 0.0 0.0065882352941176465
3 0.40390625 0.2823529411764706 0.046875 0.15811764705882353
4 0.390625 0.3070588235294118 0.015 0.11529411764705882
5 0.40625 0.26588235294117646 0.052500000000000005 0.1976470588235294
0 0.39765625 0.20941176470588235 0.09562499999999999 0.3331764705882353
1 0.525 0.3164705882352941 0.0975 0.08188235294117646
2 0.48671875 0.3458823529411765 0.005625 0.013176470588235293
2 0.5640625 0.2858823529411765 0.00375 0.009882352941176469
3 0.525 0.29294117647058826 0.0975 0.1383529411764706
4 0.4984375 0.31058823529411766 0.033749999999999995 0.11199999999999999
4 0.55625 0.26235294117647057 0.0225 0.07576470588235293
5 0.525 0.2752941176470588 0.0975 0.18070588235294116
0 0.51796875 0.21764705882352942 0.114375 0.31905882352941173
1 0.1921875 0.31882352941176473 0.05625 0.06494117647058822
2 0.1734375 0.3411764705882353 0.01125 0.013176470588235293
2 0.21171875 0.2964705882352941 0.009375 0.013176470588235293
3 0.1921875 0.28 0.05625 0.15811764705882353
4 0.1734375 0.3035294117647059 0.01125 0.11858823529411765
4 0.21171875 0.2576470588235294 0.009375 0.12188235294117647
5 0.1921875 0.2611764705882353 0.05625 0.2032941176470588
0 0.17890625 0.2 0.088125 0.3501176470588235
1 0.07109375 0.3388235294117647 0.028125 0.02823529411764706
2 0.06328125 0.34352941176470586 0.009375 0.019764705882352938
2 0.07421875 0.3352941176470588 0.020624999999999998 0.023058823529411764
3 0.07890625 0.3023529411764706 0.046875 0.11576470588235294
4 0.06328125 0.3058823529411765 0.009375 0.12517647058823528
4 0.08203125 0.2988235294117647 0.039375 0.12517647058823528
5 0.0765625 0.27294117647058824 0.052500000000000005 0.18635294117647058
0 0.0703125 0.2023529411764706 0.07875 0.3557647058823529
1 0.671875 0.3176470588235294 0.1575 0.06211764705882353
2 0.6109375 0.33647058823529413 0.01125 0.019764705882352938
2 0.73203125 0.2964705882352941 0.013125000000000001 0.013176470588235293
3 0.671875 0.29294117647058826 0.1575 0.12141176470588236
4 0.62734375 0.3058823529411765 0.050624999999999996 0.10541176470588234
4 0.71875 0.27176470588235296 0.045 0.08235294117647059
5 0.671875 0.2847058823529412 0.1575 0.1411764705882353
0 0.671875 0.2235294117647059 0.1575 0.288
