1 0.6526806526806527 0.8203125 0.11188811188811189 0.033749999999999995
2 0.6177156177156177 0.82265625 0.027972027972027972 0.0196875
2 0.6806526806526807 0.8203125 0.044755244755244755 0.039375
3 0.6480186480186481 0.78046875 0.12307692307692307 0.129375
4 0.6130536130536131 0.78203125 0.039160839160839164 0.1334375
4 0.6806526806526807 0.78046875 0.044755244755244755 0.1509375
5 0.6410256410256411 0.77734375 0.13986013986013987 0.136875
0 0.6188811188811189 0.7125 0.193006993006993 0.2925
1 0.4522144522144522 0.82265625 0.055944055944055944 0.020624999999999998
2 0.4289044289044289 0.8140625 0.0 0.0
2 0.4662004662004662 0.82421875 0.022377622377622378 0.0196875
3 0.44522144522144524 0.79765625 0.07272727272727272 0.080625
4 0.4219114219114219 0.7890625 0.016783216783216783 0.06999999999999999
4 0.4662004662004662 0.79765625 0.022377622377622378 0.0940625
5 0.44755244755244755 0.78671875 0.07832167832167833 0.10687499999999998
0 0.4405594405594406 0.71875 0.16783216783216784 0.26999999999999996
