1 0.247 0.7102102102102102 0.0792 0.09729729729729729
2 0.239 0.6876876876876877 0.06 0.05045045045045044
2 0.261 0.7462462462462462 0.0456 0.01261261261261261
3 0.247 0.6741741741741741 0.0792 0.18378378378378377
4 0.239 0.6516516516516516 0.06 0.15135135135135136
4 0.256 0.6966966966966966 0.05759999999999999 0.15135135135135136
5 0.234 0.6306306306306306 0.1104 0.2882882882882883
0 0.234 0.5570570570570571 0.1104 0.46486486486486484
1 0.668 0.6441441441441441 0.043199999999999995 0.07567567567567568
2 0.675 0.6276276276276276 0.0264 0.042042042042042045
2 0.667 0.6666666666666666 0.040799999999999996 0.02522522522522522
3 0.668 0.6126126126126126 0.043199999999999995 0.15135135135135136
4 0.675 0.5960960960960962 0.0264 0.1303303303303303
4 0.667 0.6186186186186187 0.040799999999999996 0.15975975975975976
5 0.664 0.551051051051051 0.0528 0.2990990990990991
0 0.678 0.47597597597597596 0.08639999999999999 0.47927927927927927
