1 0.4263888888888889 0.606 0.8527777777777777 0.788
2 0.07361111111111111 0.904 0.06333333333333334 0.192
2 0.7388888888888889 0.26 0.15999999999999998 0.061599999999999995
3 0.4263888888888889 0.606 0.8527777777777777 0.788
4 0.20277777777777778 0.904 0.37333333333333335 0.192
4 0.725 0.373 0.19333333333333333 0.378
5 0.4263888888888889 0.606 0.8527777777777777 0.788
0 0.4736111111111111 0.606 0.9472222222222222 0.788
1 0.0875 0.673 0.175 0.1704
2 0.11527777777777778 0.622 0.12333333333333332 0.056
2 0.05416666666666667 0.72 0.10833333333333334 0.06719999999999998
3 0.15833333333333333 0.714 0.31666666666666665 0.26880000000000004
4 0.18611111111111112 0.632 0.29333333333333333 0.084
4 0.10694444444444444 0.761 0.21388888888888888 0.182
5 0.19166666666666668 0.714 0.38333333333333336 0.26880000000000004
0 0.34305555555555556 0.582 0.6861111111111111 0.5856
