1 0.66875 0.8585858585858586 0.13499999999999998 0.08888888888888888
2 0.6234375 0.8779461279461279 0.026250000000000002 0.016498316498316498
2 0.70625 0.8585858585858586 0.045 0.1037037037037037
3 0.66875 0.8063973063973064 0.13499999999999998 0.21414141414141413
4 0.6234375 0.8055555555555556 0.026250000000000002 0.21919191919191916
4 0.70546875 0.8063973063973064 0.046875 0.2498316498316498
5 0.66875 0.7314814814814815 0.13499999999999998 0.3939393939393939
0 0.6359375 0.5875420875420876 0.21374999999999997 0.7393939393939394
1 0.4 0.6691919191919192 0.04875 0.026262626262626262
2 0.4015625 0.6734006734006734 0.045 0.018855218855218854
2 0.39375 0.664983164983165 0.033749999999999995 0.018855218855218854
3 0.4 0.6380471380471381 0.04875 0.10101010101010101
4 0.4015625 0.6380471380471381 0.045 0.11784511784511785
4 0.39375 0.6346801346801347 0.033749999999999995 0.1037037037037037
5 0.4 0.6060606060606061 0.04875 0.17777777777777776
0 0.390625 0.5462962962962963 0.07125000000000001 0.32121212121212117
