1 0.1640625 0.8126463700234192 0.07125000000000001 0.07306791569086651
2 0.14140625 0.8266978922716628 0.016874999999999998 0.04590163934426229
2 0.18046875 0.810304449648712 0.031875 0.07868852459016393
3 0.17109375 0.7540983606557377 0.088125 0.2135831381733021
4 0.1421875 0.7704918032786885 0.01875 0.20327868852459016
4 0.1875 0.7517564402810304 0.04875 0.2426229508196721
5 0.17109375 0.7084309133489461 0.088125 0.3231850117096019
0 0.16796875 0.5983606557377049 0.159375 0.5873536299765808
1 0.48203125 0.8313817330210773 0.103125 0.03372365339578454
2 0.45390625 0.8266978922716628 0.035625000000000004 0.02622950819672131
2 0.503125 0.832552693208431 0.052500000000000005 0.0360655737704918
3 0.48203125 0.765807962529274 0.103125 0.1911007025761124
4 0.45390625 0.7611241217798594 0.035625000000000004 0.2098360655737705
4 0.503125 0.765807962529274 0.052500000000000005 0.22295081967213112
5 0.48203125 0.7049180327868853 0.103125 0.3372365339578454
0 0.4875 0.6288056206088993 0.11624999999999999 0.5199063231850117
