1 0.7365967365967366 0.80703125 0.13426573426573427 0.016874999999999998
2 0.7797202797202797 0.8078125 0.030769230769230767 0.017499999999999998
2 0.6981351981351981 0.80546875 0.04195804195804196 0.015312499999999998
3 0.7365967365967366 0.77421875 0.13426573426573427 0.09562499999999999
4 0.7797202797202797 0.77421875 0.030769230769230767 0.11156249999999998
4 0.7016317016317016 0.77265625 0.050349650349650346 0.10718749999999999
5 0.7412587412587412 0.73125 0.14545454545454545 0.19874999999999998
0 0.7878787878787878 0.646875 0.2573426573426573 0.40125
1 0.5011655011655012 0.87890625 0.26853146853146853 0.05437499999999999
2 0.583916083916084 0.8625 0.06993006993006994 0.017499999999999998
2 0.4289044289044289 0.89296875 0.0951048951048951 0.024062499999999997
3 0.5011655011655012 0.8171875 0.26853146853146853 0.20249999999999999
4 0.583916083916084 0.80078125 0.06993006993006994 0.1903125
4 0.4324009324009324 0.8453125 0.1034965034965035 0.1575
5 0.5011655011655012 0.7828125 0.26853146853146853 0.28500000000000003
0 0.5244755244755245 0.696875 0.32447552447552447 0.49124999999999996
