1 0.676 0.6516516516516516 0.216 0.14414414414414414
2 0.606 0.6876876876876877 0.048 0.06726726726726727
2 0.75 0.6171171171171171 0.0384 0.07147147147147147
3 0.676 0.6441441441441441 0.216 0.16216216216216217
4 0.609 0.6591591591591591 0.0552 0.14714714714714713
4 0.725 0.6096096096096096 0.09839999999999999 0.09249249249249249
5 0.676 0.6156156156156156 0.216 0.23063063063063063
0 0.656 0.5435435435435435 0.264 0.40360360360360364
1 0.384 0.3108108108108108 0.096 0.018018018018018018
2 0.42 0.3108108108108108 0.0096 0.021021021021021023
2 0.35 0.30930930930930933 0.014399999999999998 0.016816816816816817
3 0.384 0.2852852852852853 0.096 0.07927927927927927
4 0.42 0.2852852852852853 0.0096 0.09249249249249249
4 0.35 0.2852852852852853 0.014399999999999998 0.08408408408408409
5 0.384 0.27627627627627627 0.096 0.10090090090090091
0 0.384 0.23273273273273273 0.096 0.2054054054054054
