1 0.3234375 0.7895833333333333 0.2925 0.045
2 0.2109375 0.78125 0.0225 0.029166666666666667
2 0.43671875 0.8010416666666667 0.020624999999999998 0.020416666666666663
3 0.3234375 0.746875 0.2925 0.1475
4 0.23515625 0.740625 0.080625 0.14291666666666666
4 0.4234375 0.746875 0.052500000000000005 0.1720833333333333
5 0.3234375 0.7052083333333333 0.2925 0.2475
0 0.32734375 0.60625 0.301875 0.485
1 0.83515625 0.7083333333333334 0.09562499999999999 0.145
2 0.82265625 0.759375 0.065625 0.02625
2 0.8515625 0.6541666666666667 0.05625 0.017499999999999998
3 0.83515625 0.68125 0.09562499999999999 0.21
4 0.82265625 0.6989583333333333 0.065625 0.19541666666666666
4 0.84765625 0.6270833333333333 0.065625 0.09333333333333332
5 0.83515625 0.6677083333333333 0.09562499999999999 0.2425
0 0.81484375 0.5958333333333333 0.14437499999999998 0.415
1 0.66484375 0.6854166666666667 0.035625000000000004 0.075
2 0.66484375 0.70625 0.035625000000000004 0.029166666666666667
2 0.6578125 0.6541666666666667 0.0 0.0
3 0.63203125 0.6375 0.114375 0.19
4 0.640625 0.665625 0.09375 0.14291666666666666
4 0.62109375 0.60625 0.088125 0.13416666666666666
5 0.64453125 0.6375 0.14437499999999998 0.19
0 0.63125 0.5885416666666666 0.17625 0.3075
