1 0.77109375 0.7112676056338029 0.125625 0.10704225352112677
2 0.7265625 0.744131455399061 0.01875 0.03286384976525822
2 0.8046875 0.6713615023474179 0.045 0.013145539906103286
3 0.77109375 0.6267605633802817 0.125625 0.30985915492957744
4 0.72734375 0.6549295774647887 0.020624999999999998 0.28262910798122065
4 0.78671875 0.5868544600938967 0.088125 0.24976525821596243
5 0.76015625 0.6267605633802817 0.151875 0.30985915492957744
0 0.72109375 0.5563380281690141 0.24562499999999998 0.4788732394366197
1 0.3046875 0.7359154929577465 0.21374999999999997 0.0647887323943662
2 0.384375 0.7312206572769953 0.0225 0.06244131455399061
2 0.22890625 0.7359154929577465 0.031875 0.07558685446009389
3 0.3046875 0.6584507042253521 0.21374999999999997 0.2507042253521127
4 0.384375 0.6643192488262911 0.0225 0.24976525821596243
4 0.23671875 0.6584507042253521 0.050624999999999996 0.2924882629107981
5 0.3046875 0.6514084507042254 0.21374999999999997 0.2676056338028169
0 0.3046875 0.5375586854460094 0.21374999999999997 0.5408450704225352
