1 0.58125 0.5913348946135831 0.1275 0.0477751756440281
2 0.58125 0.5866510538641686 0.1275 0.04262295081967213
2 0.59609375 0.6042154566744731 0.013125000000000001 0.019672131147540982
3 0.56796875 0.5374707259953162 0.159375 0.17704918032786884
4 0.56953125 0.5327868852459017 0.15562499999999999 0.19344262295081965
4 0.5515625 0.5714285714285714 0.12 0.11147540983606556
5 0.53515625 0.5374707259953162 0.238125 0.17704918032786884
0 0.53515625 0.4859484777517564 0.238125 0.3007025761124122
1 0.0640625 0.6791569086651054 0.09375 0.14613583138173303
2 0.0640625 0.7271662763466042 0.09375 0.0360655737704918
2 0.046875 0.6194379391100703 0.026250000000000002 0.003278688524590164
3 0.10234375 0.6791569086651054 0.18562499999999998 0.14613583138173303
4 0.10234375 0.6978922716627635 0.18562499999999998 0.1180327868852459
4 0.09375 0.6206088992974239 0.13874999999999998 0.006557377049180328
5 0.14375 0.6709601873536299 0.28500000000000003 0.165807962529274
0 0.1703125 0.6252927400468384 0.340625 0.27540983606557373
1 0.7484375 0.6451990632318502 0.045 0.07587822014051522
2 0.7484375 0.6709601873536299 0.045 0.01639344262295082
2 0.74375 0.6311475409836066 0.026250000000000002 0.04918032786885246
3 0.7609375 0.6311475409836066 0.16125 0.10960187353629976
4 0.77890625 0.6510538641686182 0.118125 0.0721311475409836
4 0.72421875 0.617096018735363 0.073125 0.08852459016393442
5 0.7609375 0.6311475409836066 0.16125 0.10960187353629976
0 0.7609375 0.5421545667447307 0.16125 0.3231850117096019
1 0.74921875 0.7459016393442623 0.133125 0.05901639344262295
2 0.72265625 0.7540983606557377 0.06937499999999999 0.04590163934426229
2 0.78125 0.7423887587822015 0.05625 0.05901639344262295
3 0.74140625 0.7271662763466042 0.151875 0.10398126463700234
4 0.71484375 0.7459016393442623 0.088125 0.06885245901639343
4 0.746875 0.7236533957845434 0.13874999999999998 0.11147540983606556
5 0.690625 0.724824355971897 0.27375 0.10960187353629976
0 0.640625 0.6779859484777517 0.39375 0.22201405152224823
