1 0.45078125 0.8286384976525821 0.196875 0.14647887323943662
2 0.49921875 0.784037558685446 0.080625 0.0460093896713615
2 0.40546875 0.8685446009389671 0.088125 0.059154929577464786
3 0.45078125 0.7593896713615024 0.196875 0.31267605633802814
4 0.49921875 0.7147887323943662 0.080625 0.23990610328638495
4 0.409375 0.8028169014084507 0.0975 0.2431924882629108
5 0.45078125 0.7124413145539906 0.196875 0.4253521126760563
0 0.47578125 0.613849765258216 0.256875 0.6619718309859155
1 0.45234375 0.82981220657277 0.196875 0.14366197183098592
2 0.503125 0.7863849765258216 0.075 0.0460093896713615
2 0.40703125 0.8591549295774648 0.088125 0.08544600938967135
3 0.45234375 0.7570422535211268 0.196875 0.31830985915492954
4 0.503125 0.7136150234741784 0.075 0.24976525821596243
4 0.4109375 0.7981220657276995 0.0975 0.2563380281690141
5 0.45234375 0.7136150234741784 0.196875 0.4225352112676056
0 0.47578125 0.6185446009389671 0.253125 0.6507042253521127
1 0.6 0.7946009389671361 0.2475 0.11549295774647886
2 0.67421875 0.7617370892018779 0.06937499999999999 0.03615023474178403
2 0.51015625 0.7946009389671361 0.031875 0.13474178403755868
3 0.6 0.7347417840375586 0.2475 0.2591549295774648
4 0.67421875 0.7007042253521126 0.06937499999999999 0.20704225352112673
4 0.55703125 0.7687793427230047 0.14437499999999998 0.20704225352112673
5 0.6 0.6889671361502347 0.2475 0.3690140845070422
0 0.625 0.602112676056338 0.3075 0.5774647887323944
1 0.73359375 0.7758215962441315 0.09937499999999999 0.08732394366197183
2 0.7515625 0.7476525821596244 0.05625 0.02300469483568075
2 0.7140625 0.7805164319248826 0.052500000000000005 0.08873239436619718
3 0.73359375 0.710093896713615 0.09937499999999999 0.24507042253521125
4 0.7515625 0.681924882629108 0.05625 0.20704225352112673
4 0.7265625 0.715962441314554 0.08249999999999999 0.26948356807511736
5 0.73359375 0.6467136150234741 0.09937499999999999 0.39718309859154927
0 0.75234375 0.539906103286385 0.14437499999999998 0.6535211267605633
