1 0.76328125 0.772196261682243 0.118125 0.0308411214953271
2 0.79140625 0.7757009345794392 0.050624999999999996 0.02616822429906542
2 0.7328125 0.7686915887850467 0.045 0.02616822429906542
3 0.76328125 0.7184579439252337 0.118125 0.1598130841121495
4 0.7875 0.7207943925233645 0.06 0.17990654205607476
4 0.7328125 0.7149532710280374 0.045 0.17663551401869157
5 0.76171875 0.6635514018691588 0.121875 0.29158878504672897
0 0.7296875 0.5595794392523364 0.19874999999999998 0.5411214953271027
1 0.52109375 0.741822429906542 0.09562499999999999 0.0308411214953271
2 0.53984375 0.7464953271028038 0.050624999999999996 0.02289719626168224
2 0.496875 0.735981308411215 0.0375 0.01962616822429906
3 0.52109375 0.6939252336448598 0.09562499999999999 0.14579439252336449
4 0.53984375 0.6939252336448598 0.050624999999999996 0.17009345794392522
4 0.496875 0.6927570093457944 0.0375 0.14065420560747663
5 0.52109375 0.655373831775701 0.09562499999999999 0.2383177570093458
0 0.503125 0.5642523364485982 0.13874999999999998 0.4570093457943925
1 0.6296875 0.7511682242990654 0.052500000000000005 0.008411214953271027
2 0.6296875 0.7511682242990654 0.052500000000000005 0.00981308411214953
2 0.6171875 0.7476635514018691 0.0 0.0
3 0.61484375 0.7079439252336449 0.088125 0.11214953271028037
4 0.62578125 0.7079439252336449 0.061875 0.1308411214953271
4 0.59765625 0.705607476635514 0.046875 0.11775700934579439
5 0.6109375 0.6460280373831776 0.0975 0.26074766355140183
0 0.5875 0.5689252336448598 0.15375 0.44579439252336445
1 0.31484375 0.6997663551401869 0.061875 0.04205607476635514
2 0.33515625 0.6997663551401869 0.013125000000000001 0.03598130841121495
2 0.31171875 0.6997663551401869 0.05437499999999999 0.04906542056074766
3 0.32265625 0.6577102803738317 0.080625 0.14299065420560747
4 0.34296875 0.6635514018691588 0.031875 0.13738317757009344
4 0.31171875 0.6577102803738317 0.05437499999999999 0.16682242990654203
5 0.325 0.6226635514018691 0.08625 0.22710280373831776
0 0.3375 0.5315420560747663 0.11624999999999999 0.44579439252336445
