1 0.4814453125 0.884375 0.26484375 0.13125
2 0.5517578125 0.90625 0.09609374999999999 0.091875
2 0.423828125 0.8703125 0.1265625 0.11374999999999999
3 0.486328125 0.82578125 0.2765625 0.271875
4 0.556640625 0.82578125 0.10781249999999999 0.3171875
4 0.423828125 0.81328125 0.1265625 0.2734375
5 0.513671875 0.74765625 0.3421875 0.459375
0 0.529296875 0.6078125 0.9375 0.784375
1 0.3408203125 0.603125 0.09140625 0.01875
2 0.3271484375 0.60390625 0.05859375 0.0196875
2 0.3779296875 0.60078125 0.00234375 0.015312499999999998
3 0.341796875 0.565625 0.09375 0.10874999999999999
4 0.3271484375 0.565625 0.05859375 0.126875
4 0.37890625 0.56328125 0.0046875 0.1203125
5 0.345703125 0.528125 0.103125 0.19874999999999998
0 0.3515625 0.45859375 0.1171875 0.365625
