1 0.18984375 0.6217798594847775 0.15562499999999999 0.22763466042154568
2 0.23828125 0.7002341920374707 0.039375 0.04590163934426229
2 0.13984375 0.5608899297423887 0.035625000000000004 0.09508196721311474
3 0.1921875 0.6217798594847775 0.16125 0.22763466042154568
4 0.240625 0.6370023419203747 0.045 0.22295081967213112
4 0.16015625 0.5608899297423887 0.084375 0.09508196721311474
5 0.1921875 0.5737704918032787 0.16125 0.34285714285714286
0 0.2046875 0.4637002341920375 0.19124999999999998 0.6070257611241218
1 0.35703125 0.7494145199063232 0.166875 0.05620608899297424
2 0.4125 0.7494145199063232 0.033749999999999995 0.06557377049180328
2 0.2953125 0.7494145199063232 0.01875 0.05901639344262295
3 0.365625 0.7060889929742389 0.1875 0.16018735362997655
4 0.42109375 0.7060889929742389 0.05437499999999999 0.18688524590163932
4 0.31953125 0.7131147540983607 0.076875 0.160655737704918
5 0.365625 0.6662763466042154 0.1875 0.25573770491803277
0 0.384375 0.5667447306791569 0.23249999999999998 0.4946135831381733
