1 0.93203125 0.7072599531615925 0.039375 0.022482435597189696
2 0.92109375 0.7107728337236534 0.013125000000000001 0.01639344262295082
2 0.94609375 0.702576112412178 0.005625 0.013114754098360656
3 0.93125 0.6779859484777517 0.041249999999999995 0.0927400468384075
4 0.9203125 0.6826697892271663 0.015 0.09508196721311474
4 0.940625 0.6733021077283372 0.01875 0.09508196721311474
5 0.925 0.6545667447306791 0.05625 0.14894613583138172
0 0.91484375 0.5995316159250585 0.080625 0.2810304449648712
1 0.6625 0.8185011709601874 0.045 0.019672131147540985
2 0.64765625 0.8231850117096019 0.009375 0.009836065573770491
2 0.678125 0.8138173302107728 0.0075 0.009836065573770491
3 0.66015625 0.7903981264637002 0.050624999999999996 0.08711943793911006
4 0.6453125 0.7962529274004684 0.015 0.08524590163934426
4 0.67265625 0.7857142857142857 0.020624999999999998 0.08852459016393442
5 0.65625 0.7693208430913349 0.06 0.13770491803278687
0 0.64140625 0.7131147540983607 0.09562499999999999 0.27259953161592504
