1 0.5468384074941453 0.80078125 0.19953161592505855 0.043125
2 0.5843091334894613 0.7921875 0.10960187353629976 0.026249999999999996
2 0.5187353629976581 0.81171875 0.13208430913348945 0.0196875
3 0.5468384074941453 0.74921875 0.19953161592505855 0.166875
4 0.5843091334894613 0.740625 0.10960187353629976 0.17062499999999997
4 0.5187353629976581 0.74921875 0.13208430913348945 0.19468749999999999
5 0.5468384074941453 0.68671875 0.19953161592505855 0.31687499999999996
0 0.5737704918032787 0.57890625 0.2641686182669789 0.5756249999999999
1 0.2388758782201405 0.87265625 0.331615925058548 0.043125
2 0.34894613583138173 0.8703125 0.06744730679156909 0.04375
2 0.1522248243559719 0.87421875 0.12365339578454332 0.0459375
3 0.2388758782201405 0.81640625 0.331615925058548 0.178125
4 0.3395784543325527 0.81484375 0.08992974238875878 0.19906249999999998
4 0.1522248243559719 0.81640625 0.12365339578454332 0.2078125
5 0.2388758782201405 0.7625 0.331615925058548 0.3075
0 0.23536299765807964 0.64375 0.3400468384074941 0.5925
1 0.8208430913348946 0.76484375 0.17704918032786884 0.05437499999999999
2 0.8548009367681498 0.75703125 0.0955503512880562 0.041562499999999995
2 0.7985948477751756 0.76875 0.12365339578454332 0.05249999999999999
3 0.8208430913348946 0.7109375 0.17704918032786884 0.18375
4 0.8548009367681498 0.703125 0.0955503512880562 0.19249999999999998
4 0.7985948477751756 0.71484375 0.12365339578454332 0.2034375
5 0.765807962529274 0.65859375 0.3091334894613583 0.309375
0 0.765807962529274 0.5875 0.3091334894613583 0.48
