1 0.7265625 0.459375 0.06749999999999999 0.0475
2 0.7125 0.471875 0.033749999999999995 0.020416666666666663
2 0.7453125 0.4510416666666667 0.0225 0.03208333333333333
3 0.7265625 0.43333333333333335 0.06749999999999999 0.11
4 0.71328125 0.4354166666666667 0.035625000000000004 0.1225
4 0.73984375 0.425 0.035625000000000004 0.105
5 0.7265625 0.4010416666666667 0.06749999999999999 0.1875
0 0.70546875 0.3375 0.140625 0.33999999999999997
1 0.95078125 0.834375 0.09562499999999999 0.1175
2 0.95078125 0.8604166666666667 0.09562499999999999 0.06416666666666666
2 0.946875 0.7927083333333333 0.075 0.020416666666666663
3 0.95078125 0.7520833333333333 0.09562499999999999 0.315
4 0.95078125 0.753125 0.09562499999999999 0.3645833333333333
4 0.946875 0.7104166666666667 0.075 0.2508333333333333
5 0.95078125 0.653125 0.09562499999999999 0.5525
0 0.95234375 0.48020833333333335 0.0953125 0.9604166666666667
