1 0.53203125 0.8958333333333334 0.050624999999999996 0.029999999999999995
2 0.54765625 0.8927083333333333 0.013125000000000001 0.02625
2 0.515625 0.8989583333333333 0.01125 0.02625
3 0.5359375 0.85625 0.06 0.125
4 0.5515625 0.8552083333333333 0.0225 0.13124999999999998
4 0.521875 0.85625 0.026250000000000002 0.14583333333333334
5 0.5390625 0.8166666666666667 0.06749999999999999 0.22
0 0.56484375 0.7375 0.129375 0.41
1 0.640625 0.8291666666666667 0.06749999999999999 0.035
2 0.66328125 0.821875 0.013125000000000001 0.020416666666666663
2 0.6125 0.84375 0.0 0.0
3 0.64765625 0.7885416666666667 0.084375 0.13249999999999998
4 0.6703125 0.78125 0.03 0.13416666666666666
4 0.61796875 0.8010416666666667 0.013125000000000001 0.11958333333333333
5 0.64765625 0.75625 0.084375 0.21
0 0.63203125 0.684375 0.193125 0.3825
1 0.7359375 0.759375 0.052500000000000005 0.0275
2 0.7421875 0.7572916666666667 0.0375 0.020416666666666663
2 0.7234375 0.759375 0.0225 0.03208333333333333
3 0.7359375 0.7291666666666666 0.052500000000000005 0.1
4 0.7421875 0.7260416666666667 0.0375 0.10791666666666666
4 0.7234375 0.7333333333333333 0.0225 0.105
5 0.746875 0.6979166666666666 0.07875 0.175
0 0.7296875 0.6510416666666666 0.12 0.2875
