1 0.5296875 0.6652777777777777 0.10124999999999999 0.056666666666666664
2 0.5625 0.6791666666666667 0.0225 0.02722222222222222
2 0.49609375 0.6486111111111111 0.020624999999999998 0.019444444444444445
3 0.5296875 0.6402777777777777 0.10124999999999999 0.11666666666666667
4 0.56015625 0.6486111111111111 0.028125 0.11277777777777777
4 0.5 0.6236111111111111 0.03 0.08944444444444444
5 0.5296875 0.6097222222222223 0.10124999999999999 0.18999999999999997
0 0.5296875 0.5541666666666667 0.10124999999999999 0.3233333333333333
1 0.66484375 0.5708333333333333 0.084375 0.029999999999999995
2 0.69453125 0.575 0.013125000000000001 0.02333333333333333
2 0.63359375 0.5652777777777778 0.009375 0.019444444444444445
3 0.66484375 0.5472222222222223 0.084375 0.08666666666666667
4 0.69453125 0.5486111111111112 0.013125000000000001 0.09722222222222222
4 0.6421875 0.5416666666666666 0.03 0.08555555555555555
5 0.66484375 0.525 0.084375 0.13999999999999999
0 0.66484375 0.5027777777777778 0.084375 0.19333333333333333
1 0.840625 0.6652777777777777 0.07875 0.029999999999999995
2 0.8703125 0.6722222222222223 0.0075 0.015555555555555555
2 0.81171875 0.6569444444444444 0.009375 0.011666666666666665
3 0.840625 0.6361111111111111 0.07875 0.1
4 0.8640625 0.6402777777777777 0.0225 0.105
4 0.81875 0.6277777777777778 0.026250000000000002 0.09333333333333332
5 0.840625 0.6097222222222223 0.07875 0.16333333333333333
0 0.83125 0.5583333333333333 0.10124999999999999 0.2866666666666667
