1 0.475 0.8045356371490281 0.06749999999999999 0.0285097192224622
2 0.490625 0.8056155507559395 0.03 0.024190064794816415
2 0.45234375 0.8045356371490281 0.013125000000000001 0.033261339092872565
3 0.475 0.7613390928725702 0.06749999999999999 0.13218142548596112
4 0.490625 0.7602591792656588 0.03 0.1511879049676026
4 0.45234375 0.7613390928725702 0.013125000000000001 0.15421166306695464
5 0.475 0.714902807775378 0.06749999999999999 0.24362850971922245
0 0.47734375 0.6187904967602592 0.09562499999999999 0.4742980561555076
1 0.68125 0.8185745140388769 0.11624999999999999 0.03628509719222462
2 0.71015625 0.8185745140388769 0.046875 0.04233261339092872
2 0.63984375 0.8174946004319654 0.016874999999999998 0.03930885529157667
3 0.68125 0.7721382289416847 0.11624999999999999 0.14773218142548594
4 0.71015625 0.7721382289416847 0.046875 0.17235421166306694
4 0.63984375 0.7732181425485961 0.016874999999999998 0.1632829373650108
5 0.68125 0.7213822894168467 0.11624999999999999 0.26954643628509717
0 0.66953125 0.6263498920086393 0.14437499999999998 0.49762419006479475
