1 0.50078125 0.890625 0.058124999999999996 0.056249999999999994
2 0.49375 0.908203125 0.041249999999999995 0.016406249999999997
2 0.521875 0.8740234375 0.0075 0.019140624999999998
3 0.50078125 0.841796875 0.058124999999999996 0.1734375
4 0.49375 0.8515625 0.041249999999999995 0.175
4 0.521875 0.8251953125 0.0075 0.155859375
5 0.5390625 0.8125 0.15 0.24375
0 0.5609375 0.6962890625 0.22875 0.5226562499999999
1 0.278125 0.830078125 0.08249999999999999 0.159375
2 0.3015625 0.8662109375 0.026250000000000002 0.084765625
2 0.246875 0.796875 0.0075 0.09296874999999999
3 0.2390625 0.806640625 0.17625 0.21562499999999998
4 0.28671875 0.8125 0.061875 0.23515624999999998
4 0.2078125 0.7734375 0.10124999999999999 0.15859374999999998
5 0.2390625 0.7373046875 0.17625 0.38203125
0 0.2390625 0.6025390625 0.17625 0.70546875
