1 0.44895833333333335 0.93125 0.33249999999999996 0.026250000000000002
2 0.3260416666666667 0.93125 0.0375 0.030624999999999996
2 0.5697916666666667 0.93046875 0.042499999999999996 0.028437499999999998
3 0.44895833333333335 0.89296875 0.33249999999999996 0.118125
4 0.3333333333333333 0.89296875 0.055 0.13781249999999998
4 0.5666666666666667 0.89453125 0.05 0.1290625
5 0.44895833333333335 0.8859375 0.33249999999999996 0.13499999999999998
0 0.44895833333333335 0.82265625 0.33249999999999996 0.286875
1 0.6854166666666667 0.70390625 0.055 0.114375
2 0.6854166666666667 0.73984375 0.055 0.0328125
2 0.6947916666666667 0.65859375 0.0125 0.006562499999999999
3 0.6854166666666667 0.6828125 0.055 0.16499999999999998
4 0.6854166666666667 0.7046875 0.055 0.13125
4 0.6989583333333333 0.6375 0.0225 0.065625
5 0.6875 0.66015625 0.05999999999999999 0.21937500000000001
0 0.6333333333333333 0.58984375 0.19 0.38812499999999994
1 0.35833333333333334 0.86640625 0.36 0.058124999999999996
2 0.22083333333333333 0.8484375 0.029999999999999995 0.017499999999999998
2 0.49166666666666664 0.88359375 0.04 0.0196875
3 0.35833333333333334 0.81875 0.36 0.1725
4 0.2375 0.80078125 0.07 0.1509375
4 0.46770833333333334 0.8421875 0.09749999999999999 0.135625
5 0.35833333333333334 0.81875 0.36 0.1725
0 0.35833333333333334 0.78515625 0.36 0.253125
