1 0.511443661971831 0.89296875 0.5345070422535211 0.058124999999999996
2 0.6804577464788732 0.8859375 0.1288732394366197 0.04375
2 0.33274647887323944 0.89296875 0.1056338028169014 0.0678125
3 0.511443661971831 0.784375 0.5345070422535211 0.31875
4 0.6804577464788732 0.7765625 0.1288732394366197 0.35
4 0.36883802816901406 0.78828125 0.19225352112676056 0.36093749999999997
5 0.511443661971831 0.69140625 0.5345070422535211 0.541875
0 0.5272887323943662 0.603125 0.5725352112676056 0.7537499999999999
1 0.15404929577464788 0.64296875 0.16690140845070423 0.031875
2 0.18838028169014084 0.6421875 0.08450704225352113 0.034999999999999996
2 0.10827464788732394 0.64609375 0.05704225352112676 0.028437499999999998
3 0.15404929577464788 0.57109375 0.16690140845070423 0.20437499999999997
4 0.18838028169014084 0.5703125 0.08450704225352113 0.23625
4 0.10827464788732394 0.57109375 0.05704225352112676 0.2384375
5 0.15404929577464788 0.50234375 0.16690140845070423 0.36937499999999995
0 0.1487676056338028 0.36796875 0.1795774647887324 0.691875
