1 0.43779342723004694 0.75546875 0.18309859154929578 0.024375
2 0.49295774647887325 0.75546875 0.05070422535211267 0.028437499999999998
2 0.38028169014084506 0.7546875 0.04507042253521126 0.017499999999999998
3 0.43779342723004694 0.7140625 0.18309859154929578 0.12375
4 0.49295774647887325 0.7140625 0.05070422535211267 0.14437499999999998
4 0.38028169014084506 0.7125 0.04507042253521126 0.135625
5 0.43779342723004694 0.67265625 0.18309859154929578 0.22312499999999996
0 0.4284037558685446 0.6078125 0.2112676056338028 0.37875
1 0.6396713615023474 0.72421875 0.23380281690140844 0.016874999999999998
2 0.710093896713615 0.728125 0.0647887323943662 0.008749999999999999
2 0.5645539906103286 0.7234375 0.053521126760563385 0.017499999999999998
3 0.6396713615023474 0.6859375 0.23380281690140844 0.10874999999999999
4 0.710093896713615 0.6859375 0.0647887323943662 0.126875
4 0.5645539906103286 0.68671875 0.053521126760563385 0.1203125
5 0.6396713615023474 0.65546875 0.23380281690140844 0.18187499999999998
0 0.6396713615023474 0.5984375 0.23380281690140844 0.31875
