1 0.37890625 0.7201405152224825 0.084375 0.08711943793911006
2 0.3953125 0.6955503512880562 0.045 0.03278688524590164
2 0.36953125 0.7435597189695551 0.061875 0.0360655737704918
3 0.37890625 0.6639344262295082 0.084375 0.22201405152224823
4 0.3953125 0.639344262295082 0.045 0.19016393442622948
4 0.36953125 0.6756440281030445 0.061875 0.2262295081967213
5 0.37890625 0.585480093676815 0.084375 0.41030444964871193
0 0.37421875 0.4309133489461358 0.09562499999999999 0.7812646370023418
1 0.72578125 0.8747072599531616 0.148125 0.13770491803278687
2 0.67265625 0.8243559718969555 0.020624999999999998 0.019672131147540982
2 0.75390625 0.9227166276346604 0.080625 0.02622950819672131
3 0.72578125 0.8056206088992974 0.148125 0.3035128805620609
4 0.6984375 0.7552693208430913 0.08249999999999999 0.21311475409836064
4 0.75390625 0.8091334894613583 0.080625 0.3442622950819672
5 0.72578125 0.7049180327868853 0.148125 0.5451990632318501
0 0.7390625 0.5304449648711944 0.18 0.9391100702576113
