1 0.68359375 0.8572916666666667 0.253125 0.0875
2 0.7796875 0.8572916666666667 0.0225 0.10208333333333333
2 0.5921875 0.8520833333333333 0.033749999999999995 0.08166666666666665
3 0.68359375 0.784375 0.253125 0.2625
4 0.7640625 0.7927083333333333 0.06 0.28291666666666665
4 0.596875 0.778125 0.045 0.28875
5 0.68359375 0.7083333333333334 0.253125 0.445
0 0.67890625 0.553125 0.26437499999999997 0.8175
1 0.328125 0.8260416666666667 0.10500000000000001 0.1125
2 0.3609375 0.84375 0.026250000000000002 0.08166666666666665
2 0.303125 0.803125 0.045 0.06708333333333333
3 0.328125 0.7697916666666667 0.10500000000000001 0.2475
4 0.353125 0.7760416666666666 0.045 0.27125
4 0.303125 0.746875 0.045 0.22458333333333333
5 0.328125 0.70625 0.10500000000000001 0.4
0 0.334375 0.5427083333333333 0.2625 0.7925
