1 0.4703125 0.8979166666666667 0.20249999999999999 0.065
2 0.5328125 0.9135416666666667 0.052500000000000005 0.03208333333333333
2 0.403125 0.8895833333333333 0.041249999999999995 0.0525
3 0.4703125 0.86875 0.20249999999999999 0.13499999999999998
4 0.5328125 0.8708333333333333 0.052500000000000005 0.15166666666666667
4 0.41796875 0.8604166666666667 0.076875 0.13416666666666666
5 0.4703125 0.8197916666666667 0.20249999999999999 0.2525
0 0.4703125 0.7354166666666667 0.20249999999999999 0.455
1 0.0703125 0.9270833333333334 0.09375 0.045
2 0.05625 0.928125 0.06 0.049583333333333326
2 0.109375 0.9083333333333333 0.0 0.0
3 0.08046875 0.8572916666666667 0.118125 0.2125
4 0.05625 0.8604166666666667 0.06 0.23916666666666667
4 0.11953125 0.8385416666666666 0.024375 0.19541666666666666
5 0.12890625 0.8572916666666667 0.234375 0.2125
0 0.13203125 0.7614583333333333 0.24187499999999998 0.4425
