1 0.33 0.5551601423487544 0.08159999999999999 0.12811387900355872
2 0.303 0.5231316725978647 0.016800000000000002 0.059786476868327394
2 0.357 0.594306049822064 0.016800000000000002 0.0398576512455516
3 0.33 0.5462633451957295 0.08159999999999999 0.1494661921708185
4 0.32 0.5142348754448398 0.05759999999999999 0.08469750889679714
4 0.357 0.5569395017793595 0.016800000000000002 0.14448398576512453
5 0.334 0.5106761565836299 0.0912 0.23487544483985764
0 0.343 0.4501779359430605 0.1128 0.3800711743772242
1 0.913 0.45195729537366547 0.09839999999999999 0.05124555160142348
2 0.943 0.46619217081850534 0.0264 0.0099644128113879
2 0.878 0.45195729537366547 0.014399999999999998 0.059786476868327394
3 0.913 0.42526690391459077 0.09839999999999999 0.11530249110320284
4 0.943 0.4234875444839858 0.0264 0.1295373665480427
4 0.895 0.43238434163701067 0.0552 0.11459074733096083
5 0.913 0.3896797153024911 0.09839999999999999 0.200711743772242
0 0.913 0.3309608540925267 0.09839999999999999 0.3416370106761566
