1 0.53828125 0.7489583333333333 0.073125 0.042499999999999996
2 0.5625 0.7447916666666666 0.015 0.03791666666666667
2 0.515625 0.7520833333333333 0.01875 0.040833333333333326
3 0.53828125 0.6927083333333334 0.073125 0.17750000000000002
4 0.5625 0.6885416666666667 0.015 0.19541666666666666
4 0.515625 0.69375 0.01875 0.20416666666666666
5 0.53828125 0.671875 0.073125 0.2275
0 0.54375 0.6072916666666667 0.08625 0.3825
1 0.38515625 0.73125 0.09562499999999999 0.05
2 0.4203125 0.7322916666666667 0.01125 0.05541666666666666
2 0.35546875 0.73125 0.024375 0.058333333333333334
3 0.38515625 0.6947916666666667 0.09562499999999999 0.1375
4 0.41875 0.696875 0.015 0.15458333333333332
4 0.35546875 0.6947916666666667 0.024375 0.16041666666666668
5 0.38515625 0.6708333333333333 0.09562499999999999 0.19499999999999998
0 0.40234375 0.6041666666666666 0.136875 0.35500000000000004
