1 0.296875 0.94140625 0.1575 0.056249999999999994
2 0.35 0.94140625 0.03 0.06562499999999999
2 0.25859375 0.9345703125 0.065625 0.013671875
3 0.29609375 0.85546875 0.159375 0.2625
4 0.3453125 0.85546875 0.041249999999999995 0.2890625
4 0.2578125 0.8515625 0.06749999999999999 0.24609374999999997
5 0.29609375 0.767578125 0.159375 0.46484375
0 0.24140625 0.5771484375 0.290625 0.845703125
1 0.79140625 0.9384765625 0.151875 0.05859375
2 0.8453125 0.9384765625 0.0225 0.068359375
2 0.7515625 0.9296875 0.05625 0.021875
3 0.790625 0.853515625 0.15375 0.2625
4 0.840625 0.853515625 0.033749999999999995 0.29296875
4 0.75078125 0.8505859375 0.058124999999999996 0.243359375
5 0.790625 0.759765625 0.15375 0.48046875
0 0.7328125 0.57421875 0.2925 0.8515625
