1 0.171 0.9039855072463768 0.036 0.021739130434782608
2 0.157 0.8985507246376812 0.0024 0.010144927536231883
2 0.175 0.9039855072463768 0.0264 0.025362318840579712
3 0.171 0.8605072463768116 0.036 0.12608695652173912
4 0.159 0.8586956521739131 0.007199999999999999 0.12173913043478259
4 0.175 0.8605072463768116 0.0264 0.1471014492753623
5 0.171 0.8170289855072463 0.036 0.23043478260869563
0 0.172 0.7391304347826086 0.0384 0.41739130434782606
1 0.383 0.9384057971014492 0.084 0.02608695652173913
2 0.407 0.9347826086956522 0.0264 0.010144927536231883
2 0.359 0.9384057971014492 0.0264 0.030434782608695646
3 0.383 0.8985507246376812 0.084 0.12173913043478261
4 0.407 0.894927536231884 0.0264 0.12173913043478259
4 0.359 0.8985507246376812 0.0264 0.14202898550724635
5 0.383 0.8532608695652174 0.084 0.23043478260869563
0 0.383 0.7735507246376812 0.084 0.42173913043478256
1 0.618 0.7771739130434783 0.0768 0.030434782608695653
2 0.644 0.7771739130434783 0.014399999999999998 0.03550724637681159
2 0.593 0.7807971014492754 0.016800000000000002 0.025362318840579712
3 0.618 0.75 0.0768 0.09565217391304347
4 0.633 0.75 0.040799999999999996 0.11159420289855071
4 0.595 0.75 0.021599999999999998 0.11159420289855071
5 0.618 0.7155797101449275 0.0768 0.1782608695652174
0 0.616 0.6521739130434783 0.08159999999999999 0.3304347826086957
1 0.791 0.9057971014492754 0.0648 0.05217391304347826
2 0.814 0.9184782608695652 0.0096 0.025362318840579712
2 0.774 0.9021739130434783 0.024 0.050724637681159424
3 0.791 0.8840579710144928 0.0648 0.10434782608695652
4 0.814 0.8858695652173914 0.0096 0.11666666666666665
4 0.774 0.8804347826086957 0.024 0.11159420289855071
5 0.791 0.8478260869565217 0.0648 0.19130434782608693
0 0.798 0.7608695652173914 0.1296 0.39999999999999997
1 0.429 0.9112318840579711 0.19440000000000002 0.08260869565217392
2 0.452 0.9094202898550725 0.1392 0.08115942028985507
2 0.41 0.9112318840579711 0.1488 0.09637681159420289
3 0.429 0.8731884057971014 0.19440000000000002 0.17391304347826086
4 0.452 0.8695652173913043 0.1392 0.19275362318840578
4 0.411 0.875 0.1512 0.1978260869565217
5 0.429 0.8333333333333334 0.19440000000000002 0.2695652173913043
0 0.431 0.7590579710144928 0.1992 0.4478260869565217
