1 0.484375 0.5448113207547169 0.0375 0.14150943396226415
2 0.49296875 0.5070754716981132 0.016874999999999998 0.059433962264150944
2 0.48203125 0.5683962264150944 0.031875 0.09905660377358491
3 0.53046875 0.5636792452830188 0.148125 0.1867924528301887
4 0.5390625 0.5400943396226415 0.1275 0.15188679245283015
4 0.528125 0.5872641509433962 0.14250000000000002 0.15188679245283015
5 0.53046875 0.5636792452830188 0.148125 0.1867924528301887
0 0.5765625 0.5011792452830188 0.25875 0.33679245283018866
1 0.3328125 0.7122641509433962 0.13874999999999998 0.12452830188679245
2 0.3109375 0.6721698113207547 0.08625 0.0330188679245283
2 0.359375 0.7370283018867925 0.075 0.07594339622641508
3 0.3171875 0.6674528301886793 0.17625 0.23207547169811318
4 0.2953125 0.6273584905660378 0.12375 0.1584905660377358
4 0.32734375 0.7370283018867925 0.151875 0.07594339622641508
5 0.2515625 0.6674528301886793 0.33375 0.23207547169811318
0 0.23125 0.5872641509433962 0.38249999999999995 0.4528301886792453
