1 0.5305164319248826 0.39765625 0.3436619718309859 0.058124999999999996
2 0.41784037558685444 0.40234375 0.07323943661971831 0.0546875
2 0.6490610328638498 0.38984375 0.059154929577464786 0.0459375
3 0.5117370892018779 0.34609375 0.38873239436619716 0.18187499999999998
4 0.39906103286384975 0.35078125 0.11830985915492957 0.19906249999999998
4 0.6173708920187794 0.33828125 0.1352112676056338 0.1903125
5 0.5117370892018779 0.34609375 0.38873239436619716 0.18187499999999998
0 0.392018779342723 0.30703125 0.676056338028169 0.275625
1 0.25 0.36875 0.053521126760563385 0.026250000000000002
2 0.26173708920187794 0.37265625 0.025352112676056335 0.0196875
2 0.22769953051643194 0.3578125 0.0 0.0
3 0.25938967136150237 0.35078125 0.07605633802816901 0.06937499999999999
4 0.2711267605633803 0.35078125 0.04788732394366197 0.0809375
4 0.2312206572769953 0.34140625 0.008450704225352112 0.0459375
5 0.27816901408450706 0.346875 0.12112676056338029 0.07875
0 0.2852112676056338 0.31875 0.1380281690140845 0.14625
1 0.7323943661971831 0.35390625 0.05070422535211267 0.016874999999999998
2 0.7382629107981221 0.35546875 0.036619718309859155 0.015312499999999998
2 0.7288732394366197 0.34921875 0.04225352112676056 0.006562499999999999
3 0.7323943661971831 0.325 0.05070422535211267 0.08625
4 0.7382629107981221 0.325 0.036619718309859155 0.10062499999999999
4 0.7288732394366197 0.3203125 0.04225352112676056 0.0875
5 0.7323943661971831 0.29453125 0.05070422535211267 0.159375
0 0.7288732394366197 0.2484375 0.059154929577464786 0.26999999999999996
