1 0.6921875 0.5538641686182669 0.0375 0.025292740046838406
2 0.68359375 0.5526932084309133 0.016874999999999998 0.02622950819672131
2 0.703125 0.5573770491803278 0.01125 0.019672131147540982
3 0.69765625 0.5011709601873536 0.058124999999999996 0.15175644028103044
4 0.68203125 0.5 0.020624999999999998 0.17377049180327866
4 0.71015625 0.5035128805620609 0.028125 0.17049180327868851
5 0.69921875 0.5011709601873536 0.061875 0.15175644028103044
0 0.71640625 0.4309133489461358 0.103125 0.3203747072599531
1 0.7953125 0.5526932084309133 0.0 0.0
2 0.7953125 0.5526932084309133 0.0 0.0
2 0.7953125 0.5526932084309133 0.0 0.0
3 0.8046875 0.5269320843091335 0.033749999999999995 0.06182669789227166
4 0.79296875 0.5269320843091335 0.005625 0.0721311475409836
4 0.80703125 0.5327868852459017 0.028125 0.05573770491803278
5 0.821875 0.5081967213114754 0.075 0.10679156908665105
0 0.8296875 0.44028103044496486 0.12375 0.26978922716627635
