1 0.5617715617715617 0.85 0.18461538461538463 0.045
2 0.5174825174825175 0.8546875 0.07832167832167833 0.039375
2 0.6107226107226107 0.8453125 0.06713286713286713 0.039375
3 0.5617715617715617 0.78671875 0.18461538461538463 0.196875
4 0.5559440559440559 0.7875 0.17062937062937064 0.22749999999999998
4 0.5734265734265734 0.78203125 0.15664335664335666 0.2165625
5 0.5617715617715617 0.78125 0.18461538461538463 0.21000000000000002
0 0.5944055944055944 0.70625 0.2629370629370629 0.39
1 0.9009324009324009 0.815625 0.14265734265734265 0.09375
2 0.865967365967366 0.8359375 0.05874125874125874 0.05249999999999999
2 0.9277389277389277 0.80234375 0.07832167832167833 0.07218749999999999
3 0.8811188811188811 0.753125 0.1902097902097902 0.24375
4 0.8461538461538461 0.76953125 0.1062937062937063 0.2384375
4 0.8951048951048951 0.73984375 0.15664335664335666 0.24718749999999998
5 0.8624708624708625 0.75 0.23496503496503496 0.25125
0 0.8391608391608392 0.68359375 0.2909090909090909 0.410625
1 0.19463869463869463 0.77265625 0.14265734265734265 0.065625
2 0.1561771561771562 0.77265625 0.050349650349650346 0.0765625
2 0.2202797202797203 0.784375 0.08111888111888112 0.026249999999999996
3 0.21212121212121213 0.7359375 0.18461538461538463 0.15375
4 0.21212121212121213 0.73671875 0.18461538461538463 0.1771875
4 0.2202797202797203 0.7328125 0.08111888111888112 0.17062499999999997
5 0.21212121212121213 0.6828125 0.18461538461538463 0.28125
0 0.2261072261072261 0.59453125 0.21818181818181817 0.4931249999999999
