1 0.3328125 0.6197183098591549 0.0975 0.04507042253521126
2 0.35390625 0.6150234741784038 0.046875 0.039436619718309855
2 0.31171875 0.6220657276995305 0.046875 0.0460093896713615
3 0.3328125 0.545774647887324 0.0975 0.22253521126760561
4 0.35390625 0.5528169014084507 0.046875 0.2136150234741784
4 0.315625 0.545774647887324 0.05625 0.2596244131455399
5 0.3328125 0.4800469483568075 0.0975 0.38028169014084506
0 0.3359375 0.3615023474178404 0.20625 0.6647887323943662
1 0.60625 0.931924882629108 0.28500000000000003 0.06197183098591549
2 0.70859375 0.9225352112676056 0.039375 0.0460093896713615
2 0.509375 0.931924882629108 0.052500000000000005 0.07230046948356807
3 0.60625 0.8333333333333334 0.28500000000000003 0.29859154929577464
4 0.6984375 0.823943661971831 0.06375 0.3220657276995305
4 0.51953125 0.8896713615023474 0.076875 0.19061032863849764
5 0.60625 0.8039906103286385 0.28500000000000003 0.3690140845070422
0 0.60625 0.7629107981220657 0.28500000000000003 0.4676056338028169
