1 0.46171875 0.5577830188679245 0.073125 0.04245283018867924
2 0.4375 0.5695754716981132 0.015 0.01650943396226415
2 0.48046875 0.5448113207547169 0.028125 0.01320754716981132
3 0.46171875 0.5294811320754716 0.073125 0.11037735849056603
4 0.44140625 0.5424528301886793 0.024375 0.09245283018867924
4 0.48046875 0.5165094339622641 0.028125 0.09245283018867924
5 0.46171875 0.5141509433962265 0.073125 0.1471698113207547
0 0.46171875 0.4834905660377358 0.073125 0.22075471698113205
1 0.415625 0.5625 0.026250000000000002 0.008490566037735849
2 0.40859375 0.5601415094339622 0.009375 0.00330188679245283
2 0.41953125 0.5625 0.016874999999999998 0.009905660377358488
3 0.415625 0.5377358490566038 0.026250000000000002 0.06792452830188679
4 0.40859375 0.535377358490566 0.009375 0.07264150943396226
4 0.41953125 0.5389150943396226 0.016874999999999998 0.07594339622641508
5 0.40546875 0.5188679245283019 0.050624999999999996 0.11320754716981132
0 0.39140625 0.48702830188679247 0.084375 0.18962264150943395
