1 0.2078125 0.8776371308016878 0.09 0.1620253164556962
2 0.20546875 0.930379746835443 0.084375 0.04135021097046413
2 0.21640625 0.8396624472573839 0.06937499999999999 0.08270042194092826
3 0.2078125 0.8259493670886076 0.09 0.2860759493670886
4 0.20546875 0.8354430379746836 0.084375 0.3071729957805907
4 0.21171875 0.7879746835443038 0.080625 0.22742616033755272
5 0.2234375 0.7573839662447257 0.1275 0.4506329113924051
0 0.2015625 0.619198312236287 0.18 0.7616033755274262
1 0.8125 0.4757383966244726 0.041249999999999995 0.06329113924050633
2 0.8125 0.49261603375527424 0.041249999999999995 0.026582278481012658
2 0.8046875 0.44936708860759494 0.0 0.0
3 0.8140625 0.4356540084388186 0.045 0.15949367088607594
4 0.8140625 0.4356540084388186 0.045 0.18607594936708857
4 0.80546875 0.41983122362869196 0.001875 0.08270042194092826
5 0.81640625 0.41244725738396626 0.050624999999999996 0.21518987341772153
0 0.83984375 0.33438818565400846 0.10687499999999998 0.40253164556962023
