1 0.7265625 0.7065727699530516 0.06375 0.028169014084507043
2 0.71953125 0.7065727699530516 0.046875 0.03286384976525822
2 0.73046875 0.7065727699530516 0.05437499999999999 0.03286384976525822
3 0.7265625 0.6725352112676056 0.06375 0.10985915492957746
4 0.72421875 0.6725352112676056 0.058124999999999996 0.12816901408450704
4 0.7296875 0.6748826291079812 0.05625 0.1215962441314554
5 0.7265625 0.642018779342723 0.06375 0.18309859154929578
0 0.7203125 0.6009389671361502 0.07875 0.28169014084507044
1 0.584375 0.8450704225352113 0.06 0.07323943661971831
2 0.5953125 0.8286384976525821 0.033749999999999995 0.039436619718309855
2 0.57421875 0.8650234741784038 0.035625000000000004 0.029577464788732393
3 0.584375 0.8192488262910798 0.06 0.1352112676056338
4 0.5953125 0.8028169014084507 0.033749999999999995 0.11173708920187791
4 0.57421875 0.8333333333333334 0.035625000000000004 0.11830985915492957
5 0.584375 0.7875586854460094 0.06 0.2112676056338028
0 0.58125 0.7241784037558685 0.06749999999999999 0.3633802816901408
1 0.8453125 0.8532863849765259 0.0225 0.09859154929577464
2 0.84375 0.8204225352112676 0.0075 0.02300469483568075
2 0.8453125 0.8685446009389671 0.0225 0.07230046948356807
3 0.84453125 0.82981220657277 0.024375 0.15492957746478872
4 0.84296875 0.7969483568075117 0.009375 0.08873239436619718
4 0.84453125 0.8309859154929577 0.024375 0.17746478873239435
5 0.834375 0.784037558685446 0.04875 0.2647887323943662
0 0.828125 0.7194835680751174 0.06375 0.41971830985915487
