1 0.5375 0.73515625 0.0975 0.031875
2 0.50703125 0.7359375 0.024375 0.034999999999999996
2 0.5640625 0.73359375 0.033749999999999995 0.0328125
3 0.52734375 0.6875 0.121875 0.14625
4 0.496875 0.6890625 0.04875 0.16624999999999998
4 0.5640625 0.6859375 0.033749999999999995 0.16624999999999998
5 0.52421875 0.675 0.129375 0.17625
0 0.52421875 0.55546875 0.230625 0.46312499999999995
1 0.3640625 0.72734375 0.13874999999999998 0.046875
2 0.31796875 0.71875 0.028125 0.030624999999999996
2 0.3796875 0.73125 0.10124999999999999 0.04375
3 0.3640625 0.65 0.13874999999999998 0.23249999999999998
4 0.31875 0.64140625 0.03 0.24718749999999998
4 0.3796875 0.65 0.10124999999999999 0.27125
5 0.3203125 0.65 0.24375 0.23249999999999998
0 0.29609375 0.5296875 0.301875 0.52125
1 0.70546875 0.7296875 0.166875 0.045
2 0.66171875 0.7265625 0.061875 0.04375
2 0.75703125 0.734375 0.043125 0.039375
3 0.70546875 0.665625 0.166875 0.19874999999999998
4 0.66171875 0.6625 0.061875 0.22312499999999996
4 0.75703125 0.66796875 0.043125 0.22531249999999997
5 0.70546875 0.665625 0.166875 0.19874999999999998
0 0.71484375 0.57421875 0.20812499999999998 0.41812499999999997
