1 0.1359375 0.946875 0.13499999999999998 0.0375
2 0.14140625 0.946875 0.103125 0.04375
2 0.1359375 0.9458333333333333 0.13499999999999998 0.040833333333333326
3 0.1359375 0.9104166666666667 0.13499999999999998 0.125
4 0.14140625 0.9104166666666667 0.103125 0.14583333333333334
4 0.1359375 0.9135416666666667 0.13499999999999998 0.13124999999999998
5 0.1359375 0.871875 0.13499999999999998 0.21749999999999997
0 0.1359375 0.7916666666666666 0.13499999999999998 0.41
1 0.103125 0.9427083333333334 0.16499999999999998 0.0375
2 0.15703125 0.94375 0.035625000000000004 0.017499999999999998
2 0.04375 0.9427083333333334 0.0225 0.04375
3 0.103125 0.9104166666666667 0.16499999999999998 0.11499999999999999
4 0.15703125 0.90625 0.035625000000000004 0.1225
4 0.065625 0.915625 0.075 0.11958333333333333
5 0.103125 0.8645833333333334 0.16499999999999998 0.225
0 0.103125 0.8 0.16499999999999998 0.38
