1 0.2892271662763466 0.85078125 0.12084309133489461 0.140625
2 0.2892271662763466 0.8671875 0.12084309133489461 0.118125
2 0.31733021077283374 0.79453125 0.053395784543325525 0.006562499999999999
3 0.28337236533957844 0.75390625 0.1911007025761124 0.373125
4 0.3009367681498829 0.75390625 0.14894613583138172 0.43531249999999994
4 0.2716627634660422 0.71328125 0.16299765807962527 0.23406249999999998
5 0.30327868852459017 0.64765625 0.2388758782201405 0.628125
0 0.38173302107728335 0.503125 0.4271662763466042 0.975
1 0.5374707259953162 0.7984375 0.35690866510538644 0.13125
2 0.6627634660421545 0.76015625 0.05620608899297424 0.0459375
2 0.40749414519906324 0.8421875 0.04496487119437939 0.030624999999999996
3 0.5374707259953162 0.73125 0.35690866510538644 0.2925
4 0.6627634660421545 0.69296875 0.05620608899297424 0.23406249999999998
4 0.4168618266978923 0.77734375 0.06744730679156909 0.21218749999999997
5 0.5374707259953162 0.72265625 0.35690866510538644 0.313125
0 0.5456674473067916 0.615625 0.4215456674473068 0.5700000000000001
