1 0.4380053908355795 0.88359375 0.24905660377358488 0.039375
2 0.5202156334231806 0.88203125 0.05175202156334232 0.041562499999999995
2 0.35714285714285715 0.8875 0.05498652291105121 0.034999999999999996
3 0.4380053908355795 0.83671875 0.24905660377358488 0.151875
4 0.5013477088948787 0.83515625 0.09703504043126684 0.17281249999999998
4 0.35714285714285715 0.84140625 0.05498652291105121 0.1640625
5 0.42318059299191374 0.77421875 0.2846361185983827 0.301875
0 0.3638814016172507 0.6828125 0.5433962264150943 0.52125
1 0.9056603773584906 0.6203125 0.14231805929919136 0.0375
2 0.9393530997304582 0.6140625 0.061455525606469004 0.026249999999999996
2 0.8787061994609164 0.62734375 0.07762803234501348 0.024062499999999997
3 0.9056603773584906 0.59921875 0.14231805929919136 0.088125
4 0.9393530997304582 0.59296875 0.061455525606469004 0.08531249999999999
4 0.8787061994609164 0.59921875 0.07762803234501348 0.1028125
5 0.9056603773584906 0.56796875 0.14231805929919136 0.163125
0 0.8733153638814016 0.50703125 0.25229110512129377 0.309375
