1 0.6578125 0.8477751756440282 0.06 0.1405152224824356
2 0.6515625 0.8629976580796253 0.045 0.12131147540983606
2 0.6671875 0.8395784543325527 0.0375 0.14098360655737704
3 0.63515625 0.8138173302107728 0.114375 0.22201405152224823
4 0.62890625 0.8243559718969555 0.09937499999999999 0.22950819672131148
4 0.64140625 0.8056206088992974 0.09937499999999999 0.2360655737704918
5 0.60078125 0.7576112412177985 0.196875 0.35690866510538644
0 0.51640625 0.6276346604215457 0.433125 0.6688524590163933
1 0.5328125 0.2540983606557377 0.23249999999999998 0.0702576112412178
2 0.59609375 0.22950819672131148 0.080625 0.013114754098360656
2 0.4515625 0.25644028103044497 0.0375 0.07540983606557376
3 0.5328125 0.16978922716627634 0.23249999999999998 0.27259953161592504
4 0.59609375 0.1451990632318501 0.080625 0.24918032786885244
4 0.47578125 0.18384074941451992 0.09562499999999999 0.2786885245901639
0 0.5328125 0.16978922716627634 0.23249999999999998 0.27259953161592504
