1 0.87109375 0.5682352941176471 0.058124999999999996 0.0028235294117647056
2 0.8953125 0.5694117647058824 0.0 0.0
2 0.846875 0.5670588235294117 0.0 0.0
3 0.8703125 0.4776470588235294 0.06 0.22023529411764706
4 0.89140625 0.4776470588235294 0.009375 0.25694117647058823
4 0.84609375 0.4776470588235294 0.001875 0.25035294117647056
5 0.86796875 0.36470588235294116 0.065625 0.49129411764705877
0 0.871875 0.30823529411764705 0.075 0.6164705882352941
1 0.56484375 0.8588235294117647 0.10687499999999998 0.03388235294117647
2 0.59375 0.8658823529411764 0.0375 0.019764705882352938
2 0.5328125 0.8576470588235294 0.03 0.03623529411764705
3 0.56484375 0.7447058823529412 0.10687499999999998 0.3077647058823529
4 0.59375 0.7447058823529412 0.0375 0.35905882352941176
4 0.5328125 0.7447058823529412 0.03 0.3524705882352941
5 0.54765625 0.711764705882353 0.148125 0.38682352941176473
0 0.55078125 0.5788235294117647 0.22312499999999996 0.7058823529411765
