1 0.234375 0.9028103044496487 0.19124999999999998 0.11522248243559718
2 0.284375 0.9156908665105387 0.07125000000000001 0.09836065573770492
2 0.19140625 0.8793911007025761 0.088125 0.06885245901639343
3 0.234375 0.7833723653395784 0.19124999999999998 0.4018735362997658
4 0.284375 0.7833723653395784 0.07125000000000001 0.4332552693208431
4 0.19140625 0.7915690866510539 0.088125 0.3147540983606557
5 0.234375 0.7236533957845434 0.19124999999999998 0.5451990632318501
0 0.234375 0.5245901639344263 0.19124999999999998 0.9508196721311475
1 0.38515625 0.9098360655737705 0.114375 0.08711943793911006
2 0.4015625 0.9250585480093677 0.075 0.05901639344262295
2 0.36171875 0.8957845433255269 0.058124999999999996 0.06229508196721311
3 0.38515625 0.8173302107728337 0.114375 0.3091334894613583
4 0.4015625 0.8173302107728337 0.075 0.36065573770491804
4 0.36171875 0.8091334894613583 0.058124999999999996 0.30491803278688523
5 0.37890625 0.7224824355971897 0.129375 0.536768149882904
0 0.384375 0.5281030444964872 0.19124999999999998 0.9437939110070258
1 0.54765625 0.892271662763466 0.125625 0.08430913348946135
2 0.5546875 0.9086651053864169 0.10874999999999999 0.05245901639344262
2 0.51953125 0.8747072599531616 0.058124999999999996 0.04918032786885246
3 0.54765625 0.7833723653395784 0.125625 0.34566744730679155
4 0.5546875 0.7833723653395784 0.10874999999999999 0.40327868852459015
4 0.51953125 0.7763466042154566 0.058124999999999996 0.3245901639344262
5 0.54765625 0.6814988290398126 0.125625 0.5901639344262295
0 0.5453125 0.5456674473067916 0.13125 0.9086651053864169
1 0.8734375 0.8899297423887588 0.10874999999999999 0.10679156908665105
2 0.88046875 0.9156908665105387 0.091875 0.05245901639344262
2 0.85703125 0.8665105386416861 0.06937499999999999 0.05901639344262295
3 0.8734375 0.7892271662763466 0.10874999999999999 0.34847775175644025
4 0.88046875 0.7892271662763466 0.091875 0.4065573770491803
4 0.85703125 0.7693208430913349 0.06937499999999999 0.3311475409836065
5 0.8734375 0.7014051522248244 0.10874999999999999 0.5592505854800937
0 0.85234375 0.5585480093676815 0.159375 0.882903981264637
1 0.7140625 0.8817330210772834 0.0975 0.08711943793911006
2 0.72421875 0.8899297423887588 0.073125 0.07868852459016393
2 0.69453125 0.8665105386416861 0.050624999999999996 0.05901639344262295
3 0.7140625 0.7775175644028103 0.0975 0.3372365339578454
4 0.72421875 0.7775175644028103 0.073125 0.39344262295081966
4 0.69453125 0.7763466042154566 0.050624999999999996 0.3114754098360656
5 0.7203125 0.7142857142857143 0.1125 0.48899297423887583
0 0.72109375 0.5772833723653396 0.129375 0.8177985948477752
