1 0.3805620608899297 0.73125 0.3063231850117096 0.03
2 0.4707259953161593 0.73203125 0.08992974238875878 0.0328125
2 0.28454332552693207 0.7296875 0.07587822014051522 0.030624999999999996
3 0.3805620608899297 0.6375 0.3063231850117096 0.255
4 0.4707259953161593 0.6375 0.08992974238875878 0.2975
4 0.28454332552693207 0.63671875 0.07587822014051522 0.29093749999999996
5 0.3805620608899297 0.55625 0.3063231850117096 0.45
0 0.373536299765808 0.41171875 0.3231850117096019 0.796875
1 0.7142857142857143 0.85078125 0.0955503512880562 0.043125
2 0.6744730679156908 0.8546875 0.0 0.0
2 0.747072599531616 0.85078125 0.01686182669789227 0.050312499999999996
3 0.6978922716627635 0.78515625 0.13489461358313817 0.200625
4 0.65807962529274 0.778125 0.03934426229508197 0.21437499999999998
4 0.7224824355971897 0.78828125 0.07587822014051522 0.22531249999999997
5 0.702576112412178 0.72734375 0.14613583138173303 0.339375
0 0.6334894613583139 0.59921875 0.311943793911007 0.646875
