1 0.48951048951048953 0.95390625 0.12307692307692307 0.024375
2 0.45454545454545453 0.95390625 0.039160839160839164 0.028437499999999998
2 0.527972027972028 0.9546875 0.030769230769230767 0.021875
3 0.48951048951048953 0.9046875 0.12307692307692307 0.14250000000000002
4 0.45454545454545453 0.90546875 0.039160839160839164 0.1640625
4 0.527972027972028 0.90390625 0.030769230769230767 0.1640625
5 0.48951048951048953 0.8484375 0.12307692307692307 0.27749999999999997
0 0.4825174825174825 0.7828125 0.16223776223776223 0.434375
1 0.6596736596736597 0.93359375 0.08951048951048951 0.039375
2 0.6491841491841492 0.93671875 0.06433566433566433 0.0371875
2 0.696969696969697 0.92421875 0.0 0.0196875
3 0.6666666666666666 0.88828125 0.1062937062937063 0.148125
4 0.6491841491841492 0.89140625 0.06433566433566433 0.1640625
4 0.703962703962704 0.87890625 0.016783216783216783 0.14656249999999998
5 0.6701631701631702 0.82890625 0.11468531468531468 0.290625
0 0.6631701631701632 0.75625 0.15944055944055943 0.46499999999999997
