1 0.2869674185463659 0.826 0.3578947368421052 0.1248
2 0.15789473684210525 0.836 0.048120300751879695 0.1176
2 0.37468671679197996 0.804 0.14736842105263157 0.084
3 0.2869674185463659 0.765 0.3578947368421052 0.2712
4 0.19172932330827067 0.781 0.1293233082706767 0.27159999999999995
4 0.37468671679197996 0.743 0.14736842105263157 0.25479999999999997
5 0.2869674185463659 0.713 0.3578947368421052 0.396
0 0.30952380952380953 0.547 0.4120300751879699 0.7944
1 0.7531328320802005 0.796 0.3458646616541353 0.1536
2 0.6228070175438597 0.778 0.03308270676691729 0.12879999999999997
2 0.87468671679198 0.828 0.054135338345864654 0.0896
3 0.7531328320802005 0.769 0.3458646616541353 0.2184
4 0.6228070175438597 0.752 0.03308270676691729 0.2016
4 0.8558897243107769 0.769 0.09924812030075188 0.25479999999999997
5 0.7531328320802005 0.69 0.3458646616541353 0.408
0 0.7205513784461153 0.569 0.4240601503759398 0.6984
