1 0.7203125 0.9143518518518519 0.12 0.05555555555555555
2 0.75234375 0.9143518518518519 0.043125 0.06481481481481481
2 0.6890625 0.9120370370370371 0.045 0.05185185185185185
3 0.7203125 0.8298611111111112 0.12 0.2583333333333333
4 0.75234375 0.8321759259259259 0.043125 0.2949074074074074
4 0.6890625 0.8263888888888888 0.045 0.29166666666666663
5 0.7203125 0.7604166666666666 0.12 0.425
0 0.70625 0.6053240740740741 0.23625 0.7893518518518519
1 0.5375 0.8912037037037037 0.09 0.049999999999999996
2 0.5640625 0.8935185185185185 0.026250000000000002 0.05185185185185185
2 0.515625 0.8831018518518519 0.0375 0.035648148148148144
3 0.5375 0.8229166666666666 0.09 0.21388888888888888
4 0.5640625 0.8252314814814815 0.026250000000000002 0.24305555555555555
4 0.515625 0.8148148148148148 0.0375 0.22685185185185186
5 0.5390625 0.7372685185185185 0.09375 0.4194444444444444
0 0.56015625 0.5810185185185185 0.14437499999999998 0.7944444444444444
