1 0.4140625 0.7354166666666667 0.03 0.014999999999999998
2 0.42265625 0.7333333333333333 0.009375 0.011666666666666665
2 0.4046875 0.7364583333333333 0.0075 0.014583333333333334
3 0.4140625 0.7166666666666667 0.03 0.05999999999999999
4 0.42265625 0.7145833333333333 0.009375 0.06416666666666666
4 0.4046875 0.7177083333333333 0.0075 0.06708333333333333
5 0.4140625 0.6927083333333334 0.03 0.1175
0 0.4140625 0.6625 0.0375 0.19
1 0.36875 0.740625 0.026250000000000002 0.0175
2 0.375 0.7416666666666667 0.01125 0.017499999999999998
2 0.36328125 0.7395833333333334 0.013125000000000001 0.017499999999999998
3 0.36875 0.721875 0.026250000000000002 0.0625
4 0.375 0.7229166666666667 0.01125 0.06999999999999999
4 0.36328125 0.7208333333333333 0.013125000000000001 0.06999999999999999
5 0.36875 0.6947916666666667 0.026250000000000002 0.1275
0 0.37421875 0.6552083333333333 0.039375 0.2225
1 0.52109375 0.7447916666666666 0.031875 0.0225
2 0.53125 0.7416666666666667 0.0075 0.017499999999999998
2 0.51171875 0.7479166666666667 0.009375 0.017499999999999998
3 0.52109375 0.7197916666666667 0.031875 0.0825
4 0.53125 0.7166666666666667 0.0075 0.0875
4 0.51171875 0.7208333333333333 0.009375 0.09333333333333332
5 0.5203125 0.7145833333333333 0.033749999999999995 0.095
0 0.5171875 0.6864583333333333 0.041249999999999995 0.1625
