1 0.61953125 0.6115023474178404 0.20812499999999998 0.07605633802816901
2 0.68984375 0.5938967136150235 0.039375 0.039436619718309855
2 0.53828125 0.6150234741784038 0.013125000000000001 0.07887323943661971
3 0.61953125 0.5633802816901409 0.20812499999999998 0.19154929577464788
4 0.6828125 0.545774647887324 0.05625 0.17417840375586852
4 0.56875 0.5974178403755869 0.08625 0.12816901408450704
5 0.61953125 0.5352112676056338 0.20812499999999998 0.2591549295774648
0 0.61953125 0.4812206572769953 0.20812499999999998 0.38873239436619716
1 0.34765625 0.7112676056338029 0.039375 0.11830985915492957
2 0.3640625 0.6619718309859155 0.0 0.0
2 0.3453125 0.7476525821596244 0.033749999999999995 0.03615023474178403
3 0.3640625 0.6948356807511737 0.07875 0.15774647887323945
4 0.38046875 0.6455399061032864 0.039375 0.0460093896713615
4 0.35546875 0.7124413145539906 0.058124999999999996 0.13474178403755868
5 0.36171875 0.6948356807511737 0.084375 0.15774647887323945
0 0.38984375 0.653755868544601 0.151875 0.2563380281690141
1 0.2671875 0.7230046948356808 0.045 0.1352112676056338
2 0.25390625 0.6690140845070423 0.013125000000000001 0.006572769953051643
2 0.26875 0.7676056338028169 0.041249999999999995 0.03286384976525822
3 0.26875 0.6924882629107981 0.04875 0.2084507042253521
4 0.26875 0.6384976525821596 0.04875 0.092018779342723
4 0.26953125 0.7194835680751174 0.043125 0.16760563380281687
5 0.26796875 0.6772300469483568 0.050624999999999996 0.24507042253521125
0 0.29609375 0.6314553990610329 0.118125 0.3549295774647887
