1 0.67109375 0.8259345794392523 0.515625 0.13738317757009344
2 0.48984375 0.8679906542056075 0.080625 0.042523364485981305
2 0.86015625 0.7955607476635514 0.061875 0.07523364485981307
3 0.67109375 0.7815420560747663 0.515625 0.2439252336448598
4 0.496875 0.7815420560747663 0.0975 0.2845794392523364
4 0.8 0.7780373831775701 0.20625 0.12429906542056074
5 0.67109375 0.7476635514018691 0.515625 0.32523364485981304
0 0.67109375 0.6016355140186916 0.515625 0.6757009345794392
1 0.89296875 0.18341121495327103 0.061875 0.0308411214953271
2 0.91328125 0.1810747663551402 0.013125000000000001 0.029439252336448597
2 0.871875 0.1939252336448598 0.01125 0.006542056074766355
3 0.89296875 0.14369158878504673 0.061875 0.1261682242990654
4 0.91328125 0.1425233644859813 0.013125000000000001 0.13738317757009344
4 0.871875 0.14369158878504673 0.01125 0.14719626168224298
0 0.89296875 0.14369158878504673 0.061875 0.1261682242990654
