1 0.7203125 0.8263888888888888 0.06749999999999999 0.24444444444444444
2 0.70546875 0.7245370370370371 0.031875 0.0
2 0.73984375 0.8796296296296297 0.020624999999999998 0.1361111111111111
3 0.7328125 0.7685185185185185 0.0975 0.3833333333333333
4 0.7328125 0.6967592592592593 0.0975 0.07777777777777777
4 0.7390625 0.7685185185185185 0.0225 0.4472222222222222
5 0.7328125 0.6979166666666666 0.0975 0.5527777777777777
0 0.76796875 0.5266203703703703 0.226875 0.9467592592592593
1 0.23671875 0.8298611111111112 0.058124999999999996 0.24166666666666664
2 0.23671875 0.7662037037037037 0.058124999999999996 0.1037037037037037
2 0.24921875 0.875 0.028125 0.15555555555555553
3 0.24609375 0.7800925925925926 0.080625 0.3611111111111111
4 0.24609375 0.7453703703703703 0.080625 0.16203703703703703
4 0.24921875 0.7800925925925926 0.028125 0.4212962962962963
5 0.2515625 0.6898148148148148 0.09375 0.5777777777777777
0 0.28359375 0.5266203703703703 0.21937500000000001 0.9467592592592593
1 0.63203125 0.34375 0.039375 0.019444444444444445
2 0.63984375 0.34375 0.020624999999999998 0.022685185185185183
2 0.625 0.3414351851851852 0.0225 0.00972222222222222
3 0.63203125 0.3125 0.039375 0.09444444444444444
4 0.63984375 0.3125 0.020624999999999998 0.11018518518518518
4 0.6265625 0.3101851851851852 0.026250000000000002 0.09722222222222222
5 0.63203125 0.28125 0.039375 0.16944444444444445
0 0.6265625 0.22916666666666666 0.052500000000000005 0.2944444444444444
1 0.1578125 0.33912037037037035 0.03 0.030555555555555555
2 0.16328125 0.3449074074074074 0.013125000000000001 0.01944444444444444
2 0.1578125 0.3368055555555556 0.03 0.029166666666666667
3 0.1578125 0.3113425925925926 0.03 0.09722222222222222
4 0.16328125 0.3136574074074074 0.013125000000000001 0.10694444444444444
4 0.1578125 0.3090277777777778 0.03 0.10694444444444444
5 0.16015625 0.2777777777777778 0.035625000000000004 0.17777777777777778
0 0.15625 0.22916666666666666 0.045 0.2944444444444444
