1 0.7617370892018779 0.5109375 0.1267605633802817 0.041249999999999995
2 0.7922535211267606 0.50859375 0.053521126760563385 0.041562499999999995
2 0.7230046948356808 0.51796875 0.03380281690140845 0.028437499999999998
3 0.7617370892018779 0.47890625 0.1267605633802817 0.118125
4 0.7922535211267606 0.4765625 0.053521126760563385 0.13125
4 0.7230046948356808 0.48203125 0.03380281690140845 0.1290625
5 0.7617370892018779 0.4453125 0.1267605633802817 0.19874999999999998
0 0.7652582159624414 0.3828125 0.21408450704225354 0.34875
1 0.4823943661971831 0.88515625 0.2732394366197183 0.05437499999999999
2 0.5422535211267606 0.8953125 0.1295774647887324 0.034999999999999996
2 0.42488262910798125 0.86875 0.1352112676056338 0.017499999999999998
3 0.4823943661971831 0.8234375 0.2732394366197183 0.20249999999999999
4 0.5422535211267606 0.82734375 0.1295774647887324 0.22531249999999997
4 0.42488262910798125 0.80703125 0.1352112676056338 0.1903125
5 0.4823943661971831 0.75 0.2732394366197183 0.37875
0 0.5105633802816901 0.62890625 0.3408450704225352 0.6693749999999999
