1 0.70390625 0.4125 0.114375 0.02
2 0.67265625 0.4125 0.039375 0.02333333333333333
2 0.7359375 0.41354166666666664 0.0375 0.020416666666666663
3 0.70390625 0.3770833333333333 0.114375 0.105
4 0.67734375 0.3770833333333333 0.050624999999999996 0.1225
4 0.7359375 0.3770833333333333 0.0375 0.1225
5 0.70390625 0.3375 0.114375 0.2
0 0.70390625 0.265625 0.114375 0.37249999999999994
1 0.25546875 0.571875 0.170625 0.19249999999999998
2 0.3125 0.6385416666666667 0.033749999999999995 0.03791666666666667
2 0.2046875 0.5041666666666667 0.04875 0.034999999999999996
3 0.27578125 0.5291666666666667 0.21937500000000001 0.295
4 0.3328125 0.5864583333333333 0.08249999999999999 0.18374999999999997
4 0.24609375 0.46145833333333336 0.148125 0.15458333333333332
5 0.3046875 0.4895833333333333 0.28874999999999995 0.38999999999999996
0 0.3765625 0.40520833333333334 0.46125 0.5924999999999999
