1 0.5453125 0.8555926544240401 0.1725 0.07412353923205342
2 0.5984375 0.8589315525876461 0.045 0.07712854757929882
2 0.49296875 0.8480801335559266 0.046875 0.06544240400667779
3 0.5453125 0.7312186978297162 0.1725 0.3726210350584307
4 0.5859375 0.7404006677796328 0.075 0.4090150250417362
4 0.49296875 0.7237061769616027 0.046875 0.41368948247078463
5 0.5328125 0.6811352253756261 0.20249999999999999 0.4928213689482471
0 0.4515625 0.5383973288814691 0.39749999999999996 0.8353923205342236
1 0.71171875 0.8864774624373957 0.196875 0.17228714524207012
2 0.77265625 0.9265442404006677 0.050624999999999996 0.08881469115191985
2 0.64296875 0.8480801335559266 0.031875 0.09348914858096828
3 0.71171875 0.7595993322203672 0.196875 0.47679465776293817
4 0.77265625 0.8038397328881469 0.050624999999999996 0.39232053422370616
4 0.64296875 0.7212020033388982 0.031875 0.44874791318864765
5 0.69296875 0.6903171953255426 0.24187499999999998 0.6193656093489148
0 0.60859375 0.5475792988313857 0.44437499999999996 0.9048414023372288
