1 0.23743718592964824 0.695 0.17185929648241205 0.0552
2 0.2914572864321608 0.698 0.042211055276381915 0.056
2 0.18090452261306533 0.686 0.036180904522613064 0.0392
3 0.24748743718592964 0.625 0.19597989949748743 0.22319999999999998
4 0.3015075376884422 0.635 0.06633165829145728 0.23239999999999997
4 0.20477386934673367 0.616 0.09346733668341707 0.2352
5 0.26256281407035176 0.563 0.23216080402010048 0.372
0 0.32663316582914576 0.453 0.385929648241206 0.636
1 0.4836683417085427 0.774 0.2924623115577889 0.0912
2 0.5741206030150754 0.787 0.07537688442211055 0.07
2 0.3869346733668342 0.756 0.06030150753768844 0.056
3 0.4836683417085427 0.701 0.2924623115577889 0.26639999999999997
4 0.5741206030150754 0.714 0.07537688442211055 0.2744
4 0.4158291457286432 0.683 0.12964824120603016 0.26039999999999996
5 0.4836683417085427 0.632 0.2924623115577889 0.432
0 0.5402010050251256 0.574 0.42814070351758793 0.5711999999999999
