1 0.44453125 0.7052083333333333 0.22312499999999996 0.0525
2 0.52421875 0.6989583333333333 0.031875 0.04375
2 0.3609375 0.70625 0.0225 0.058333333333333334
3 0.44453125 0.6697916666666667 0.22312499999999996 0.1375
4 0.515625 0.6635416666666667 0.052500000000000005 0.14291666666666666
4 0.384375 0.6760416666666667 0.07875 0.14291666666666666
5 0.44453125 0.6364583333333333 0.22312499999999996 0.21749999999999997
0 0.44453125 0.5572916666666666 0.22312499999999996 0.4075
1 0.17734375 0.7385416666666667 0.140625 0.17750000000000002
2 0.221875 0.7895833333333333 0.033749999999999995 0.06416666666666666
2 0.14765625 0.703125 0.06937499999999999 0.10791666666666666
3 0.17734375 0.7052083333333333 0.140625 0.2575
4 0.21171875 0.7177083333333333 0.058124999999999996 0.26541666666666663
4 0.1703125 0.6697916666666667 0.12375 0.20124999999999998
5 0.17734375 0.6364583333333333 0.140625 0.4225
0 0.2171875 0.5322916666666667 0.23625 0.6725
