1 0.13203125 0.2892271662763466 0.178125 0.3007025761124122
2 0.19921875 0.40398126463700235 0.016874999999999998 0.029508196721311476
2 0.07265625 0.17330210772833723 0.035625000000000004 0.02622950819672131
3 0.13203125 0.2892271662763466 0.178125 0.3007025761124122
4 0.19921875 0.3711943793911007 0.016874999999999998 0.12131147540983606
4 0.09375 0.20140515222482436 0.08625 0.10491803278688525
5 0.13203125 0.2892271662763466 0.178125 0.3007025761124122
0 0.15859375 0.2892271662763466 0.24187499999999998 0.3007025761124122
1 0.76015625 0.9297423887587822 0.361875 0.03372365339578454
2 0.62421875 0.927400468384075 0.035625000000000004 0.03278688524590164
2 0.8921875 0.9320843091334895 0.045 0.03278688524590164
3 0.76015625 0.8618266978922716 0.361875 0.19672131147540983
4 0.6328125 0.8594847775175644 0.05625 0.22295081967213112
4 0.884375 0.8641686182669789 0.06375 0.22295081967213112
5 0.76015625 0.8454332552693209 0.361875 0.2360655737704918
0 0.76015625 0.7423887587822015 0.361875 0.48337236533957845
1 0.54453125 0.8372365339578455 0.065625 0.0702576112412178
2 0.525 0.8149882903981265 0.01875 0.019672131147540982
2 0.553125 0.8454332552693209 0.045 0.05901639344262295
3 0.54609375 0.7892271662763466 0.06937499999999999 0.185480093676815
4 0.5265625 0.7669789227166276 0.0225 0.1540983606557377
4 0.5546875 0.8021077283372365 0.04875 0.18032786885245902
5 0.5375 0.7447306791569087 0.09 0.29227166276346606
0 0.565625 0.6428571428571429 0.1575 0.536768149882904
1 0.5984375 0.17681498829039813 0.06749999999999999 0.019672131147540985
2 0.621875 0.1756440281030445 0.01125 0.019672131147540982
2 0.57421875 0.18032786885245902 0.009375 0.013114754098360656
3 0.5984375 0.1557377049180328 0.06749999999999999 0.0702576112412178
4 0.6171875 0.15456674473067916 0.0225 0.07868852459016393
4 0.57421875 0.15807962529274006 0.009375 0.07540983606557376
5 0.5984375 0.13114754098360656 0.06749999999999999 0.12927400468384073
0 0.59453125 0.09601873536299765 0.076875 0.1920374707259953
1 0.82578125 0.8992974238875878 0.21187499999999998 0.05058548009367681
2 0.75234375 0.8992974238875878 0.035625000000000004 0.05901639344262295
2 0.90625 0.8992974238875878 0.01875 0.013114754098360656
3 0.82578125 0.8407494145199064 0.21187499999999998 0.1911007025761124
4 0.75234375 0.8571428571428571 0.035625000000000004 0.17704918032786884
4 0.89765625 0.832552693208431 0.039375 0.19999999999999998
5 0.82578125 0.8407494145199064 0.21187499999999998 0.1911007025761124
0 0.82578125 0.797423887587822 0.21187499999999998 0.29508196721311475
