1 0.665 0.628 0.09359999999999999 0.0416
2 0.7 0.624 0.0096 0.037333333333333336
2 0.634 0.6333333333333333 0.0192 0.0336
3 0.665 0.5973333333333334 0.09359999999999999 0.11519999999999998
4 0.688 0.5933333333333334 0.0384 0.12319999999999999
4 0.634 0.6 0.0192 0.12693333333333331
5 0.665 0.5626666666666666 0.09359999999999999 0.19839999999999997
0 0.663 0.508 0.09839999999999999 0.3296
1 0.056 0.7453333333333333 0.1056 0.028799999999999996
2 0.086 0.74 0.033600000000000005 0.018666666666666668
2 0.023 0.7533333333333333 0.0264 0.011199999999999998
3 0.056 0.708 0.1056 0.11839999999999999
4 0.085 0.7026666666666667 0.036 0.12319999999999999
4 0.023 0.708 0.0264 0.13813333333333333
5 0.056 0.672 0.1056 0.20479999999999998
0 0.055 0.596 0.108 0.3872
