1 0.43046875 0.7552204176334106 0.189375 0.05846867749419953
2 0.36328125 0.7633410672853829 0.028125 0.03248259860788863
2 0.4953125 0.7552204176334106 0.033749999999999995 0.06821345707656612
3 0.43046875 0.6716937354988399 0.189375 0.2589327146171694
4 0.36328125 0.6693735498839907 0.028125 0.2955916473317865
4 0.4796875 0.6716937354988399 0.07125000000000001 0.3020881670533642
5 0.43046875 0.5777262180974478 0.189375 0.4844547563805104
0 0.3796875 0.5174013921113689 0.31124999999999997 0.6292343387470998
1 0.615625 0.8190255220417634 0.1125 0.05568445475638051
2 0.63125 0.8178654292343387 0.075 0.06171693735498839
2 0.6 0.8213457076566125 0.075 0.05846867749419953
3 0.615625 0.7076566125290024 0.1125 0.3229698375870069
4 0.63125 0.7064965197215777 0.075 0.37354988399071926
4 0.6 0.7146171693735499 0.075 0.35730858468677495
5 0.615625 0.6241299303944315 0.1125 0.5234338747099768
0 0.63828125 0.58584686774942 0.174375 0.6153132250580046
