1 0.47109375 0.870023419203747 0.088125 0.06463700234192037
2 0.4515625 0.8676814988290398 0.041249999999999995 0.04918032786885246
2 0.49609375 0.870023419203747 0.028125 0.07540983606557376
3 0.47109375 0.7903981264637002 0.088125 0.25573770491803277
4 0.46953125 0.7868852459016393 0.084375 0.27540983606557373
4 0.49609375 0.7903981264637002 0.028125 0.29836065573770487
5 0.475 0.7107728337236534 0.0975 0.44683840749414516
0 0.54609375 0.5679156908665105 0.268125 0.789695550351288
1 0.06484375 0.7142857142857143 0.09937499999999999 0.04496487119437939
2 0.1 0.7142857142857143 0.015 0.05245901639344262
2 0.0265625 0.7177985948477752 0.0075 0.01639344262295082
3 0.06484375 0.6569086651053864 0.09937499999999999 0.18266978922716628
4 0.1 0.6569086651053864 0.015 0.21311475409836064
4 0.0265625 0.6557377049180327 0.0075 0.19016393442622948
5 0.06484375 0.5913348946135831 0.09937499999999999 0.3400468384074941
0 0.06484375 0.4496487119437939 0.1296875 0.6800936768149882
