1 0.4375 0.8708333333333333 0.11624999999999999 0.055
2 0.4640625 0.8635416666666667 0.052500000000000005 0.04375
2 0.41640625 0.8739583333333333 0.065625 0.05541666666666666
3 0.4375 0.8447916666666667 0.11624999999999999 0.1175
4 0.4640625 0.8375 0.052500000000000005 0.11666666666666667
4 0.41640625 0.8447916666666667 0.065625 0.13708333333333333
5 0.4375 0.8041666666666667 0.11624999999999999 0.215
0 0.4046875 0.6958333333333333 0.19874999999999998 0.475
1 0.4046875 0.8291666666666667 0.29625 0.11
2 0.50546875 0.7927083333333333 0.05437499999999999 0.02625
2 0.315625 0.8625 0.08249999999999999 0.034999999999999996
3 0.4046875 0.76875 0.29625 0.255
4 0.50234375 0.7322916666666667 0.061875 0.19541666666666666
4 0.3203125 0.7739583333333333 0.09375 0.28291666666666665
5 0.4046875 0.7020833333333333 0.29625 0.415
0 0.4046875 0.5822916666666667 0.29625 0.7025
