1 0.21015625 0.5416666666666666 0.09937499999999999 0.14
2 0.1875 0.55625 0.045 0.1225
2 0.2328125 0.5145833333333333 0.045 0.0875
3 0.26171875 0.5416666666666666 0.22312499999999996 0.14
4 0.2546875 0.55625 0.20625 0.1225
4 0.284375 0.5145833333333333 0.16875 0.0875
5 0.33046875 0.5416666666666666 0.38812499999999994 0.14
0 0.46171875 0.55 0.703125 0.16
1 0.43828125 0.44583333333333336 0.031875 0.11999999999999998
2 0.43828125 0.484375 0.031875 0.03208333333333333
2 0.4375 0.40520833333333334 0.03 0.02625
3 0.47421875 0.44583333333333336 0.118125 0.11999999999999998
4 0.47421875 0.484375 0.118125 0.03208333333333333
4 0.47265625 0.4083333333333333 0.114375 0.034999999999999996
5 0.51171875 0.44583333333333336 0.20812499999999998 0.11999999999999998
0 0.5984375 0.434375 0.41624999999999995 0.17750000000000002
1 0.403125 0.909375 0.045 0.1425
2 0.39921875 0.946875 0.035625000000000004 0.06125
2 0.4046875 0.8604166666666667 0.041249999999999995 0.029166666666666667
3 0.4421875 0.909375 0.13874999999999998 0.1425
4 0.43046875 0.946875 0.110625 0.06125
4 0.44375 0.8770833333333333 0.13499999999999998 0.07583333333333334
5 0.46796875 0.91875 0.200625 0.1625
0 0.5453125 0.91875 0.38625 0.1625
