1 0.678125 0.9578454332552693 0.45 0.022482435597189696
2 0.678125 0.9578454332552693 0.45 0.02622950819672131
2 0.68203125 0.955503512880562 0.43687499999999996 0.0
3 0.678125 0.8512880562060889 0.45 0.2782201405152225
4 0.678125 0.8512880562060889 0.45 0.297423887587822
4 0.68203125 0.8747072599531616 0.43687499999999996 0.2262295081967213
5 0.678125 0.7939110070257611 0.45 0.41217798594847777
0 0.653125 0.6323185011709602 0.51 0.7353629976580797
1 0.5796875 0.9285714285714286 0.55125 0.053395784543325525
2 0.7875 0.9285714285714286 0.052500000000000005 0.06229508196721311
2 0.3828125 0.9262295081967213 0.07875 0.05573770491803278
3 0.5796875 0.8079625292740047 0.55125 0.34285714285714286
4 0.74453125 0.832552693208431 0.15562499999999999 0.3311475409836065
4 0.4015625 0.8056206088992974 0.12375 0.38875878220140514
5 0.5796875 0.7353629976580797 0.55125 0.5170960187353629
0 0.5796875 0.5304449648711944 0.55125 0.9391100702576113
1 0.85859375 0.31030444964871196 0.043125 0.025292740046838406
2 0.8421875 0.3185011709601874 0.00375 0.006557377049180328
2 0.86796875 0.31030444964871196 0.020624999999999998 0.029508196721311476
3 0.86015625 0.28454332552693207 0.046875 0.08711943793911006
4 0.8421875 0.2892271662763466 0.00375 0.08852459016393442
4 0.86953125 0.28454332552693207 0.024375 0.10163934426229508
5 0.86015625 0.2505854800936768 0.046875 0.1686182669789227
0 0.8609375 0.1955503512880562 0.04875 0.3007025761124122
