1 0.1939252336448598 0.8609375 0.033644859813084106 0.06
2 0.1939252336448598 0.8703125 0.033644859813084106 0.04375
2 0.205607476635514 0.8359375 0.0 0.0
3 0.1939252336448598 0.83203125 0.033644859813084106 0.129375
4 0.1939252336448598 0.83203125 0.033644859813084106 0.1509375
4 0.19976635514018692 0.809375 0.014018691588785047 0.074375
5 0.2091121495327103 0.796875 0.07570093457943924 0.21374999999999997
0 0.21261682242990654 0.746875 0.2130841121495327 0.33375
1 0.5432242990654206 0.775 0.05327102803738318 0.01125
2 0.5607476635514018 0.77578125 0.011214953271028037 0.0109375
2 0.5257009345794392 0.7734375 0.011214953271028037 0.008749999999999999
3 0.5432242990654206 0.7578125 0.05327102803738318 0.052500000000000005
4 0.5607476635514018 0.75859375 0.011214953271028037 0.0590625
4 0.5292056074766355 0.75625 0.019626168224299065 0.056874999999999995
5 0.5467289719626168 0.740625 0.0616822429906542 0.09375
0 0.5619158878504673 0.70703125 0.09813084112149532 0.174375
