1 0.337890625 0.84921875 0.3046875 0.298125
2 0.4423828125 0.96484375 0.053906249999999996 0.024062499999999997
2 0.2333984375 0.75625 0.053906249999999996 0.0875
3 0.3427734375 0.84921875 0.31640625 0.298125
4 0.447265625 0.909375 0.065625 0.179375
4 0.2646484375 0.75703125 0.12890625 0.0896875
5 0.3515625 0.83671875 0.33749999999999997 0.3265625
0 0.4091796875 0.77109375 0.47578125 0.4578125
1 0.6357421875 0.56015625 0.36796875 0.016874999999999998
2 0.771484375 0.5625 0.042187499999999996 0.013124999999999998
2 0.4951171875 0.55703125 0.03046875 0.0109375
3 0.6357421875 0.51328125 0.36796875 0.129375
4 0.7568359375 0.5140625 0.07734375 0.14875
4 0.5166015625 0.51015625 0.08203125 0.1421875
5 0.6357421875 0.48515625 0.36796875 0.196875
0 0.6357421875 0.43671875 0.36796875 0.313125
