1 0.2140625 0.788056206088993 0.16499999999999998 0.03091334894613583
2 0.15 0.7845433255269321 0.01125 0.02622950819672131
2 0.275 0.797423887587822 0.01875 0.009836065573770491
3 0.2140625 0.7622950819672131 0.16499999999999998 0.0927400468384075
4 0.16328125 0.7587822014051522 0.043125 0.09836065573770492
4 0.26953125 0.7704918032786885 0.031875 0.08524590163934426
5 0.2140625 0.747072599531616 0.16499999999999998 0.12927400468384073
0 0.2140625 0.6826697892271663 0.16499999999999998 0.28384074941451987
1 0.5546875 0.6135831381733021 0.07125000000000001 0.02810304449648712
2 0.5375 0.6053864168618267 0.03 0.009836065573770491
2 0.571875 0.6159250585480094 0.03 0.02622950819672131
3 0.5546875 0.5819672131147541 0.07125000000000001 0.10398126463700234
4 0.5375 0.5737704918032787 0.03 0.09836065573770492
4 0.571875 0.5831381733021077 0.03 0.1180327868852459
5 0.5546875 0.5608899297423887 0.07125000000000001 0.15456674473067916
0 0.559375 0.5011709601873536 0.11624999999999999 0.29789227166276344
