1 0.3390625 0.8852459016393442 0.052500000000000005 0.1686182669789227
2 0.3515625 0.9332552693208431 0.0225 0.06229508196721311
2 0.3234375 0.8536299765807962 0.015 0.1081967213114754
3 0.34296875 0.8466042154566745 0.06937499999999999 0.2613583138173302
4 0.35703125 0.8466042154566745 0.035625000000000004 0.30491803278688523
4 0.321875 0.8466042154566745 0.01875 0.12786885245901639
5 0.3515625 0.7833723653395784 0.09 0.4131147540983607
0 0.34453125 0.6451990632318502 0.305625 0.7096018735362998
1 0.63046875 0.8489461358313818 0.174375 0.03091334894613583
2 0.69296875 0.8477751756440282 0.024375 0.03278688524590164
2 0.565625 0.8512880562060889 0.01875 0.029508196721311476
3 0.63046875 0.8021077283372365 0.174375 0.1433255269320843
4 0.68984375 0.8009367681498829 0.031875 0.16393442622950818
4 0.58046875 0.8021077283372365 0.05437499999999999 0.16721311475409834
5 0.63046875 0.7822014051522248 0.174375 0.1911007025761124
0 0.63046875 0.7318501170960188 0.174375 0.311943793911007
