1 0.13671875 0.42488262910798125 0.110625 0.3380281690140845
2 0.12265625 0.34507042253521125 0.076875 0.1708920187793427
2 0.1640625 0.5082159624413145 0.045 0.16103286384976526
3 0.2171875 0.4096244131455399 0.30375 0.37464788732394366
4 0.2171875 0.32981220657276994 0.30375 0.2136150234741784
4 0.24453125 0.4612676056338028 0.238125 0.2924882629107981
5 0.31328125 0.3767605633802817 0.534375 0.45352112676056333
0 0.45703125 0.43779342723004694 0.8793749999999999 0.6
1 0.84765625 0.29460093896713613 0.035625000000000004 0.059154929577464786
2 0.85703125 0.29107981220657275 0.013125000000000001 0.059154929577464786
2 0.8375 0.30164319248826293 0.01125 0.04929577464788732
3 0.846875 0.24647887323943662 0.0375 0.17464788732394365
4 0.85703125 0.24295774647887325 0.013125000000000001 0.19389671361502345
4 0.83671875 0.2476525821596244 0.013125000000000001 0.2004694835680751
5 0.84921875 0.19131455399061034 0.05437499999999999 0.30704225352112674
0 0.83203125 0.17018779342723006 0.136875 0.3403755868544601
