1 0.148711943793911 0.421875 0.18266978922716628 0.01125
2 0.20374707259953162 0.41796875 0.05058548009367681 0.0021874999999999998
2 0.09133489461358314 0.421875 0.04496487119437939 0.013124999999999998
3 0.148711943793911 0.38203125 0.18266978922716628 0.10687499999999998
4 0.20374707259953162 0.378125 0.05058548009367681 0.11374999999999999
4 0.09718969555035128 0.384375 0.05901639344262295 0.118125
5 0.148711943793911 0.35703125 0.18266978922716628 0.166875
0 0.15105386416861827 0.31484375 0.18829039812646367 0.268125
1 0.46604215456674475 0.8765625 0.48337236533957845 0.07125000000000001
2 0.31733021077283374 0.884375 0.12646370023419204 0.06124999999999999
2 0.6088992974238876 0.86484375 0.1405152224824356 0.050312499999999996
3 0.46604215456674475 0.796875 0.48337236533957845 0.2625
4 0.31733021077283374 0.8015625 0.12646370023419204 0.29312499999999997
4 0.6018735362997658 0.78515625 0.15737704918032788 0.2734375
5 0.46604215456674475 0.71640625 0.48337236533957845 0.45562499999999995
0 0.4332552693208431 0.56328125 0.5620608899297423 0.8231249999999999
