1 0.76171875 0.47423887587822017 0.22312499999999996 0.10398126463700234
2 0.84375 0.4613583138173302 0.026250000000000002 0.08524590163934426
2 0.6875 0.5046838407494145 0.045 0.0360655737704918
3 0.76171875 0.4566744730679157 0.22312499999999996 0.14613583138173303
4 0.8171875 0.446135831381733 0.09 0.12786885245901639
4 0.6875 0.4566744730679157 0.045 0.17049180327868851
5 0.76171875 0.41217798594847777 0.22312499999999996 0.2529274004683841
0 0.76171875 0.3337236533957845 0.22312499999999996 0.4412177985948478
1 0.43125 0.9332552693208431 0.08249999999999999 0.03091334894613583
2 0.41796875 0.9379391100702577 0.050624999999999996 0.022950819672131147
2 0.46484375 0.9262295081967213 0.001875 0.01639344262295082
3 0.43125 0.8629976580796253 0.08249999999999999 0.19953161592505855
4 0.41796875 0.8665105386416861 0.050624999999999996 0.22295081967213112
4 0.4625 0.8559718969555035 0.0075 0.21311475409836064
5 0.43125 0.7740046838407494 0.08249999999999999 0.4131147540983607
0 0.39609375 0.6569086651053864 0.18187499999999998 0.6861826697892272
