1 0.49066666666666664 0.708 0.8191999999999999 0.096
2 0.368 0.689 0.3008 0.0588
2 0.49066666666666664 0.72 0.8191999999999999 0.0784
3 0.49066666666666664 0.658 0.8191999999999999 0.216
4 0.42533333333333334 0.639 0.4384 0.19879999999999998
4 0.49066666666666664 0.668 0.8191999999999999 0.224
5 0.49066666666666664 0.582 0.8191999999999999 0.3984
0 0.5066666666666667 0.468 0.8575999999999999 0.672
1 0.24266666666666667 0.688 0.23039999999999997 0.048
2 0.292 0.672 0.112 0.0112
2 0.17466666666666666 0.695 0.0672 0.0364
3 0.24266666666666667 0.628 0.23039999999999997 0.192
4 0.2906666666666667 0.613 0.11519999999999998 0.17639999999999997
4 0.19733333333333333 0.628 0.1216 0.224
5 0.24266666666666667 0.553 0.23039999999999997 0.372
0 0.29733333333333334 0.46 0.3616 0.5952
