1 0.58515625 0.7184579439252337 0.080625 0.08130841121495326
2 0.60625 0.7219626168224299 0.03 0.08504672897196261
2 0.56484375 0.7184579439252337 0.031875 0.09485981308411214
3 0.58515625 0.6542056074766355 0.080625 0.23551401869158878
4 0.60625 0.6542056074766355 0.03 0.2747663551401869
4 0.56484375 0.6542056074766355 0.031875 0.2747663551401869
5 0.58515625 0.5689252336448598 0.080625 0.44018691588785047
0 0.6046875 0.4135514018691589 0.32625 0.8130841121495327
1 0.225 0.8142523364485982 0.13125 0.05327102803738318
2 0.22265625 0.8142523364485982 0.125625 0.06214953271028037
2 0.25078125 0.8165887850467289 0.06937499999999999 0.042523364485981305
3 0.21328125 0.7406542056074766 0.159375 0.22990654205607475
4 0.22265625 0.7464953271028038 0.125625 0.25186915887850464
4 0.21328125 0.7383177570093458 0.159375 0.2616822429906542
5 0.19140625 0.7406542056074766 0.21187499999999998 0.22990654205607475
0 0.17265625 0.6799065420560748 0.256875 0.3757009345794392
