1 0.6046875 0.5697399527186762 0.07875 0.05673758865248227
2 0.63046875 0.5886524822695035 0.016874999999999998 0.013238770685579196
2 0.578125 0.5484633569739953 0.015 0.006619385342789598
3 0.60859375 0.5520094562647754 0.088125 0.09929078014184398
4 0.634375 0.5673758865248227 0.026250000000000002 0.07281323877068557
4 0.5890625 0.5307328605200946 0.041249999999999995 0.056264775413711575
5 0.60859375 0.5425531914893617 0.088125 0.12198581560283689
0 0.61328125 0.4988179669030733 0.09937499999999999 0.22695035460992907
1 0.134375 0.5354609929078015 0.041249999999999995 0.02553191489361702
2 0.121875 0.5342789598108747 0.01125 0.013238770685579196
2 0.14921875 0.5354609929078015 0.005625 0.02978723404255319
3 0.134375 0.5141843971631206 0.041249999999999995 0.07659574468085106
4 0.12265625 0.5106382978723404 0.013125000000000001 0.07943262411347517
4 0.14921875 0.516548463356974 0.005625 0.08274231678486997
5 0.134375 0.49763593380614657 0.041249999999999995 0.11631205673758864
0 0.13984375 0.4562647754137116 0.058124999999999996 0.21560283687943263
1 0.0578125 0.5295508274231678 0.01125 0.062411347517730496
2 0.05546875 0.516548463356974 0.005625 0.03640661938534279
2 0.059375 0.5520094562647754 0.0075 0.009929078014184396
3 0.053125 0.5236406619385343 0.0225 0.07659574468085106
4 0.05078125 0.5106382978723404 0.016874999999999998 0.052955082742316785
4 0.059375 0.5307328605200946 0.0075 0.06950354609929078
5 0.0546875 0.5059101654846335 0.026250000000000002 0.11914893617021276
0 0.053125 0.46808510638297873 0.04875 0.2099290780141844
1 0.6859375 0.5981087470449172 0.08625 0.017021276595744678
2 0.71953125 0.5981087470449172 0.005625 0.019858156028368792
2 0.65625 0.5957446808510638 0.015 0.013238770685579196
3 0.6859375 0.574468085106383 0.08625 0.07375886524822695
4 0.71484375 0.5756501182033097 0.016874999999999998 0.08274231678486997
4 0.66328125 0.5721040189125296 0.031875 0.07943262411347517
5 0.6859375 0.5531914893617021 0.08625 0.12482269503546099
0 0.69609375 0.516548463356974 0.110625 0.2127659574468085
