1 0.7625 0.8991853360488798 0.17625 0.10509164969450102
2 0.82109375 0.895112016293279 0.035625000000000004 0.11120162932790223
2 0.7078125 0.9114052953156823 0.045 0.08839103869653768
3 0.77109375 0.8279022403258656 0.196875 0.27617107942973523
4 0.8296875 0.8238289205702648 0.05625 0.31079429735234215
4 0.7296875 0.829938900203666 0.0975 0.3164969450101833
5 0.77109375 0.774949083503055 0.196875 0.40325865580448067
0 0.77109375 0.6283095723014257 0.196875 0.7433808553971487
1 0.9171875 0.8869653767820774 0.13874999999999998 0.10020366598778004
2 0.95546875 0.8890020366598778 0.046875 0.11120162932790223
2 0.87421875 0.8828920570264766 0.035625000000000004 0.1054989816700611
3 0.9171875 0.8340122199592668 0.13874999999999998 0.22729124236252546
4 0.95546875 0.8340122199592668 0.046875 0.265173116089613
4 0.8796875 0.829938900203666 0.04875 0.25376782077393073
5 0.9171875 0.7668024439918534 0.13874999999999998 0.38859470468431767
0 0.92421875 0.6659877800407332 0.1515625 0.630549898167006
1 0.190625 0.8818737270875764 0.31124999999999997 0.09287169042769858
2 0.30390625 0.8828920570264766 0.039375 0.1054989816700611
2 0.084375 0.8665987780040734 0.05625 0.0655804480651731
3 0.190625 0.7678207739307535 0.31124999999999997 0.3665987780040733
4 0.28359375 0.7678207739307535 0.088125 0.42769857433808556
4 0.0875 0.7606924643584522 0.06375 0.3621181262729124
5 0.190625 0.7372708757637475 0.31124999999999997 0.439918533604888
0 0.20234375 0.5519348268839104 0.339375 0.8847250509164969
