1 0.23984375 0.8515625 0.084375 0.01875
2 0.20625 0.8447265625 0.00375 0.002734375
2 0.25 0.8525390625 0.06 0.019140624999999998
3 0.2359375 0.7900390625 0.09375 0.16640625
4 0.20234375 0.7841796875 0.013125000000000001 0.17226562499999998
4 0.25 0.7900390625 0.06 0.19414062499999998
5 0.228125 0.7353515625 0.1125 0.29765625
0 0.2140625 0.6171875 0.20249999999999999 0.5812499999999999
1 0.4171875 0.8486328125 0.16499999999999998 0.021093749999999998
2 0.4 0.84765625 0.12375 0.016406249999999997
2 0.428125 0.8486328125 0.13874999999999998 0.024609375
3 0.4171875 0.7900390625 0.16499999999999998 0.16171875
4 0.4 0.7880859375 0.12375 0.183203125
4 0.428125 0.7900390625 0.13874999999999998 0.188671875
5 0.4171875 0.7294921875 0.16499999999999998 0.30703125
0 0.4171875 0.607421875 0.16499999999999998 0.6
1 0.15859375 0.8017578125 0.028125 0.08203125
2 0.15625 0.8251953125 0.0225 0.024609375
2 0.1609375 0.8017578125 0.0225 0.095703125
3 0.1609375 0.763671875 0.033749999999999995 0.1734375
4 0.15625 0.7626953125 0.0225 0.19960937499999998
4 0.16328125 0.763671875 0.028125 0.20234375
5 0.1609375 0.6845703125 0.033749999999999995 0.36328125
0 0.1546875 0.625 0.04875 0.50625
