1 0.4078125 0.45267489711934156 0.045 0.03950617283950617
2 0.4234375 0.448559670781893 0.0075 0.0345679012345679
2 0.39296875 0.45987654320987653 0.009375 0.025925925925925925
3 0.4078125 0.4228395061728395 0.045 0.1111111111111111
4 0.4234375 0.4207818930041152 0.0075 0.11234567901234567
4 0.39296875 0.4228395061728395 0.009375 0.12962962962962962
5 0.4078125 0.3950617283950617 0.045 0.17777777777777776
0 0.40546875 0.3497942386831276 0.073125 0.2864197530864197
1 0.3234375 0.4567901234567901 0.026250000000000002 0.029629629629629627
2 0.33125 0.45987654320987653 0.0075 0.025925925925925925
2 0.31796875 0.4547325102880658 0.013125000000000001 0.02880658436213992
3 0.32578125 0.4269547325102881 0.031875 0.10123456790123456
4 0.33359375 0.4279835390946502 0.013125000000000001 0.11522633744855967
4 0.31796875 0.42489711934156377 0.013125000000000001 0.11234567901234567
5 0.32890625 0.3888888888888889 0.039375 0.1925925925925926
0 0.33203125 0.35288065843621397 0.080625 0.27901234567901234
