1 0.19953051643192488 0.77421875 0.11830985915492957 0.061875
2 0.24061032863849766 0.796875 0.01971830985915493 0.008749999999999999
2 0.16549295774647887 0.7546875 0.036619718309859155 0.017499999999999998
3 0.19953051643192488 0.753125 0.11830985915492957 0.1125
4 0.24061032863849766 0.775 0.01971830985915493 0.06999999999999999
4 0.17253521126760563 0.73359375 0.053521126760563385 0.0765625
5 0.21009389671361503 0.75078125 0.14366197183098592 0.118125
0 0.21009389671361503 0.71640625 0.14366197183098592 0.200625
1 0.3814553990610329 0.7953125 0.5549295774647887 0.1125
2 0.4213615023474178 0.81875 0.4591549295774648 0.06124999999999999
2 0.3767605633802817 0.7953125 0.5436619718309859 0.13125
3 0.3814553990610329 0.7953125 0.5549295774647887 0.1125
4 0.4213615023474178 0.81875 0.4591549295774648 0.06124999999999999
4 0.3767605633802817 0.7953125 0.5436619718309859 0.13125
5 0.3814553990610329 0.7953125 0.5549295774647887 0.1125
0 0.3814553990610329 0.7875 0.5549295774647887 0.13125
