1 0.646875 0.8305882352941176 0.12 0.09599999999999999
2 0.671875 0.8141176470588235 0.06 0.06588235294117648
2 0.61015625 0.8376470588235294 0.031875 0.09223529411764705
3 0.646875 0.7458823529411764 0.12 0.2992941176470588
4 0.671875 0.7294117647058823 0.06 0.3030588235294117
4 0.61484375 0.7517647058823529 0.043125 0.33270588235294113
5 0.646875 0.66 0.12 0.5054117647058823
0 0.66484375 0.4988235294117647 0.163125 0.892235294117647
1 0.8828125 0.45176470588235296 0.026250000000000002 0.02823529411764706
2 0.88984375 0.4576470588235294 0.009375 0.01647058823529412
2 0.8765625 0.44941176470588234 0.01125 0.026352941176470586
3 0.8875 0.4235294117647059 0.0375 0.09599999999999999
4 0.89453125 0.42823529411764705 0.020624999999999998 0.0988235294117647
4 0.8765625 0.4211764705882353 0.01125 0.10541176470588234
5 0.890625 0.3870588235294118 0.045 0.18352941176470589
0 0.8984375 0.3305882352941176 0.06375 0.31905882352941173
