1 0.41640625 0.6552197802197802 0.065625 0.04285714285714286
2 0.42890625 0.6552197802197802 0.035625000000000004 0.03461538461538462
2 0.39765625 0.6552197802197802 0.020624999999999998 0.049999999999999996
3 0.41640625 0.5934065934065934 0.065625 0.1912087912087912
4 0.42890625 0.5906593406593407 0.035625000000000004 0.21538461538461537
4 0.40078125 0.5934065934065934 0.028125 0.22307692307692303
5 0.41640625 0.5343406593406593 0.065625 0.33296703296703295
0 0.41484375 0.4217032967032967 0.136875 0.6032967032967033
1 0.87421875 0.728021978021978 0.2515625 0.09230769230769231
2 0.9484375 0.7266483516483516 0.08249999999999999 0.10384615384615384
2 0.80234375 0.75 0.088125 0.04615384615384615
3 0.87421875 0.6153846153846154 0.2515625 0.3626373626373626
4 0.93046875 0.614010989010989 0.125625 0.41923076923076924
4 0.80234375 0.625 0.088125 0.39615384615384613
5 0.87421875 0.5274725274725275 0.2515625 0.5736263736263736
0 0.8328125 0.3901098901098901 0.334375 0.7802197802197802
1 0.5953125 0.6744505494505495 0.14625 0.04285714285714286
2 0.6390625 0.6744505494505495 0.041249999999999995 0.049999999999999996
2 0.55625 0.6785714285714286 0.052500000000000005 0.015384615384615384
3 0.5953125 0.6016483516483516 0.14625 0.2175824175824176
4 0.6390625 0.6016483516483516 0.041249999999999995 0.25384615384615383
4 0.5578125 0.6098901098901099 0.05625 0.20769230769230768
5 0.5953125 0.5453296703296703 0.14625 0.35274725274725277
0 0.5953125 0.39697802197802196 0.14625 0.7087912087912088
