1 0.3594847775175644 0.7453125 0.053395784543325525 0.04875
2 0.3430913348946136 0.7515625 0.01405152224824356 0.039375
2 0.3700234192037471 0.73828125 0.02810304449648712 0.0371875
3 0.36768149882903983 0.72421875 0.07306791569086651 0.09937499999999999
4 0.3442622950819672 0.72734375 0.01686182669789227 0.10718749999999999
4 0.37822014051522246 0.7171875 0.0477751756440281 0.09624999999999999
5 0.36768149882903983 0.69765625 0.07306791569086651 0.163125
0 0.3957845433255269 0.64296875 0.1405152224824356 0.294375
1 0.5456674473067916 0.7796875 0.04496487119437939 0.041249999999999995
2 0.5456674473067916 0.7953125 0.04496487119437939 0.0043749999999999995
2 0.5597189695550351 0.7640625 0.011241217798594848 0.0043749999999999995
3 0.5339578454332553 0.76171875 0.07306791569086651 0.084375
4 0.5398126463700235 0.765625 0.05901639344262295 0.0875
4 0.5339578454332553 0.74609375 0.07306791569086651 0.0546875
5 0.5339578454332553 0.73125 0.07306791569086651 0.1575
0 0.5292740046838408 0.6765625 0.17423887587822012 0.28874999999999995
1 0.8454332552693209 0.77109375 0.02810304449648712 0.050624999999999996
2 0.8454332552693209 0.78671875 0.02810304449648712 0.015312499999999998
2 0.8501170960187353 0.7640625 0.01686182669789227 0.039375
3 0.8278688524590164 0.75859375 0.0702576112412178 0.080625
4 0.8348946135831382 0.76640625 0.053395784543325525 0.07218749999999999
4 0.8278688524590164 0.7515625 0.0702576112412178 0.074375
5 0.8278688524590164 0.7328125 0.0702576112412178 0.14250000000000002
0 0.8255269320843092 0.6921875 0.14894613583138172 0.24
1 0.08430913348946135 0.7265625 0.12365339578454332 0.09
2 0.03864168618266979 0.75 0.01405152224824356 0.039375
2 0.12412177985948478 0.69609375 0.02810304449648712 0.0196875
3 0.09133489461358314 0.7046875 0.1405152224824356 0.14250000000000002
4 0.04800936768149883 0.72578125 0.03653395784543326 0.10718749999999999
4 0.13114754098360656 0.67421875 0.04496487119437939 0.0809375
5 0.09133489461358314 0.6953125 0.1405152224824356 0.16499999999999998
0 0.1252927400468384 0.6453125 0.22201405152224823 0.28500000000000003
