1 0.36484375 0.8145833333333333 0.14437499999999998 0.125
2 0.39375 0.7760416666666666 0.075 0.03791666666666667
2 0.321875 0.840625 0.041249999999999995 0.07291666666666667
3 0.3625 0.7208333333333333 0.15 0.35
4 0.39375 0.696875 0.075 0.25958333333333333
4 0.31953125 0.7208333333333333 0.046875 0.4083333333333333
5 0.35859375 0.6302083333333334 0.159375 0.5675
0 0.39609375 0.490625 0.24937499999999999 0.9025
1 0.71875 0.8645833333333334 0.20249999999999999 0.09
2 0.78984375 0.8770833333333333 0.031875 0.06999999999999999
2 0.65625 0.846875 0.052500000000000005 0.05541666666666666
3 0.71875 0.7583333333333333 0.20249999999999999 0.345
4 0.77734375 0.7583333333333333 0.061875 0.40249999999999997
4 0.65625 0.7552083333333334 0.052500000000000005 0.3120833333333333
5 0.71875 0.6614583333333334 0.20249999999999999 0.5775
0 0.703125 0.509375 0.2625 0.9425
