1 0.2 0.7919254658385093 0.27375 0.13664596273291926
2 0.296875 0.8074534161490683 0.041249999999999995 0.11594202898550725
2 0.115625 0.7898550724637681 0.07125000000000001 0.15362318840579708
3 0.1921875 0.6749482401656315 0.2925 0.41739130434782606
4 0.296875 0.6925465838509317 0.041249999999999995 0.4376811594202898
4 0.1078125 0.6728778467908902 0.09 0.48115942028985503
5 0.1921875 0.6438923395445134 0.2925 0.4919254658385093
0 0.240625 0.5113871635610766 0.40874999999999995 0.8099378881987578
1 0.43125 0.7598343685300207 0.1575 0.4803312629399586
2 0.45546875 0.9057971014492754 0.09937499999999999 0.15362318840579708
2 0.42734375 0.5869565217391305 0.148125 0.07826086956521738
3 0.49609375 0.6594202898550725 0.313125 0.6811594202898551
4 0.5203125 0.7846790890269151 0.255 0.4306418219461698
4 0.4609375 0.4865424430641822 0.22875 0.35942028985507246
5 0.525 0.6594202898550725 0.38249999999999995 0.6811594202898551
0 0.62890625 0.5890269151138716 0.631875 0.8219461697722568
