1 0.696875 0.6733021077283372 0.12375 0.07587822014051522
2 0.65859375 0.6908665105386417 0.031875 0.039344262295081964
2 0.7421875 0.6697892271662763 0.015 0.07868852459016393
3 0.67890625 0.6545667447306791 0.166875 0.12084309133489461
4 0.640625 0.6545667447306791 0.075 0.14098360655737704
4 0.70859375 0.6545667447306791 0.09562499999999999 0.12131147540983606
5 0.67890625 0.5983606557377049 0.166875 0.25573770491803277
0 0.65078125 0.522248243559719 0.234375 0.43840749414519903
1 0.10390625 0.6358313817330211 0.09562499999999999 0.025292740046838406
2 0.07734375 0.6323185011709602 0.031875 0.019672131147540982
2 0.134375 0.6358313817330211 0.0225 0.029508196721311476
3 0.10390625 0.5960187353629977 0.09562499999999999 0.12084309133489461
4 0.07734375 0.5925058548009368 0.031875 0.13114754098360656
4 0.12890625 0.6018735362997658 0.035625000000000004 0.12459016393442622
5 0.10390625 0.5620608899297423 0.09562499999999999 0.20234192037470725
0 0.08125 0.4918032786885246 0.15 0.37096018735363
1 0.415625 0.6510538641686182 0.15375 0.02810304449648712
2 0.46640625 0.6545667447306791 0.031875 0.022950819672131147
2 0.36875 0.6498829039812647 0.041249999999999995 0.029508196721311476
3 0.415625 0.6007025761124122 0.15375 0.14894613583138172
4 0.46328125 0.607728337236534 0.039375 0.1540983606557377
4 0.36875 0.5995316159250585 0.041249999999999995 0.17049180327868851
5 0.415625 0.5655737704918032 0.15375 0.2332552693208431
0 0.415625 0.4812646370023419 0.15375 0.43559718969555034
1 0.83203125 0.7540983606557377 0.046875 0.05058548009367681
2 0.82265625 0.7622950819672131 0.024375 0.0360655737704918
2 0.840625 0.7505854800936768 0.026250000000000002 0.04918032786885246
3 0.84375 0.6908665105386417 0.075 0.20234192037470725
4 0.84375 0.7060889929742389 0.075 0.19344262295081965
4 0.846875 0.6873536299765808 0.041249999999999995 0.2262295081967213
5 0.8515625 0.6475409836065574 0.09375 0.3063231850117096
0 0.8828125 0.5491803278688525 0.16875 0.5423887587822014
