1 0.5765625 0.9770833333333333 0.09 0.02
2 0.6078125 0.9729166666666667 0.015 0.011666666666666665
2 0.54453125 0.984375 0.013125000000000001 0.0029166666666666664
3 0.5828125 0.878125 0.10500000000000001 0.24375
4 0.6140625 0.8739583333333333 0.03 0.2520833333333333
4 0.55234375 0.878125 0.031875 0.24375
5 0.590625 0.7635416666666667 0.12375 0.47291666666666665
0 0.59140625 0.5895833333333333 0.136875 0.8208333333333333
1 0.3703125 0.9541666666666667 0.21000000000000002 0.05
2 0.43125 0.959375 0.06375 0.04375
2 0.28515625 0.9333333333333333 0.005625 0.0
3 0.3703125 0.8729166666666667 0.21000000000000002 0.245
4 0.4296875 0.8729166666666667 0.06749999999999999 0.25416666666666665
4 0.28515625 0.853125 0.005625 0.22458333333333333
5 0.36484375 0.765625 0.22312499999999996 0.46875
0 0.33359375 0.5989583333333334 0.298125 0.8020833333333334
