1 0.625 0.7697916666666667 0.18375 0.1125
2 0.6953125 0.796875 0.015 0.05541666666666666
2 0.56875 0.740625 0.04875 0.049583333333333326
3 0.625 0.7166666666666667 0.18375 0.23999999999999996
4 0.6953125 0.7520833333333333 0.015 0.18083333333333332
4 0.5703125 0.6875 0.052500000000000005 0.1983333333333333
5 0.625 0.6875 0.18375 0.30999999999999994
0 0.65625 0.5770833333333333 0.25875 0.575
1 0.953125 0.7552083333333334 0.08625 0.0475
2 0.98203125 0.7395833333333334 0.016874999999999998 0.011666666666666665
2 0.9421875 0.7614583333333333 0.06 0.03791666666666667
3 0.9546875 0.709375 0.09 0.1575
4 0.98359375 0.69375 0.020624999999999998 0.13999999999999999
4 0.9421875 0.7114583333333333 0.06 0.17791666666666664
5 0.9546875 0.659375 0.09 0.27749999999999997
0 0.9546875 0.5291666666666667 0.09 0.59
