1 0.540625 0.93671875 0.3525 0.080625
2 0.6385416666666667 0.92890625 0.1175 0.07218749999999999
2 0.425 0.940625 0.075 0.08312499999999999
3 0.540625 0.86875 0.3525 0.24375
4 0.6385416666666667 0.8609375 0.1175 0.2625
4 0.4479166666666667 0.878125 0.13 0.24375
5 0.5427083333333333 0.7609375 0.3575 0.478125
0 0.5645833333333333 0.59375 0.41 0.8125
1 0.69375 0.61015625 0.075 0.088125
2 0.690625 0.62109375 0.06749999999999999 0.07218749999999999
2 0.7208333333333333 0.5765625 0.01 0.008749999999999999
3 0.6927083333333334 0.571875 0.07749999999999999 0.18
4 0.6895833333333333 0.571875 0.07 0.20999999999999996
4 0.7145833333333333 0.54296875 0.025 0.1028125
5 0.6927083333333334 0.528125 0.07749999999999999 0.28500000000000003
0 0.7552083333333334 0.434375 0.2275 0.51
