1 0.5893333333333334 0.681 0.051199999999999996 0.0456
2 0.5786666666666667 0.681 0.0192 0.0532
2 0.5893333333333334 0.691 0.051199999999999996 0.014
3 0.592 0.664 0.05759999999999999 0.08639999999999999
4 0.5933333333333334 0.664 0.0544 0.1008
4 0.5893333333333334 0.663 0.051199999999999996 0.0924
5 0.592 0.634 0.05759999999999999 0.1584
0 0.6133333333333333 0.592 0.1088 0.2592
1 0.5626666666666666 0.72 0.07039999999999999 0.0384
2 0.5706666666666667 0.709 0.051199999999999996 0.014
2 0.556 0.726 0.0544 0.028
3 0.5626666666666666 0.691 0.07039999999999999 0.108
4 0.556 0.691 0.0544 0.12599999999999997
5 0.532 0.661 0.144 0.18
0 0.5146666666666667 0.621 0.1856 0.276
