1 0.8 0.3850415512465374 0.08249999999999999 0.04653739612188366
2 0.765625 0.3961218836565097 0.0 0.0
2 0.8125 0.3850415512465374 0.052500000000000005 0.05429362880886426
3 0.75546875 0.3698060941828255 0.189375 0.08310249307479224
4 0.72109375 0.38227146814404434 0.10687499999999998 0.038781163434903045
4 0.78359375 0.3698060941828255 0.121875 0.09695290858725762
5 0.7484375 0.3628808864265928 0.20625 0.0997229916897507
0 0.6828125 0.278393351800554 0.36374999999999996 0.3024930747922438
1 0.40390625 0.49722991689750695 0.046875 0.043213296398891966
2 0.40390625 0.49722991689750695 0.046875 0.05041551246537396
2 0.3890625 0.5096952908587258 0.0 0.0
3 0.3625 0.49445983379501385 0.14625 0.04986149584487535
4 0.3625 0.49722991689750695 0.14625 0.05041551246537396
4 0.3515625 0.4916897506925208 0.09 0.05041551246537396
5 0.3296875 0.4515235457063712 0.225 0.15290858725761772
0 0.29921875 0.3587257617728532 0.298125 0.37562326869806095
1 0.41171875 0.7174515235457064 0.06937499999999999 0.0664819944598338
2 0.41171875 0.7299168975069252 0.06937499999999999 0.04265927977839335
2 0.409375 0.7160664819944599 0.033749999999999995 0.07368421052631578
3 0.3734375 0.7340720221606648 0.16125 0.10637119113573407
4 0.3734375 0.7465373961218836 0.16125 0.089196675900277
4 0.36796875 0.7271468144044322 0.133125 0.10470914127423822
5 0.3375 0.7340720221606648 0.2475 0.10637119113573407
0 0.26875 0.7063711911357341 0.4125 0.17285318559556787
