1 0.509 0.874 0.1464 0.0912
2 0.552 0.896 0.043199999999999995 0.0448
2 0.464 0.856 0.0384 0.056
3 0.509 0.812 0.1464 0.24
4 0.544 0.816 0.0624 0.26879999999999993
4 0.465 0.794 0.040799999999999996 0.2296
5 0.509 0.746 0.1464 0.3984
0 0.496 0.586 0.1776 0.7824
1 0.863 0.826 0.084 0.168
2 0.88 0.874 0.043199999999999995 0.061599999999999995
2 0.835 0.792 0.016800000000000002 0.1008
3 0.863 0.776 0.084 0.288
4 0.88 0.784 0.043199999999999995 0.3136
4 0.835 0.742 0.016800000000000002 0.2408
5 0.862 0.716 0.08639999999999999 0.432
0 0.843 0.566 0.2184 0.792
1 0.21 0.888 0.1248 0.08639999999999999
2 0.252 0.876 0.024 0.06719999999999998
2 0.169 0.908 0.0264 0.0448
3 0.21 0.828 0.1248 0.23039999999999997
4 0.236 0.816 0.0624 0.2352
4 0.169 0.834 0.0264 0.25199999999999995
5 0.21 0.752 0.1248 0.4128
0 0.194 0.598 0.16319999999999998 0.7824
