1 0.6025943396226415 0.85078125 0.21226415094339623 0.06937499999999999
2 0.6698113207547169 0.85078125 0.05094339622641509 0.0809375
2 0.5542452830188679 0.84609375 0.09622641509433962 0.0678125
3 0.6037735849056604 0.78828125 0.21509433962264152 0.21937500000000001
4 0.6709905660377359 0.79296875 0.05377358490566038 0.24281249999999996
4 0.5542452830188679 0.78359375 0.09622641509433962 0.24281249999999996
5 0.6037735849056604 0.70859375 0.21509433962264152 0.410625
0 0.6332547169811321 0.57265625 0.3141509433962264 0.736875
1 0.33962264150943394 0.8703125 0.38490566037735846 0.06375
2 0.46108490566037735 0.8703125 0.09339622641509435 0.074375
2 0.22995283018867924 0.86640625 0.12169811320754717 0.0634375
3 0.33962264150943394 0.7890625 0.38490566037735846 0.25875
4 0.46108490566037735 0.7890625 0.09339622641509435 0.301875
4 0.23349056603773585 0.78515625 0.13018867924528302 0.29093749999999996
5 0.33962264150943394 0.690625 0.38490566037735846 0.495
0 0.3419811320754717 0.5453125 0.390566037735849 0.84375
