1 0.58359375 0.647887323943662 0.043125 0.11830985915492957
2 0.575 0.6901408450704225 0.0225 0.019718309859154928
2 0.59375 0.607981220657277 0.01875 0.02629107981220657
3 0.57890625 0.5880281690140845 0.05437499999999999 0.2619718309859155
4 0.575 0.6103286384976526 0.0225 0.2431924882629108
4 0.57890625 0.5481220657276995 0.05437499999999999 0.19389671361502345
5 0.5703125 0.5880281690140845 0.075 0.2619718309859155
0 0.56640625 0.5152582159624414 0.178125 0.43661971830985913
1 0.74140625 0.6889671361502347 0.121875 0.053521126760563385
2 0.784375 0.6924882629107981 0.01875 0.05258215962441314
2 0.70234375 0.6866197183098591 0.028125 0.05586854460093896
3 0.74140625 0.6302816901408451 0.121875 0.19436619718309858
4 0.771875 0.6396713615023474 0.04875 0.2004694835680751
4 0.70234375 0.6279342723004695 0.028125 0.22018779342723005
5 0.74140625 0.6173708920187794 0.121875 0.22535211267605634
0 0.728125 0.5352112676056338 0.15375 0.4225352112676056
