1 0.2359375 0.7661290322580645 0.471875 0.31797235023041476
2 0.06015625 0.684331797235023 0.058124999999999996 0.14193548387096772
2 0.41015625 0.8594470046082949 0.061875 0.1096774193548387
3 0.2359375 0.7661290322580645 0.471875 0.31797235023041476
4 0.11796875 0.684331797235023 0.196875 0.14193548387096772
4 0.3890625 0.7788018433179723 0.1125 0.3354838709677419
5 0.2359375 0.7004608294930875 0.471875 0.47557603686635946
0 0.2390625 0.5645161290322581 0.478125 0.8018433179723502
1 0.7265625 0.7649769585253456 0.4875 0.3317972350230415
2 0.546875 0.6762672811059908 0.05625 0.13870967741935483
2 0.9046875 0.8605990783410138 0.06 0.11935483870967742
3 0.7265625 0.7649769585253456 0.4875 0.3317972350230415
4 0.61015625 0.6762672811059908 0.20812499999999998 0.13870967741935483
4 0.88046875 0.7857142857142857 0.118125 0.3290322580645161
5 0.7265625 0.7050691244239631 0.4875 0.47557603686635946
0 0.7265625 0.5668202764976958 0.4875 0.8073732718894009
