1 0.43984375 0.6541666666666667 0.133125 0.05
2 0.41875 0.6645833333333333 0.08249999999999999 0.029166666666666667
2 0.490625 0.64375 0.01125 0.029166666666666667
3 0.43984375 0.5979166666666667 0.133125 0.185
4 0.41875 0.5979166666666667 0.08249999999999999 0.21583333333333332
4 0.4703125 0.5875 0.06 0.18666666666666665
5 0.43984375 0.54375 0.133125 0.315
0 0.4 0.4479166666666667 0.22875 0.5449999999999999
1 0.746875 0.428125 0.041249999999999995 0.007499999999999999
2 0.73828125 0.428125 0.020624999999999998 0.008749999999999999
2 0.76328125 0.42604166666666665 0.001875 0.0029166666666666664
3 0.746875 0.409375 0.041249999999999995 0.0525
4 0.73828125 0.4114583333333333 0.020624999999999998 0.05541666666666666
4 0.759375 0.40729166666666666 0.01125 0.05541666666666666
5 0.746875 0.38958333333333334 0.041249999999999995 0.1
0 0.73984375 0.3541666666666667 0.065625 0.185
