1 0.52109375 0.8654223968565815 0.058124999999999996 0.04007858546168958
2 0.53203125 0.8565815324165029 0.031875 0.022003929273084477
2 0.50625 0.8703339882121808 0.0225 0.033005893909626716
3 0.51953125 0.7829076620825147 0.061875 0.23811394891944987
4 0.53203125 0.7740667976424361 0.031875 0.2530451866404715
4 0.5046875 0.7838899803536346 0.026250000000000002 0.275049115913556
5 0.50625 0.6964636542239686 0.09375 0.44557956777996066
0 0.47890625 0.56286836935167 0.159375 0.7662082514734774
1 0.65625 0.8330058939096268 0.09 0.037721021611001965
2 0.6859375 0.8320235756385069 0.01875 0.035756385068762275
2 0.63515625 0.8330058939096268 0.039375 0.044007858546168954
3 0.65546875 0.7632612966601179 0.091875 0.20510805500982315
4 0.67421875 0.7612966601178782 0.046875 0.23379174852652257
4 0.634375 0.7642436149312377 0.041249999999999995 0.23654223968565813
5 0.6390625 0.6669941060903732 0.13125 0.4361493123772102
0 0.625 0.5520628683693517 0.16499999999999998 0.711984282907662
1 0.803125 0.8212180746561886 0.11624999999999999 0.06601178781925345
2 0.83984375 0.8212180746561886 0.028125 0.07701375245579567
2 0.76796875 0.8261296660117878 0.031875 0.05225933202357563
3 0.796875 0.7475442043222004 0.13125 0.24282907662082515
4 0.8375 0.7475442043222004 0.033749999999999995 0.28330058939096264
4 0.76171875 0.74950884086444 0.046875 0.2667976424361493
5 0.7921875 0.6542239685658153 0.14250000000000002 0.4667976424361493
0 0.775 0.5117878192534381 0.18375 0.8086444007858545
1 0.3875 0.8840864440078585 0.08249999999999999 0.07544204322200393
2 0.403125 0.8722986247544204 0.045 0.0550098231827112
2 0.3671875 0.8899803536345776 0.033749999999999995 0.07151277013752455
3 0.3875 0.8084479371316307 0.08249999999999999 0.25697445972495087
4 0.403125 0.7966601178781926 0.045 0.2667976424361493
4 0.3671875 0.8104125736738703 0.033749999999999995 0.2943025540275049
5 0.3875 0.7053045186640472 0.08249999999999999 0.5045186640471513
0 0.36796875 0.5776031434184676 0.129375 0.8110019646365423
