1 0.42933333333333334 0.737 0.1344 0.1752
2 0.4013333333333333 0.684 0.0672 0.056
2 0.444 0.805 0.09919999999999998 0.014
3 0.4146666666666667 0.683 0.16959999999999997 0.3048
4 0.38666666666666666 0.63 0.10239999999999999 0.2072
4 0.444 0.743 0.09919999999999998 0.1876
5 0.41733333333333333 0.663 0.176 0.3528
0 0.3973333333333333 0.567 0.224 0.5831999999999999
1 0.172 0.736 0.1376 0.033600000000000005
2 0.21066666666666667 0.735 0.0448 0.0364
2 0.132 0.736 0.0416 0.0392
3 0.176 0.723 0.23039999999999997 0.0648
4 0.232 0.722 0.096 0.0728
4 0.11466666666666667 0.729 0.0832 0.0588
5 0.176 0.714 0.23039999999999997 0.08639999999999999
0 0.176 0.642 0.23039999999999997 0.2592
