1 0.353125 0.8697183098591549 0.21374999999999997 0.08169014084507041
2 0.3296875 0.8591549295774648 0.1575 0.05258215962441314
2 0.359375 0.8697183098591549 0.19874999999999998 0.09530516431924882
3 0.353125 0.7981220657276995 0.21374999999999997 0.2535211267605634
4 0.33046875 0.7852112676056338 0.159375 0.2596244131455399
4 0.359375 0.8169014084507042 0.19874999999999998 0.2431924882629108
5 0.353125 0.7417840375586855 0.21374999999999997 0.38873239436619716
0 0.3875 0.6525821596244131 0.29625 0.6028169014084507
1 0.5328125 0.8720657276995305 0.12375 0.07042253521126761
2 0.503125 0.8615023474178404 0.052500000000000005 0.05258215962441314
2 0.56328125 0.886150234741784 0.050624999999999996 0.04272300469483568
3 0.5328125 0.7981220657276995 0.12375 0.24788732394366195
4 0.515625 0.8192488262910798 0.08249999999999999 0.1708920187793427
4 0.56328125 0.7981220657276995 0.050624999999999996 0.28920187793427227
5 0.5328125 0.7335680751173709 0.12375 0.40281690140845067
0 0.5328125 0.642018779342723 0.12375 0.6225352112676056
