1 0.44609375 0.8044496487119438 0.110625 0.12084309133489461
2 0.4828125 0.8407494145199064 0.0225 0.039344262295081964
2 0.409375 0.7962529274004684 0.0225 0.1180327868852459
3 0.44140625 0.7786885245901639 0.121875 0.18266978922716628
4 0.4828125 0.7786885245901639 0.0225 0.21311475409836064
4 0.4046875 0.7740046838407494 0.033749999999999995 0.18032786885245902
5 0.44140625 0.7060889929742389 0.121875 0.35690866510538644
0 0.45234375 0.5690866510538641 0.178125 0.6857142857142857
1 0.30390625 0.8278688524590164 0.035625000000000004 0.09836065573770492
2 0.30390625 0.8348946135831382 0.035625000000000004 0.09508196721311474
2 0.29296875 0.7950819672131147 0.009375 0.022950819672131147
3 0.2546875 0.8278688524590164 0.15375 0.09836065573770492
4 0.27109375 0.8348946135831382 0.114375 0.09508196721311474
4 0.24375 0.7962529274004684 0.1275 0.02622950819672131
5 0.2546875 0.7775175644028103 0.15375 0.21920374707259951
0 0.24296875 0.6721311475409836 0.18187499999999998 0.4721311475409836
