1 0.30390625 0.871875 0.343125 0.13499999999999998
2 0.43984375 0.859375 0.016874999999999998 0.12249999999999998
2 0.18203125 0.9046875 0.050624999999999996 0.065625
3 0.30390625 0.796875 0.343125 0.315
4 0.39609375 0.784375 0.121875 0.33249999999999996
4 0.18203125 0.7984375 0.050624999999999996 0.363125
5 0.30390625 0.7046875 0.343125 0.53625
0 0.30390625 0.5359375 0.343125 0.928125
1 0.79140625 0.8765625 0.339375 0.13125
2 0.92265625 0.8640625 0.024375 0.118125
2 0.66796875 0.9046875 0.043125 0.074375
3 0.79140625 0.7984375 0.339375 0.31875
4 0.884375 0.7890625 0.11624999999999999 0.328125
4 0.66796875 0.7984375 0.043125 0.37187499999999996
5 0.79140625 0.703125 0.339375 0.5475
0 0.79140625 0.5359375 0.339375 0.928125
