1 0.12109375 0.7412280701754386 0.14437499999999998 0.047368421052631574
2 0.17578125 0.7335526315789473 0.013125000000000001 0.0337719298245614
2 0.06953125 0.7510964912280702 0.020624999999999998 0.02763157894736842
3 0.12109375 0.6984649122807017 0.14437499999999998 0.15
4 0.17265625 0.6907894736842105 0.020624999999999998 0.15350877192982457
4 0.07109375 0.7006578947368421 0.024375 0.16885964912280702
5 0.12109375 0.6458333333333334 0.14437499999999998 0.27631578947368424
0 0.11875 0.5504385964912281 0.15 0.5052631578947367
1 0.89140625 0.6293859649122807 0.084375 0.05789473684210526
2 0.92109375 0.6217105263157895 0.013125000000000001 0.046052631578947366
2 0.86171875 0.6480263157894737 0.013125000000000001 0.015350877192982455
3 0.89140625 0.5942982456140351 0.084375 0.14210526315789473
4 0.91171875 0.5866228070175439 0.035625000000000004 0.1442982456140351
4 0.86171875 0.5953947368421053 0.013125000000000001 0.162719298245614
5 0.89140625 0.5548245614035088 0.084375 0.23684210526315788
0 0.875 0.46381578947368424 0.12375 0.4552631578947368
1 0.42734375 0.8826754385964912 0.058124999999999996 0.07105263157894737
2 0.42734375 0.8892543859649122 0.058124999999999996 0.06447368421052631
2 0.425 0.8739035087719298 0.041249999999999995 0.05833333333333333
3 0.42734375 0.8092105263157895 0.058124999999999996 0.24736842105263157
4 0.42734375 0.8092105263157895 0.058124999999999996 0.2885964912280702
4 0.425 0.8070175438596491 0.041249999999999995 0.24561403508771928
5 0.428125 0.7280701754385965 0.06 0.4421052631578947
0 0.4125 0.6107456140350878 0.0975 0.7236842105263158
