1 0.27890625 0.7258823529411764 0.121875 0.03670588235294118
2 0.3140625 0.7294117647058823 0.0375 0.03294117647058824
2 0.2453125 0.7258823529411764 0.041249999999999995 0.042823529411764705
3 0.27890625 0.6905882352941176 0.121875 0.12141176470588236
4 0.3140625 0.6905882352941176 0.0375 0.1416470588235294
4 0.2453125 0.6941176470588235 0.041249999999999995 0.13176470588235295
5 0.27890625 0.6470588235294118 0.121875 0.22588235294117648
0 0.27890625 0.5752941176470588 0.121875 0.3981176470588235
1 0.634375 0.7588235294117647 0.08625 0.059294117647058824
2 0.65625 0.7552941176470588 0.033749999999999995 0.059294117647058824
2 0.61875 0.7588235294117647 0.04875 0.0691764705882353
3 0.634375 0.6952941176470588 0.08625 0.21176470588235294
4 0.65625 0.6929411764705883 0.033749999999999995 0.23388235294117646
4 0.61875 0.6952941176470588 0.04875 0.24705882352941178
5 0.63671875 0.6423529411764706 0.091875 0.3388235294117647
0 0.62734375 0.528235294117647 0.22312499999999996 0.6127058823529411
