1 0.4599673202614379 0.8316993464052288 0.10392156862745097 0.20784313725490194
2 0.43137254901960786 0.7973856209150327 0.03529411764705882 0.14640522875816991
2 0.48937908496732024 0.8954248366013072 0.03333333333333333 0.06405228758169934
3 0.49019607843137253 0.7998366013071896 0.17647058823529413 0.28431372549019607
4 0.49019607843137253 0.7655228758169934 0.17647058823529413 0.2356209150326797
4 0.47875816993464054 0.8088235294117647 0.058823529411764705 0.30653594771241827
5 0.49019607843137253 0.7320261437908496 0.17647058823529413 0.44705882352941173
0 0.4624183006535948 0.5580065359477124 0.37254901960784315 0.8647058823529411
1 0.1576797385620915 0.8978758169934641 0.22549019607843138 0.05686274509803921
2 0.09722222222222222 0.9101307189542484 0.08039215686274509 0.03202614379084967
2 0.21977124183006536 0.8978758169934641 0.07647058823529411 0.06633986928104574
3 0.1576797385620915 0.8169934640522876 0.22549019607843138 0.25098039215686274
4 0.10375816993464053 0.8194444444444444 0.09607843137254901 0.28594771241830064
4 0.21977124183006536 0.8169934640522876 0.07647058823529411 0.29281045751633983
5 0.1576797385620915 0.7303921568627451 0.22549019607843138 0.45882352941176474
0 0.1576797385620915 0.5531045751633987 0.22549019607843138 0.8843137254901959
1 0.8006535947712419 0.5490196078431373 0.08627450980392157 0.01568627450980392
2 0.8006535947712419 0.5449346405228758 0.08627450980392157 0.006862745098039215
2 0.8031045751633987 0.5522875816993464 0.07254901960784313 0.00915032679738562
3 0.8006535947712419 0.5032679738562091 0.08627450980392157 0.12549019607843137
4 0.8006535947712419 0.4991830065359477 0.08627450980392157 0.1349673202614379
4 0.8006535947712419 0.5073529411764706 0.0784313725490196 0.1349673202614379
5 0.8006535947712419 0.44199346405228757 0.08627450980392157 0.2725490196078431
0 0.8006535947712419 0.44199346405228757 0.08627450980392157 0.2725490196078431
