1 0.5125 0.8466386554621849 0.13499999999999998 0.0453781512605042
2 0.55390625 0.8466386554621849 0.035625000000000004 0.052941176470588235
2 0.46953125 0.8487394957983193 0.031875 0.04117647058823529
3 0.52421875 0.7899159663865546 0.163125 0.1815126050420168
4 0.565625 0.7899159663865546 0.06375 0.21176470588235294
4 0.4953125 0.7909663865546218 0.09375 0.20294117647058824
5 0.52421875 0.7552521008403361 0.163125 0.2647058823529412
0 0.54921875 0.6712184873949579 0.22312499999999996 0.46638655462184875
1 0.64296875 0.8476890756302521 0.136875 0.05798319327731092
2 0.68828125 0.8550420168067226 0.028125 0.047058823529411764
2 0.59296875 0.842436974789916 0.016874999999999998 0.052941176470588235
3 0.64296875 0.7773109243697479 0.136875 0.226890756302521
4 0.68828125 0.7783613445378151 0.028125 0.26176470588235295
4 0.60390625 0.7720588235294118 0.043125 0.24999999999999997
5 0.64296875 0.7521008403361344 0.136875 0.28739495798319326
0 0.67890625 0.6691176470588235 0.286875 0.4865546218487395
1 0.771875 0.8203781512605042 0.09 0.08823529411764706
2 0.79296875 0.8361344537815126 0.039375 0.058823529411764705
2 0.74140625 0.8077731092436975 0.016874999999999998 0.06764705882352941
3 0.76484375 0.7794117647058824 0.10687499999999998 0.1865546218487395
4 0.79296875 0.7846638655462185 0.039375 0.20294117647058824
4 0.734375 0.7668067226890757 0.033749999999999995 0.18235294117647058
5 0.76484375 0.7615546218487395 0.10687499999999998 0.22941176470588237
0 0.76484375 0.6628151260504201 0.10687499999999998 0.46638655462184875
