1 0.3829787234042553 0.434375 0.13049645390070921 0.01875
2 0.4373522458628842 0.434375 0.0 0.0
2 0.3392434988179669 0.434375 0.02553191489361702 0.021875
3 0.38416075650118203 0.39921875 0.13333333333333333 0.103125
4 0.4385342789598109 0.39921875 0.0028368794326241132 0.09843749999999998
4 0.34988179669030733 0.39921875 0.05106382978723404 0.1203125
5 0.3900709219858156 0.3703125 0.1475177304964539 0.1725
0 0.4148936170212766 0.29921875 0.21843971631205672 0.343125
1 0.5957446808510638 0.48515625 0.34609929078014184 0.024375
2 0.7127659574468085 0.4875 0.06524822695035461 0.021875
2 0.4728132387706856 0.48515625 0.05106382978723404 0.028437499999999998
3 0.5957446808510638 0.4453125 0.34609929078014184 0.12
4 0.7115839243498818 0.4484375 0.06808510638297871 0.13125
4 0.48699763593380613 0.4453125 0.0851063829787234 0.13999999999999999
5 0.5957446808510638 0.41484375 0.34609929078014184 0.193125
0 0.5957446808510638 0.346875 0.34609929078014184 0.35625
