1 0.248 0.712 0.1248 0.064
2 0.22 0.732 0.05759999999999999 0.018666666666666668
2 0.288 0.6933333333333334 0.028799999999999996 0.022399999999999996
3 0.248 0.6653333333333333 0.1248 0.176
4 0.22 0.676 0.05759999999999999 0.17546666666666666
4 0.288 0.6466666666666666 0.028799999999999996 0.15306666666666666
5 0.248 0.5893333333333334 0.1248 0.3584
0 0.215 0.4693333333333333 0.204 0.6464
1 0.628 0.8 0.1296 0.0768
2 0.667 0.8106666666666666 0.036 0.05973333333333333
2 0.601 0.776 0.0648 0.022399999999999996
3 0.628 0.7333333333333333 0.1296 0.23679999999999998
4 0.667 0.7333333333333333 0.036 0.27626666666666666
4 0.601 0.712 0.0648 0.20159999999999997
5 0.648 0.7226666666666667 0.1776 0.26239999999999997
0 0.694 0.6333333333333333 0.288 0.47679999999999995
