1 0.27578125 0.825 0.084375 0.055
2 0.28984375 0.8354166666666667 0.050624999999999996 0.034999999999999996
2 0.26171875 0.815625 0.050624999999999996 0.03791666666666667
3 0.27578125 0.7697916666666667 0.084375 0.1875
4 0.28984375 0.7697916666666667 0.050624999999999996 0.21875
4 0.26171875 0.7604166666666666 0.050624999999999996 0.19249999999999998
5 0.27578125 0.7072916666666667 0.084375 0.3375
0 0.24375 0.5958333333333333 0.16125 0.605
1 0.60078125 0.9104166666666667 0.268125 0.065
2 0.70546875 0.9072916666666667 0.016874999999999998 0.06708333333333333
2 0.51328125 0.9260416666666667 0.058124999999999996 0.03208333333333333
3 0.60078125 0.8583333333333333 0.268125 0.19
4 0.66875 0.8552083333333333 0.10500000000000001 0.21291666666666664
4 0.51328125 0.8604166666666667 0.058124999999999996 0.21583333333333332
5 0.60078125 0.809375 0.268125 0.3075
0 0.60078125 0.7104166666666667 0.268125 0.5449999999999999
