1 0.6890625 0.7515723270440252 0.07125000000000001 0.04779874213836478
2 0.6953125 0.7568134171907757 0.0225 0.0410901467505241
2 0.6890625 0.7442348008385744 0.07125000000000001 0.035220125786163514
3 0.6890625 0.6886792452830188 0.07125000000000001 0.19874213836477986
4 0.6953125 0.689727463312369 0.0225 0.22893081761006287
4 0.6890625 0.6813417190775681 0.07125000000000001 0.2113207547169811
5 0.6890625 0.6352201257861635 0.07125000000000001 0.3270440251572327
0 0.67421875 0.5052410901467506 0.118125 0.6389937106918239
1 0.2234375 0.9318658280922432 0.075 0.08301886792452831
2 0.24140625 0.9412997903563941 0.031875 0.07044025157232703
2 0.209375 0.9234800838574424 0.041249999999999995 0.07337526205450734
3 0.2234375 0.8584905660377359 0.075 0.2591194968553459
4 0.24140625 0.8584905660377359 0.031875 0.2830188679245283
4 0.209375 0.8522012578616353 0.041249999999999995 0.2729559748427673
5 0.2234375 0.7777777777777778 0.075 0.4444444444444444
0 0.16640625 0.5649895178197065 0.21187499999999998 0.870020964360587
1 0.36953125 0.8364779874213837 0.163125 0.06540880503144654
2 0.40703125 0.8427672955974843 0.073125 0.05870020964360587
2 0.30234375 0.8249475890985325 0.001875 0.0440251572327044
3 0.36953125 0.7735849056603774 0.163125 0.21635220125786164
4 0.40625 0.7840670859538784 0.075 0.22306079664570228
4 0.31171875 0.7620545073375262 0.024375 0.22012578616352202
5 0.36953125 0.6876310272536688 0.163125 0.4226415094339622
0 0.36953125 0.5786163522012578 0.163125 0.6842767295597484
