1 0.3328125 0.7161214953271028 0.06375 0.03644859813084112
2 0.35 0.7102803738317757 0.0225 0.02616822429906542
2 0.315625 0.7242990654205608 0.0225 0.01962616822429906
3 0.3328125 0.6845794392523364 0.06375 0.11214953271028037
4 0.35 0.6787383177570093 0.0225 0.11448598130841121
4 0.315625 0.6939252336448598 0.0225 0.10467289719626167
5 0.3328125 0.6612149532710281 0.06375 0.16822429906542055
0 0.32890625 0.602803738317757 0.073125 0.308411214953271
1 0.5828125 0.6623831775700935 0.075 0.058878504672897194
2 0.55625 0.6787383177570093 0.01125 0.02289719626168224
2 0.6140625 0.6378504672897196 0.0 0.0
3 0.5828125 0.633177570093458 0.075 0.12897196261682242
4 0.55625 0.6436915887850467 0.01125 0.12102803738317756
4 0.6078125 0.6086448598130841 0.015 0.08177570093457943
5 0.5828125 0.6074766355140186 0.075 0.19065420560747662
0 0.57421875 0.5397196261682243 0.09562499999999999 0.35327102803738314
1 0.65546875 0.758177570093458 0.151875 0.058878504672897194
2 0.69921875 0.7535046728971962 0.046875 0.05560747663551401
2 0.61015625 0.7628504672897196 0.043125 0.05560747663551401
3 0.65546875 0.705607476635514 0.151875 0.18504672897196262
4 0.69921875 0.7021028037383178 0.046875 0.1995327102803738
4 0.615625 0.705607476635514 0.05625 0.2158878504672897
5 0.65546875 0.6507009345794392 0.151875 0.316822429906542
0 0.68671875 0.5257009345794392 0.226875 0.616822429906542
1 0.103125 0.8551401869158879 0.08249999999999999 0.033644859813084106
2 0.10625 0.8551401869158879 0.075 0.03271028037383177
2 0.09609375 0.8551401869158879 0.065625 0.03925233644859812
3 0.103125 0.8200934579439252 0.08249999999999999 0.11775700934579439
4 0.10625 0.8341121495327103 0.075 0.09158878504672896
4 0.096875 0.8200934579439252 0.06749999999999999 0.13738317757009344
5 0.103125 0.7990654205607477 0.08249999999999999 0.16822429906542055
0 0.09765625 0.7336448598130841 0.09562499999999999 0.32523364485981304
