1 0.5359375 0.7009029345372461 0.2625 0.06772009029345373
2 0.6375 0.7155756207674944 0.01875 0.03792325056433408
2 0.46875 0.6941309255079007 0.10124999999999999 0.0600451467268623
3 0.5359375 0.5959367945823928 0.2625 0.33589164785553044
4 0.61171875 0.718961625282167 0.080625 0.04740406320541761
4 0.46875 0.5857787810383747 0.10124999999999999 0.36343115124153497
5 0.5359375 0.5959367945823928 0.2625 0.33589164785553044
0 0.55859375 0.4796839729119639 0.31687499999999996 0.6148984198645597
1 0.78203125 0.7731376975169301 0.118125 0.06772009029345373
2 0.80625 0.7866817155756207 0.06 0.04108352144469526
2 0.76171875 0.7584650112866818 0.06937499999999999 0.03792325056433408
3 0.7828125 0.7178329571106095 0.12 0.200451467268623
4 0.80703125 0.7200902934537246 0.061875 0.2275395033860045
4 0.76171875 0.7031602708803611 0.06937499999999999 0.19277652370203158
5 0.784375 0.6602708803611738 0.12375 0.33860045146726864
0 0.790625 0.5214446952595937 0.13874999999999998 0.6717832957110609
1 0.234375 0.8792325056433409 0.045 0.029796839729119638
2 0.215625 0.8668171557562077 0.0 0.0
2 0.253125 0.891647855530474 0.0 0.0
3 0.253125 0.7776523702031602 0.09 0.273589164785553
4 0.253125 0.7652370203160271 0.09 0.28442437923250563
4 0.2703125 0.7832957110609481 0.041249999999999995 0.3033860045146726
5 0.19921875 0.7776523702031602 0.21937500000000001 0.273589164785553
0 0.27578125 0.5586907449209932 0.403125 0.7990970654627539
