1 0.7171875 0.8917647058823529 0.11624999999999999 0.0508235294117647
2 0.7375 0.8976470588235295 0.06749999999999999 0.042823529411764705
2 0.68125 0.8741176470588236 0.03 0.009882352941176469
3 0.70078125 0.84 0.15562499999999999 0.17505882352941174
4 0.71875 0.8411764705882353 0.1125 0.2009411764705882
4 0.66484375 0.8223529411764706 0.06937499999999999 0.1548235294117647
5 0.70234375 0.8329411764705882 0.159375 0.19199999999999998
0 0.65546875 0.7211764705882353 0.271875 0.460235294117647
1 0.51875 0.9070588235294118 0.09375 0.03670588235294118
2 0.55 0.9094117647058824 0.01875 0.03623529411764705
2 0.48984375 0.9058823529411765 0.024375 0.039529411764705875
3 0.51875 0.8576470588235294 0.09375 0.15529411764705883
4 0.55 0.86 0.01875 0.17458823529411763
4 0.490625 0.8564705882352941 0.026250000000000002 0.17788235294117646
5 0.51875 0.8152941176470588 0.09375 0.25694117647058823
0 0.52890625 0.72 0.118125 0.48564705882352943
