1 0.4171875 0.7318501170960188 0.08249999999999999 0.0477751756440281
2 0.44140625 0.7236533957845434 0.024375 0.03278688524590164
2 0.3875 0.7365339578454333 0.01125 0.04262295081967213
3 0.4171875 0.689695550351288 0.08249999999999999 0.14894613583138172
4 0.44140625 0.6826697892271663 0.024375 0.14754098360655735
4 0.39296875 0.689695550351288 0.024375 0.17377049180327866
5 0.4171875 0.6381733021077284 0.08249999999999999 0.27259953161592504
0 0.4296875 0.5257611241217799 0.1125 0.5423887587822014
1 0.5453125 0.7201405152224825 0.11624999999999999 0.053395784543325525
2 0.58203125 0.7107728337236534 0.028125 0.0360655737704918
2 0.5078125 0.7295081967213115 0.026250000000000002 0.0360655737704918
3 0.5453125 0.6838407494145199 0.11624999999999999 0.1405152224824356
4 0.57890625 0.6744730679156908 0.035625000000000004 0.13770491803278687
4 0.5078125 0.6908665105386417 0.026250000000000002 0.1442622950819672
5 0.5453125 0.6475409836065574 0.11624999999999999 0.22763466042154568
0 0.5015625 0.5515222482435597 0.22125 0.45807962529274004
