1 0.4 0.8582554517133957 0.06749999999999999 0.22056074766355138
2 0.41796875 0.9299065420560748 0.024375 0.05669781931464174
2 0.37890625 0.7897196261682243 0.016874999999999998 0.06542056074766354
3 0.4 0.838006230529595 0.06749999999999999 0.26915887850467285
4 0.41796875 0.838006230529595 0.024375 0.31401869158878504
4 0.37890625 0.7725856697819314 0.016874999999999998 0.11339563862928348
5 0.4015625 0.7632398753894081 0.07125000000000001 0.4485981308411215
0 0.40234375 0.5778816199376947 0.159375 0.8442367601246106
1 0.5796875 0.6105919003115264 0.026250000000000002 0.022429906542056073
2 0.5875 0.6074766355140186 0.0075 0.017445482866043614
2 0.57109375 0.6105919003115264 0.005625 0.026168224299065415
3 0.5796875 0.5825545171339563 0.026250000000000002 0.08971962616822429
4 0.5875 0.5794392523364486 0.0075 0.09595015576323987
4 0.57109375 0.5825545171339563 0.005625 0.10467289719626166
5 0.57890625 0.559190031152648 0.028125 0.14579439252336449
0 0.57265625 0.5 0.050624999999999996 0.2878504672897196
1 0.08359375 0.6448598130841121 0.031875 0.014953271028037382
2 0.09453125 0.6448598130841121 0.005625 0.017445482866043614
2 0.07265625 0.6464174454828661 0.005625 0.013084112149532708
3 0.08359375 0.6199376947040498 0.031875 0.07476635514018691
4 0.09453125 0.6199376947040498 0.005625 0.08722741433021806
4 0.0734375 0.6199376947040498 0.0075 0.08722741433021806
5 0.08359375 0.5981308411214953 0.031875 0.12710280373831775
0 0.08203125 0.5514018691588785 0.05437499999999999 0.2392523364485981
