1 0.46875 0.8229166666666666 0.1125 0.05999999999999999
2 0.4359375 0.8291666666666667 0.033749999999999995 0.0525
2 0.50546875 0.815625 0.024375 0.049583333333333326
3 0.46875 0.7708333333333334 0.1125 0.185
4 0.4359375 0.775 0.033749999999999995 0.20416666666666666
4 0.50234375 0.7635416666666667 0.031875 0.19541666666666666
5 0.46171875 0.7114583333333333 0.129375 0.32749999999999996
0 0.45625 0.6020833333333333 0.17625 0.59
1 0.6984375 0.825 0.08249999999999999 0.04
2 0.690625 0.81875 0.06375 0.029166666666666667
2 0.73203125 0.8291666666666667 0.001875 0.034999999999999996
3 0.7078125 0.759375 0.10500000000000001 0.19749999999999998
4 0.690625 0.753125 0.06375 0.21291666666666664
4 0.74140625 0.7635416666666667 0.024375 0.21875
5 0.71875 0.703125 0.13125 0.33249999999999996
0 0.7234375 0.5979166666666667 0.14250000000000002 0.5850000000000001
