1 0.64140625 0.5885416666666666 0.073125 0.0825
2 0.625 0.56875 0.033749999999999995 0.040833333333333326
2 0.65859375 0.6052083333333333 0.031875 0.049583333333333326
3 0.653125 0.55 0.10124999999999999 0.175
4 0.63359375 0.5302083333333333 0.05437499999999999 0.14875
4 0.6703125 0.5635416666666667 0.06 0.16624999999999998
5 0.653125 0.5020833333333333 0.10124999999999999 0.29
0 0.696875 0.45416666666666666 0.20625 0.405
1 0.26875 0.628125 0.12375 0.042499999999999996
2 0.2171875 0.625 0.0 0.0
2 0.30703125 0.628125 0.031875 0.049583333333333326
3 0.2703125 0.5895833333333333 0.1275 0.13499999999999998
4 0.234375 0.5958333333333333 0.041249999999999995 0.08166666666666665
4 0.30859375 0.5895833333333333 0.035625000000000004 0.1575
5 0.2703125 0.5583333333333333 0.1275 0.21
0 0.30390625 0.5197916666666667 0.20812499999999998 0.3025
