1 0.44453125 0.8392018779342723 0.10687499999999998 0.036619718309859155
2 0.47578125 0.8415492957746479 0.031875 0.03615023474178403
2 0.4234375 0.8392018779342723 0.05625 0.04272300469483568
3 0.44453125 0.7887323943661971 0.10687499999999998 0.15774647887323945
4 0.47578125 0.7887323943661971 0.031875 0.184037558685446
4 0.4234375 0.7887323943661971 0.05625 0.184037558685446
5 0.44453125 0.7406103286384976 0.10687499999999998 0.2732394366197183
0 0.44765625 0.6126760563380281 0.114375 0.5802816901408451
1 0.7390625 0.8943661971830986 0.13874999999999998 0.028169014084507043
2 0.72734375 0.9014084507042254 0.110625 0.013145539906103286
2 0.78828125 0.8826291079812206 0.020624999999999998 0.0
3 0.7390625 0.7617370892018779 0.13874999999999998 0.3464788732394366
4 0.7375 0.7652582159624414 0.13499999999999998 0.39436619718309857
4 0.77890625 0.75 0.043125 0.3713615023474178
5 0.75078125 0.6490610328638498 0.166875 0.6169014084507043
0 0.7078125 0.5187793427230047 0.26999999999999996 0.9295774647887324
