1 0.859 0.44533333333333336 0.06 0.0192
2 0.836 0.44266666666666665 0.0048 0.007466666666666667
2 0.867 0.44533333333333336 0.040799999999999996 0.022399999999999996
3 0.859 0.4146666666666667 0.06 0.0928
4 0.837 0.4106666666666667 0.007199999999999999 0.09706666666666666
4 0.867 0.4146666666666667 0.040799999999999996 0.10826666666666665
5 0.859 0.37866666666666665 0.06 0.1792
0 0.861 0.332 0.09359999999999999 0.2912
1 0.096 0.30933333333333335 0.033600000000000005 0.0063999999999999994
2 0.082 0.308 0.0 0.0037333333333333333
2 0.11 0.30933333333333335 0.0 0.007466666666666667
3 0.096 0.2906666666666667 0.033600000000000005 0.051199999999999996
4 0.084 0.2906666666666667 0.0048 0.05226666666666666
4 0.108 0.2906666666666667 0.0048 0.05973333333333333
5 0.096 0.268 0.033600000000000005 0.1056
0 0.105 0.236 0.0792 0.18239999999999998
