1 0.6171875 0.8203661327231121 0.041249999999999995 0.11807780320366133
2 0.6109375 0.8466819221967964 0.026250000000000002 0.06407322654462243
2 0.63125 0.8066361556064073 0.0075 0.09931350114416476
3 0.609375 0.7631578947368421 0.06 0.25537757437070935
4 0.6109375 0.7631578947368421 0.026250000000000002 0.29794050343249423
4 0.609375 0.7837528604118993 0.06 0.16338672768878718
5 0.59921875 0.6945080091533181 0.084375 0.42013729977116704
0 0.61328125 0.5240274599542334 0.166875 0.8292906178489702
1 0.4171875 0.8489702517162472 0.16875 0.0988558352402746
2 0.47421875 0.8375286041189931 0.031875 0.08329519450800915
2 0.3703125 0.8752860411899314 0.05625 0.041647597254004576
3 0.4171875 0.7837528604118993 0.16875 0.25537757437070935
4 0.47421875 0.7723112128146453 0.031875 0.26590389016018307
4 0.3703125 0.7883295194508009 0.05625 0.2851258581235698
5 0.4171875 0.7048054919908466 0.16875 0.4448512585812357
0 0.4171875 0.5377574370709383 0.16875 0.8457665903890159
1 0.19609375 0.8535469107551488 0.058124999999999996 0.038443935926773455
2 0.2015625 0.8558352402745996 0.026250000000000002 0.03844393592677345
2 0.19609375 0.851258581235698 0.058124999999999996 0.03844393592677345
3 0.19609375 0.7517162471395881 0.058124999999999996 0.282837528604119
4 0.2015625 0.7517162471395881 0.026250000000000002 0.32997711670480545
4 0.19609375 0.7517162471395881 0.058124999999999996 0.317162471395881
5 0.2015625 0.6773455377574371 0.07875 0.46132723112128143
0 0.196875 0.5217391304347826 0.1875 0.8347826086956522
