1 0.38125 0.8697916666666666 0.12 0.1425
2 0.41328125 0.8520833333333333 0.043125 0.11666666666666667
2 0.35625 0.8864583333333333 0.06 0.11958333333333333
3 0.39453125 0.8041666666666667 0.170625 0.3
4 0.43046875 0.7864583333333334 0.084375 0.30041666666666667
4 0.35234375 0.8333333333333334 0.06937499999999999 0.2683333333333333
5 0.39296875 0.7364583333333333 0.174375 0.4625
0 0.37578125 0.6083333333333333 0.215625 0.7699999999999999
1 0.603125 0.7333333333333333 0.07125000000000001 0.075
2 0.62421875 0.7354166666666667 0.020624999999999998 0.08166666666666665
2 0.58828125 0.7302083333333333 0.035625000000000004 0.07875
3 0.5984375 0.665625 0.08249999999999999 0.2375
4 0.621875 0.6708333333333333 0.026250000000000002 0.26249999999999996
4 0.58359375 0.6625 0.046875 0.2683333333333333
5 0.578125 0.6125 0.13125 0.365
0 0.50625 0.47708333333333336 0.30375 0.69
1 0.678125 0.665625 0.10124999999999999 0.0875
2 0.696875 0.653125 0.05625 0.06708333333333333
2 0.65625 0.6770833333333334 0.04875 0.06999999999999999
3 0.678125 0.6083333333333333 0.10124999999999999 0.225
4 0.696875 0.5958333333333333 0.05625 0.22749999999999998
4 0.65625 0.615625 0.04875 0.24208333333333332
5 0.66875 0.5708333333333333 0.12375 0.315
0 0.65078125 0.4708333333333333 0.166875 0.5549999999999999
1 0.51953125 0.7458333333333333 0.09562499999999999 0.095
2 0.5421875 0.7385416666666667 0.041249999999999995 0.09041666666666666
2 0.48984375 0.7552083333333334 0.024375 0.08458333333333332
3 0.51953125 0.690625 0.09562499999999999 0.2275
4 0.5421875 0.6833333333333333 0.041249999999999995 0.245
4 0.48984375 0.6947916666666667 0.024375 0.25375
5 0.50078125 0.6489583333333333 0.140625 0.32749999999999996
0 0.4890625 0.528125 0.16875 0.6174999999999999
