1 0.6627634660421545 0.859375 0.2135831381733021 0.21374999999999997
2 0.6627634660421545 0.93125 0.2135831381733021 0.048124999999999994
2 0.6651053864168618 0.82265625 0.10679156908665105 0.14656249999999998
3 0.7189695550351288 0.7765625 0.34847775175644025 0.4125
4 0.6627634660421545 0.81875 0.2135831381733021 0.3625
4 0.7423887587822015 0.73984375 0.29227166276346606 0.3784375
5 0.7189695550351288 0.72109375 0.34847775175644025 0.545625
0 0.6311475409836066 0.56953125 0.5592505854800937 0.8609375
1 0.6428571428571429 0.8953125 0.5985948477751756 0.11624999999999999
2 0.477751756440281 0.93359375 0.20234192037470725 0.028437499999999998
2 0.8138173302107728 0.871875 0.18829039812646367 0.06999999999999999
3 0.6428571428571429 0.8046875 0.5985948477751756 0.33375
4 0.477751756440281 0.83125 0.20234192037470725 0.315
4 0.7693208430913349 0.78125 0.29508196721311475 0.32375
5 0.6264637002341921 0.72421875 0.6379391100702576 0.526875
0 0.4812646370023419 0.553125 0.9625292740046838 0.89375
