1 0.9078125 0.8992974238875878 0.0225 0.05058548009367681
2 0.9078125 0.8992974238875878 0.0225 0.05901639344262295
2 0.9171875 0.892271662763466 0.0 0.0
3 0.90703125 0.8313817330210773 0.024375 0.2135831381733021
4 0.90703125 0.8313817330210773 0.024375 0.24918032786885244
4 0.9109375 0.8266978922716628 0.015 0.18360655737704917
5 0.903125 0.7810304449648712 0.04875 0.33442622950819667
0 0.90703125 0.6510538641686182 0.18187499999999998 0.6463700234192038
1 0.4203125 0.8957845433255269 0.075 0.10398126463700234
2 0.43671875 0.9168618266978923 0.035625000000000004 0.06229508196721311
2 0.40859375 0.8899297423887588 0.046875 0.10491803278688525
3 0.41015625 0.8067915690866511 0.09937499999999999 0.31756440281030446
4 0.43671875 0.8185011709601874 0.035625000000000004 0.33770491803278685
4 0.3984375 0.8009367681498829 0.07125000000000001 0.3540983606557377
5 0.41171875 0.7084309133489461 0.103125 0.5536299765807962
0 0.43359375 0.5128805620608899 0.20437499999999997 0.9742388758782201
