1 0.1125 0.621875 0.06 0.0325
2 0.09609375 0.6270833333333333 0.020624999999999998 0.02333333333333333
2 0.128125 0.6166666666666667 0.0225 0.02333333333333333
3 0.1125 0.5989583333333334 0.06 0.0875
4 0.09609375 0.603125 0.020624999999999998 0.09041666666666666
4 0.128125 0.59375 0.0225 0.0875
5 0.11015625 0.575 0.065625 0.145
0 0.11015625 0.5229166666666667 0.065625 0.26999999999999996
1 0.23984375 0.7052083333333333 0.009375 0.042499999999999996
2 0.2375 0.6875 0.0 0.0
2 0.23984375 0.709375 0.009375 0.03791666666666667
3 0.24140625 0.678125 0.013125000000000001 0.1075
4 0.2421875 0.6604166666666667 0.01125 0.07583333333333334
4 0.23984375 0.678125 0.009375 0.12541666666666665
5 0.240625 0.6427083333333333 0.0375 0.19249999999999998
0 0.24140625 0.5770833333333333 0.088125 0.35
