1 0.46796875 0.7307692307692307 0.14437499999999998 0.15944055944055943
2 0.521875 0.7027972027972028 0.015 0.10769230769230768
2 0.4171875 0.7738927738927739 0.0225 0.06526806526806526
3 0.4953125 0.7167832167832168 0.21000000000000002 0.193006993006993
4 0.54921875 0.6888111888111889 0.080625 0.14685314685314685
4 0.43203125 0.7342657342657343 0.058124999999999996 0.17622377622377622
5 0.4953125 0.6515151515151515 0.21000000000000002 0.34965034965034963
0 0.50078125 0.548951048951049 0.22312499999999996 0.5958041958041957
1 0.7671875 0.4230769230769231 0.075 0.019580419580419582
2 0.79140625 0.42657342657342656 0.016874999999999998 0.013053613053613054
2 0.740625 0.42074592074592077 0.01125 0.016317016317016316
3 0.7671875 0.3962703962703963 0.075 0.08391608391608392
4 0.79140625 0.3986013986013986 0.016874999999999998 0.09137529137529136
4 0.74375 0.3939393939393939 0.01875 0.09137529137529136
5 0.7671875 0.36480186480186483 0.075 0.15944055944055943
0 0.76875 0.3146853146853147 0.07875 0.27972027972027974
1 0.10625 0.534965034965035 0.20249999999999999 0.025174825174825173
2 0.02734375 0.5303030303030303 0.013125000000000001 0.016317016317016316
2 0.178125 0.541958041958042 0.03 0.00979020979020979
3 0.10625 0.493006993006993 0.20249999999999999 0.1258741258741259
4 0.05234375 0.49533799533799533 0.073125 0.11421911421911422
4 0.178125 0.493006993006993 0.03 0.14685314685314685
5 0.10625 0.47785547785547783 0.20249999999999999 0.16223776223776223
0 0.1078125 0.4230769230769231 0.20625 0.2937062937062937
