1 0.492 0.752 0.3072 0.07039999999999999
2 0.612 0.7626666666666667 0.0192 0.05226666666666666
2 0.373 0.736 0.021599999999999998 0.037333333333333336
3 0.492 0.6813333333333333 0.3072 0.24
4 0.595 0.6813333333333333 0.06 0.28
4 0.394 0.6653333333333333 0.072 0.23519999999999996
5 0.492 0.6066666666666667 0.3072 0.41919999999999996
0 0.492 0.4653333333333333 0.3072 0.7584
1 0.507 0.7813333333333333 0.1176 0.0384
2 0.538 0.784 0.043199999999999995 0.037333333333333336
2 0.47 0.78 0.028799999999999996 0.04106666666666666
3 0.507 0.7386666666666667 0.1176 0.14079999999999998
4 0.538 0.7386666666666667 0.043199999999999995 0.16426666666666664
4 0.47 0.7373333333333333 0.028799999999999996 0.16053333333333333
5 0.507 0.6946666666666667 0.1176 0.24639999999999998
0 0.522 0.5866666666666667 0.1536 0.5055999999999999
