1 0.31875 0.9310344827586207 0.09375 0.03940886699507389
2 0.2859375 0.922824302134647 0.015 0.022988505747126436
2 0.3296875 0.9310344827586207 0.06749999999999999 0.04597701149425287
3 0.31875 0.8669950738916257 0.09375 0.19310344827586207
4 0.290625 0.8587848932676518 0.026250000000000002 0.2022988505747126
4 0.3296875 0.8669950738916257 0.06749999999999999 0.22528735632183905
5 0.31875 0.80623973727422 0.09375 0.3389162561576355
0 0.33984375 0.7257799671592775 0.174375 0.5320197044334976
1 0.5671875 0.9310344827586207 0.1275 0.015763546798029555
2 0.5234375 0.9293924466338259 0.0225 0.01379310344827586
2 0.61171875 0.9318555008210181 0.020624999999999998 0.016091954022988506
3 0.56953125 0.8908045977011494 0.140625 0.11231527093596058
4 0.521875 0.8908045977011494 0.026250000000000002 0.1218390804597701
4 0.615625 0.8908045977011494 0.03 0.13103448275862067
5 0.56953125 0.8908045977011494 0.140625 0.11231527093596058
0 0.56171875 0.8382594417077176 0.159375 0.23842364532019703
