1 0.821 0.8893333333333333 0.0696 0.048
2 0.805 0.8933333333333333 0.0312 0.007466666666666667
2 0.843 0.8893333333333333 0.016800000000000002 0.056
3 0.829 0.8573333333333333 0.0888 0.1248
4 0.808 0.8506666666666667 0.0384 0.12693333333333331
4 0.851 0.86 0.036 0.13813333333333333
5 0.837 0.8253333333333334 0.108 0.20159999999999997
0 0.837 0.7533333333333333 0.108 0.3744
1 0.34 0.7826666666666666 0.0768 0.0224
2 0.363 0.7826666666666666 0.021599999999999998 0.02613333333333333
2 0.317 0.7853333333333333 0.021599999999999998 0.018666666666666668
3 0.34 0.76 0.0768 0.0768
4 0.363 0.7626666666666667 0.021599999999999998 0.08213333333333332
4 0.317 0.76 0.021599999999999998 0.08959999999999999
5 0.34 0.7306666666666667 0.0768 0.1472
0 0.337 0.684 0.084 0.2592
1 0.144 0.7386666666666667 0.048 0.012799999999999999
2 0.155 0.74 0.021599999999999998 0.011199999999999998
2 0.13 0.7373333333333333 0.014399999999999998 0.011199999999999998
3 0.144 0.72 0.048 0.05759999999999999
4 0.155 0.72 0.021599999999999998 0.0672
4 0.13 0.7186666666666667 0.014399999999999998 0.06346666666666666
5 0.144 0.6946666666666667 0.048 0.11839999999999999
0 0.146 0.6493333333333333 0.0528 0.2272
