1 0.50703125 0.7199413489736071 0.06937499999999999 0.03167155425219941
2 0.48828125 0.7155425219941349 0.024375 0.024633431085043983
2 0.52734375 0.7302052785923754 0.020624999999999998 0.008211143695014663
3 0.51015625 0.6920821114369502 0.076875 0.09853372434017596
4 0.49609375 0.6876832844574781 0.043125 0.10263929618768329
4 0.53046875 0.6920821114369502 0.028125 0.11495601173020527
5 0.51015625 0.6363636363636364 0.076875 0.23225806451612904
0 0.546875 0.5806451612903226 0.16499999999999998 0.3659824046920821
1 0.115625 0.7961876832844574 0.03 0.017595307917888565
2 0.10546875 0.7947214076246334 0.005625 0.016422287390029325
2 0.1265625 0.7991202346041055 0.00375 0.012316715542521992
3 0.10546875 0.8064516129032258 0.05437499999999999 0.042228739002932544
4 0.0953125 0.8064516129032258 0.03 0.049266862170087966
4 0.11484375 0.8049853372434017 0.031875 0.028739002932551317
5 0.096875 0.8064516129032258 0.075 0.042228739002932544
0 0.071875 0.7873900293255132 0.13499999999999998 0.08797653958944282
