1 0.35234375 0.7614583333333333 0.080625 0.2225
2 0.3453125 0.7020833333333333 0.06375 0.09333333333333332
2 0.36875 0.815625 0.041249999999999995 0.10791666666666666
3 0.35234375 0.725 0.080625 0.30999999999999994
4 0.3453125 0.665625 0.06375 0.19541666666666666
4 0.36640625 0.7552083333333334 0.046875 0.27708333333333335
5 0.3578125 0.6479166666666667 0.09375 0.495
0 0.3484375 0.5416666666666666 0.19874999999999998 0.75
1 0.584375 0.7677083333333333 0.13125 0.1475
2 0.63046875 0.80625 0.020624999999999998 0.06416666666666666
2 0.540625 0.725 0.026250000000000002 0.0525
3 0.584375 0.7229166666666667 0.13125 0.255
4 0.63046875 0.7354166666666667 0.020624999999999998 0.26249999999999996
4 0.540625 0.6802083333333333 0.026250000000000002 0.17791666666666664
5 0.584375 0.6541666666666667 0.13125 0.42
0 0.5890625 0.5041666666666667 0.17625 0.7799999999999999
