1 0.48984375 0.65234375 0.421875 0.110625
2 0.6328125 0.67578125 0.07875 0.0634375
2 0.34296875 0.63359375 0.06937499999999999 0.0765625
3 0.48984375 0.58984375 0.421875 0.260625
4 0.6328125 0.6078125 0.07875 0.25375
4 0.34296875 0.57109375 0.06937499999999999 0.2515625
5 0.48984375 0.54921875 0.421875 0.35812499999999997
0 0.48984375 0.4359375 0.421875 0.63
1 0.25703125 0.78125 0.09937499999999999 0.033749999999999995
2 0.27421875 0.778125 0.058124999999999996 0.030624999999999996
2 0.24609375 0.78203125 0.073125 0.0371875
3 0.25703125 0.72578125 0.09937499999999999 0.166875
4 0.27421875 0.72265625 0.058124999999999996 0.18593749999999998
4 0.24609375 0.7265625 0.073125 0.19249999999999998
5 0.25703125 0.6546875 0.09937499999999999 0.3375
0 0.253125 0.546875 0.10874999999999999 0.59625
