1 0.57578125 0.795774647887324 0.24937499999999999 0.03380281690140845
2 0.48046875 0.795774647887324 0.020624999999999998 0.039436619718309855
2 0.66328125 0.789906103286385 0.039375 0.01643192488262911
3 0.57578125 0.7546948356807511 0.24937499999999999 0.1323943661971831
4 0.5109375 0.7758215962441315 0.09375 0.09530516431924882
4 0.65703125 0.7476525821596244 0.05437499999999999 0.13474178403755868
5 0.57578125 0.7382629107981221 0.24937499999999999 0.17183098591549295
0 0.57578125 0.6619718309859155 0.24937499999999999 0.3549295774647887
1 0.28515625 0.789906103286385 0.076875 0.07042253521126761
2 0.27421875 0.7664319248826291 0.050624999999999996 0.01643192488262911
2 0.2984375 0.8110328638497653 0.045 0.02300469483568075
3 0.2859375 0.7711267605633803 0.07875 0.11549295774647886
4 0.29921875 0.7711267605633803 0.046875 0.13474178403755868
5 0.2859375 0.7687793427230047 0.07875 0.12112676056338029
0 0.32578125 0.721830985915493 0.174375 0.23380281690140844
1 0.1453125 0.8157276995305164 0.24375 0.030985915492957743
2 0.05 0.8157276995305164 0.015 0.03615023474178403
2 0.23125 0.818075117370892 0.0375 0.02300469483568075
3 0.1453125 0.7746478873239436 0.24375 0.1295774647887324
4 0.08203125 0.8110328638497653 0.091875 0.04929577464788732
4 0.23125 0.7734741784037559 0.0375 0.14788732394366194
5 0.1453125 0.7617370892018779 0.24375 0.16056338028169012
0 0.1453125 0.7007042253521126 0.24375 0.30704225352112674
