1 0.5503952569169961 0.58515625 0.36284584980237156 0.125625
2 0.6590909090909091 0.62734375 0.10197628458498025 0.028437499999999998
2 0.43873517786561267 0.54375 0.09486166007905138 0.030624999999999996
3 0.5503952569169961 0.52890625 0.36284584980237156 0.260625
4 0.6590909090909091 0.5703125 0.10197628458498025 0.188125
4 0.4723320158102767 0.4875 0.17549407114624505 0.188125
5 0.5503952569169961 0.47578125 0.36284584980237156 0.38812499999999994
0 0.5790513833992095 0.37265625 0.4316205533596838 0.635625
1 0.22529644268774704 0.90234375 0.2561264822134387 0.09562499999999999
2 0.31126482213438733 0.91171875 0.04980237154150197 0.08531249999999999
2 0.1590909090909091 0.896875 0.09723320158102766 0.09624999999999999
3 0.2490118577075099 0.8515625 0.3130434782608696 0.21749999999999997
4 0.3349802371541502 0.8546875 0.1067193675889328 0.24499999999999997
4 0.1966403162055336 0.84609375 0.18735177865612648 0.2384375
5 0.26679841897233203 0.80390625 0.3557312252964427 0.33187500000000003
0 0.3359683794466403 0.7328125 0.5217391304347826 0.5025
