1 0.7809667673716012 0.628 0.11963746223564956 0.05759999999999999
2 0.8021148036253777 0.616 0.0688821752265861 0.03359999999999999
2 0.7447129909365559 0.642 0.03262839879154078 0.028
3 0.7809667673716012 0.599 0.11963746223564956 0.12719999999999998
4 0.8021148036253777 0.587 0.0688821752265861 0.1148
4 0.7447129909365559 0.606 0.03262839879154078 0.12879999999999997
5 0.7809667673716012 0.568 0.11963746223564956 0.2016
0 0.8021148036253777 0.499 0.17039274924471298 0.36719999999999997
1 0.4561933534743202 0.611 0.10876132930513595 0.0504
2 0.4214501510574018 0.591 0.025377643504531724 0.0028
2 0.4773413897280967 0.626 0.05800604229607251 0.016799999999999995
3 0.4561933534743202 0.585 0.10876132930513595 0.1128
4 0.4425981873111782 0.565 0.07613293051359517 0.0756
4 0.4773413897280967 0.591 0.05800604229607251 0.1148
5 0.4561933534743202 0.551 0.10876132930513595 0.19440000000000002
0 0.4788519637462236 0.495 0.16314199395770393 0.32880000000000004
