1 0.2864583333333333 0.709375 0.1625 0.07875
2 0.31145833333333334 0.6875 0.1025 0.030624999999999996
2 0.24895833333333334 0.71953125 0.0725 0.0634375
3 0.2864583333333333 0.65625 0.1625 0.20625
4 0.31145833333333334 0.634375 0.1025 0.179375
4 0.24895833333333334 0.66015625 0.0725 0.2296875
5 0.2864583333333333 0.609375 0.1625 0.31875
0 0.26979166666666665 0.4953125 0.3575 0.5925
1 0.5635416666666667 0.94140625 0.19249999999999998 0.05437499999999999
2 0.5145833333333333 0.94765625 0.075 0.0459375
2 0.6197916666666666 0.934375 0.057499999999999996 0.04375
3 0.5635416666666667 0.89921875 0.19249999999999998 0.15562499999999999
4 0.5145833333333333 0.90703125 0.075 0.15968749999999998
4 0.6197916666666666 0.8921875 0.057499999999999996 0.161875
5 0.5635416666666667 0.85 0.19249999999999998 0.27375
0 0.5875 0.73125 0.44 0.5375
