1 0.3231197771587744 0.65546875 0.2540389972144847 0.06937499999999999
2 0.4052924791086351 0.66328125 0.05682451253481894 0.0590625
2 0.25487465181058494 0.6453125 0.09025069637883008 0.05249999999999999
3 0.3203342618384401 0.59453125 0.26072423398328687 0.215625
4 0.3997214484679666 0.59765625 0.0701949860724234 0.24281249999999996
4 0.2520891364902507 0.584375 0.0969359331476323 0.22312499999999996
5 0.3203342618384401 0.5546875 0.26072423398328687 0.31124999999999997
0 0.2381615598885794 0.44609375 0.45793871866295266 0.571875
1 0.6406685236768802 0.803125 0.31420612813370474 0.0975
2 0.7270194986072424 0.7875 0.10696378830083565 0.06999999999999999
2 0.5376044568245125 0.8234375 0.06685236768802229 0.056874999999999995
3 0.6406685236768802 0.759375 0.31420612813370474 0.20249999999999999
4 0.7256267409470752 0.74375 0.11030640668523677 0.19249999999999998
4 0.5376044568245125 0.77109375 0.06685236768802229 0.2034375
5 0.6406685236768802 0.71796875 0.31420612813370474 0.301875
0 0.5543175487465181 0.57890625 0.5214484679665737 0.635625
