1 0.36875 0.594626168224299 0.07875 0.03644859813084112
2 0.35703125 0.594626168224299 0.050624999999999996 0.042523364485981305
2 0.40078125 0.594626168224299 0.001875 0.042523364485981305
3 0.3734375 0.5327102803738317 0.09 0.18504672897196262
4 0.3578125 0.5327102803738317 0.052500000000000005 0.2158878504672897
4 0.40546875 0.5420560747663551 0.013125000000000001 0.18971962616822427
5 0.415625 0.4953271028037383 0.19124999999999998 0.2747663551401869
0 0.43125 0.397196261682243 0.22875 0.5102803738317757
1 0.0328125 0.13434579439252337 0.065625 0.014018691588785047
2 0.00546875 0.1308411214953271 0.009375 0.006542056074766355
2 0.06171875 0.13901869158878505 0.005625 0.0032710280373831773
3 0.0328125 0.11565420560747663 0.065625 0.058878504672897194
4 0.01328125 0.11214953271028037 0.0265625 0.058878504672897194
4 0.06171875 0.11565420560747663 0.005625 0.06869158878504672
5 0.0328125 0.09228971962616822 0.065625 0.11495327102803737
0 0.0328125 0.07126168224299065 0.065625 0.1425233644859813
