1 0.09375 0.509367681498829 0.17625 0.03091334894613583
2 0.16171875 0.5081967213114754 0.013125000000000001 0.03278688524590164
2 0.03046875 0.509367681498829 0.024375 0.0360655737704918
3 0.09375 0.446135831381733 0.17625 0.18266978922716628
4 0.15703125 0.446135831381733 0.024375 0.2065573770491803
4 0.0390625 0.446135831381733 0.045 0.21311475409836064
5 0.09375 0.4016393442622951 0.17625 0.2894613583138173
0 0.09375 0.3325526932084309 0.17625 0.45526932084309135
1 0.35625 0.7822014051522248 0.20625 0.03934426229508197
2 0.434375 0.7868852459016393 0.01875 0.03278688524590164
2 0.2796875 0.7786885245901639 0.0225 0.0360655737704918
3 0.3578125 0.7271662763466042 0.21000000000000002 0.17142857142857143
4 0.4359375 0.7271662763466042 0.0225 0.19999999999999998
4 0.3140625 0.7388758782201406 0.10500000000000001 0.14754098360655735
5 0.36328125 0.6604215456674473 0.22312499999999996 0.331615925058548
0 0.378125 0.5573770491803278 0.25875 0.5789227166276346
