1 0.22578125 0.6748826291079812 0.039375 0.01971830985915493
2 0.2140625 0.6690140845070423 0.01125 0.006572769953051643
2 0.22890625 0.676056338028169 0.031875 0.019718309859154928
3 0.22578125 0.6349765258215962 0.039375 0.11549295774647886
4 0.2171875 0.6291079812206573 0.01875 0.11830985915492957
4 0.22890625 0.6349765258215962 0.031875 0.13474178403755868
5 0.225 0.5974178403755869 0.041249999999999995 0.20563380281690138
0 0.240625 0.5610328638497653 0.07875 0.29295774647887324
1 0.2890625 0.6772300469483568 0.041249999999999995 0.01971830985915493
2 0.275 0.6748826291079812 0.0075 0.01643192488262911
2 0.3015625 0.6795774647887324 0.01125 0.01643192488262911
3 0.2890625 0.6572769953051644 0.041249999999999995 0.0676056338028169
4 0.27734375 0.6549295774647887 0.013125000000000001 0.07230046948356807
4 0.3015625 0.6596244131455399 0.01125 0.07230046948356807
5 0.2890625 0.6326291079812206 0.041249999999999995 0.1267605633802817
0 0.29296875 0.596244131455399 0.050624999999999996 0.21408450704225354
