1 0.529 0.6666666666666666 0.0648 0.032
2 0.542 0.6586666666666666 0.033600000000000005 0.014933333333333333
2 0.507 0.668 0.012 0.0336
3 0.529 0.6266666666666667 0.0648 0.128
4 0.542 0.62 0.033600000000000005 0.12319999999999999
4 0.507 0.6266666666666667 0.012 0.14933333333333335
5 0.526 0.588 0.072 0.2208
0 0.51 0.512 0.1104 0.40319999999999995
1 0.384 0.7426666666666667 0.0912 0.08639999999999999
2 0.401 0.7133333333333334 0.0504 0.018666666666666668
2 0.36 0.764 0.033600000000000005 0.04106666666666666
3 0.384 0.712 0.0912 0.16
4 0.401 0.6826666666666666 0.0504 0.10453333333333333
4 0.361 0.716 0.036 0.17546666666666666
5 0.384 0.6613333333333333 0.0912 0.28159999999999996
0 0.381 0.568 0.09839999999999999 0.5055999999999999
