1 0.46796875 0.8298368298368298 0.260625 0.11748251748251748
2 0.56640625 0.844988344988345 0.024375 0.09463869463869462
2 0.3734375 0.817016317016317 0.033749999999999995 0.10116550116550116
3 0.46796875 0.7482517482517482 0.260625 0.3132867132867133
4 0.5640625 0.7634032634032634 0.03 0.32307692307692304
4 0.384375 0.7354312354312355 0.06 0.3296037296037296
5 0.46796875 0.6794871794871795 0.260625 0.47832167832167827
0 0.5140625 0.5011655011655012 0.37124999999999997 0.9062937062937063
1 0.25546875 0.3275058275058275 0.028125 0.013986013986013986
2 0.2640625 0.32400932400932403 0.0 0.0
2 0.25546875 0.3275058275058275 0.028125 0.016317016317016316
3 0.25859375 0.31002331002331 0.035625000000000004 0.055944055944055944
4 0.26875 0.30885780885780884 0.01125 0.04242424242424242
4 0.25546875 0.31002331002331 0.028125 0.06526806526806526
5 0.25859375 0.2878787878787879 0.035625000000000004 0.10909090909090909
0 0.2765625 0.2634032634032634 0.07875 0.16783216783216784
1 0.7078125 0.4766899766899767 0.03 0.008391608391608392
2 0.715625 0.47785547785547783 0.01125 0.006526806526806527
2 0.703125 0.47435897435897434 0.01875 0.0032634032634032634
3 0.7125 0.4568764568764569 0.041249999999999995 0.055944055944055944
4 0.7203125 0.4568764568764569 0.0225 0.06526806526806526
4 0.7109375 0.45454545454545453 0.0375 0.05874125874125874
5 0.7125 0.4347319347319347 0.041249999999999995 0.10909090909090909
0 0.7265625 0.3997668997668998 0.075 0.193006993006993
