1 0.20546875 0.8395833333333333 0.4109375 0.13
2 0.36953125 0.8729166666666667 0.06937499999999999 0.058333333333333334
2 0.01328125 0.8177083333333334 0.001875 0.09041666666666666
3 0.20546875 0.8385416666666666 0.4109375 0.13249999999999998
4 0.36953125 0.8510416666666667 0.06937499999999999 0.11958333333333333
4 0.071875 0.8166666666666667 0.14250000000000002 0.09333333333333332
5 0.20546875 0.7885416666666667 0.4109375 0.2525
0 0.23125 0.6385416666666667 0.4625 0.6125
1 0.715625 0.8458333333333333 0.13125 0.11
2 0.75859375 0.871875 0.028125 0.05541666666666666
2 0.6875 0.8083333333333333 0.06375 0.02333333333333333
3 0.73125 0.7958333333333333 0.16875 0.22999999999999998
4 0.77421875 0.8166666666666667 0.065625 0.21
4 0.70390625 0.7583333333333333 0.103125 0.1633333333333333
5 0.74140625 0.7416666666666667 0.193125 0.36
0 0.796875 0.5416666666666666 0.32625 0.84
1 0.54609375 0.9166666666666666 0.076875 0.065
2 0.5640625 0.9208333333333333 0.033749999999999995 0.06416666666666666
2 0.5265625 0.9104166666666667 0.03 0.058333333333333334
3 0.55859375 0.8895833333333333 0.10687499999999998 0.13
4 0.5765625 0.8947916666666667 0.06375 0.13708333333333333
4 0.5421875 0.8833333333333333 0.06749999999999999 0.13416666666666666
5 0.56796875 0.8260416666666667 0.129375 0.2825
0 0.590625 0.7197916666666667 0.18375 0.5375
