1 0.42421875 0.6241217798594848 0.15562499999999999 0.0702576112412178
2 0.3671875 0.6381733021077284 0.01875 0.04262295081967213
2 0.48046875 0.6042154566744731 0.020624999999999998 0.02622950819672131
3 0.42421875 0.585480093676815 0.15562499999999999 0.16299765807962527
4 0.371875 0.6042154566744731 0.03 0.13770491803278687
4 0.4609375 0.5655737704918032 0.06749999999999999 0.13442622950819672
5 0.42421875 0.5655737704918032 0.15562499999999999 0.2107728337236534
0 0.4109375 0.5199063231850117 0.1875 0.3203747072599531
1 0.275 0.6065573770491803 0.12 0.11241217798594848
2 0.31640625 0.5702576112412178 0.020624999999999998 0.029508196721311476
2 0.23125 0.6428571428571429 0.015 0.029508196721311476
3 0.275 0.5889929742388759 0.12 0.15456674473067916
4 0.3140625 0.5526932084309133 0.026250000000000002 0.07868852459016393
4 0.24609375 0.6182669789227166 0.050624999999999996 0.09836065573770492
5 0.275 0.5889929742388759 0.12 0.15456674473067916
0 0.27734375 0.5608899297423887 0.125625 0.22201405152224823
