1 0.45918367346938777 0.875 0.8142857142857143 0.041249999999999995
2 0.7525510204081632 0.8734375 0.11020408163265305 0.039375
2 0.18494897959183673 0.875 0.15612244897959182 0.048124999999999994
3 0.45918367346938777 0.7890625 0.8142857142857143 0.2475
4 0.7525510204081632 0.7953125 0.11020408163265305 0.258125
4 0.24362244897959184 0.7890625 0.29693877551020403 0.28874999999999995
5 0.45918367346938777 0.69296875 0.8142857142857143 0.478125
0 0.45918367346938777 0.53984375 0.8142857142857143 0.8456249999999998
1 0.7461734693877551 0.82421875 0.5076530612244898 0.035625000000000004
2 0.9808673469387755 0.8296875 0.015306122448979591 0.026249999999999996
2 0.5242346938775511 0.8234375 0.04591836734693878 0.039375
3 0.7461734693877551 0.75078125 0.5076530612244898 0.21187499999999998
4 0.9693877551020408 0.75625 0.04285714285714286 0.23187499999999997
4 0.5752551020408163 0.75 0.1683673469387755 0.24499999999999997
5 0.7461734693877551 0.696875 0.5076530612244898 0.34125
0 0.7461734693877551 0.603125 0.5076530612244898 0.5662499999999999
