1 0.27890625 0.903125 0.14437499999999998 0.0525
2 0.3328125 0.9072916666666667 0.015 0.049583333333333326
2 0.234375 0.896875 0.0375 0.04375
3 0.27890625 0.8229166666666666 0.14437499999999998 0.245
4 0.33203125 0.8260416666666667 0.016874999999999998 0.27708333333333335
4 0.23515625 0.8166666666666667 0.039375 0.2683333333333333
5 0.27890625 0.7645833333333333 0.14437499999999998 0.38499999999999995
0 0.29375 0.6364583333333333 0.18 0.6925
1 0.11328125 0.9197916666666667 0.196875 0.0175
2 0.053125 0.9208333333333333 0.052500000000000005 0.017499999999999998
2 0.178125 0.91875 0.041249999999999995 0.017499999999999998
3 0.11328125 0.840625 0.196875 0.2075
4 0.059375 0.840625 0.06749999999999999 0.24208333333333332
4 0.175 0.8395833333333333 0.04875 0.23916666666666667
5 0.11328125 0.7614583333333333 0.196875 0.39749999999999996
0 0.115625 0.6114583333333333 0.20249999999999999 0.7575
1 0.7625 0.7572916666666667 0.06 0.0275
2 0.74296875 0.7541666666666667 0.013125000000000001 0.02333333333333333
2 0.78046875 0.7625 0.016874999999999998 0.017499999999999998
3 0.7625 0.71875 0.06 0.11999999999999998
4 0.74296875 0.715625 0.013125000000000001 0.13124999999999998
4 0.78046875 0.7197916666666667 0.016874999999999998 0.13708333333333333
5 0.7640625 0.6822916666666666 0.06375 0.2075
0 0.76875 0.603125 0.11624999999999999 0.39749999999999996
1 0.64609375 0.6604166666666667 0.031875 0.035
2 0.6546875 0.66875 0.01125 0.017499999999999998
2 0.63671875 0.6604166666666667 0.009375 0.040833333333333326
3 0.646875 0.6302083333333334 0.033749999999999995 0.1075
4 0.65546875 0.63125 0.013125000000000001 0.1225
4 0.63671875 0.6302083333333334 0.009375 0.12541666666666665
5 0.6484375 0.5947916666666667 0.041249999999999995 0.19249999999999998
0 0.64609375 0.5177083333333333 0.10687499999999998 0.3775
