1 0.28046875 0.7289719626168224 0.06937499999999999 0.08971962616822429
2 0.2875 0.7289719626168224 0.052500000000000005 0.10467289719626167
2 0.2765625 0.7231308411214953 0.06 0.08177570093457943
3 0.28046875 0.7021028037383178 0.06937499999999999 0.1542056074766355
4 0.2875 0.7021028037383178 0.052500000000000005 0.17990654205607476
4 0.2765625 0.705607476635514 0.06 0.1308411214953271
5 0.28046875 0.6623831775700935 0.06937499999999999 0.24953271028037383
0 0.28359375 0.5747663551401869 0.110625 0.4598130841121495
1 0.42265625 0.7102803738317757 0.091875 0.06728971962616821
2 0.39453125 0.7044392523364486 0.024375 0.06214953271028037
2 0.45078125 0.7336448598130841 0.024375 0.01308411214953271
3 0.42265625 0.6927570093457944 0.091875 0.10934579439252336
4 0.40546875 0.6869158878504673 0.050624999999999996 0.11121495327102802
4 0.45078125 0.697429906542056 0.024375 0.11448598130841121
5 0.42265625 0.6542056074766355 0.091875 0.20186915887850465
0 0.42734375 0.580607476635514 0.103125 0.37850467289719625
1 0.546875 0.7570093457943925 0.041249999999999995 0.06728971962616821
2 0.5359375 0.7488317757009346 0.015 0.05560747663551401
2 0.55390625 0.7768691588785047 0.024375 0.02289719626168224
3 0.55078125 0.7266355140186916 0.050624999999999996 0.14018691588785046
4 0.5453125 0.7184579439252337 0.0375 0.14065420560747663
4 0.5578125 0.7313084112149533 0.033749999999999995 0.15046728971962614
5 0.55078125 0.6880841121495327 0.050624999999999996 0.23271028037383176
0 0.56015625 0.6156542056074766 0.091875 0.40654205607476634
