1 0.57734375 0.8747072599531616 0.121875 0.10960187353629976
2 0.609375 0.8747072599531616 0.045 0.12786885245901639
2 0.55234375 0.8887587822014051 0.061875 0.029508196721311476
3 0.57734375 0.8067915690866511 0.121875 0.27259953161592504
4 0.5859375 0.8067915690866511 0.10124999999999999 0.3180327868852459
4 0.55234375 0.7985948477751756 0.061875 0.2819672131147541
5 0.57734375 0.7283372365339579 0.121875 0.46088992974238874
0 0.55859375 0.5702576112412178 0.166875 0.8402810304449649
1 0.675 0.8138173302107728 0.06749999999999999 0.2613583138173302
2 0.68671875 0.7611241217798594 0.039375 0.15737704918032785
2 0.6609375 0.9098360655737705 0.033749999999999995 0.0360655737704918
3 0.6640625 0.8138173302107728 0.09375 0.2613583138173302
4 0.6640625 0.7611241217798594 0.09375 0.15737704918032785
4 0.671875 0.84192037470726 0.06 0.2262295081967213
5 0.6875 0.7482435597189696 0.15 0.41873536299765807
0 0.6890625 0.5936768149882904 0.2925 0.789695550351288
