1 0.4234375 0.7786885245901639 0.041249999999999995 0.01405152224824356
2 0.4265625 0.7763466042154566 0.033749999999999995 0.009836065573770491
2 0.415625 0.7810304449648712 0.0225 0.009836065573770491
3 0.4234375 0.7704918032786885 0.041249999999999995 0.03372365339578454
4 0.4265625 0.7681498829039812 0.033749999999999995 0.03278688524590164
4 0.415625 0.775175644028103 0.0225 0.02622950819672131
5 0.40546875 0.7704918032786885 0.084375 0.03372365339578454
0 0.40546875 0.7201405152224825 0.084375 0.15456674473067916
1 0.53671875 0.7693208430913349 0.039375 0.019672131147540985
2 0.54140625 0.7681498829039812 0.028125 0.019672131147540982
2 0.5203125 0.7775175644028103 0.0 0.0
3 0.53671875 0.765807962529274 0.039375 0.02810304449648712
4 0.53984375 0.7646370023419203 0.031875 0.029508196721311476
4 0.5203125 0.7681498829039812 0.0 0.02622950819672131
5 0.51796875 0.765807962529274 0.084375 0.02810304449648712
0 0.50546875 0.7224824355971897 0.114375 0.13770491803278687
1 0.334375 0.7716627634660421 0.033749999999999995 0.01405152224824356
2 0.33125 0.7716627634660421 0.026250000000000002 0.01639344262295082
2 0.3484375 0.775175644028103 0.0 0.0
3 0.334375 0.7576112412177985 0.033749999999999995 0.0477751756440281
4 0.33125 0.7576112412177985 0.026250000000000002 0.05573770491803278
4 0.33515625 0.7587822014051522 0.031875 0.04590163934426229
5 0.31484375 0.7576112412177985 0.080625 0.0477751756440281
0 0.31015625 0.7166276346604216 0.091875 0.14613583138173303
