1 0.68984375 0.72734375 0.373125 0.114375
2 0.6078125 0.73203125 0.17625 0.1203125
2 0.76640625 0.71328125 0.189375 0.0940625
3 0.68984375 0.6015625 0.373125 0.41624999999999995
4 0.6078125 0.68125 0.17625 0.2625
4 0.71796875 0.5875 0.305625 0.4462499999999999
5 0.57109375 0.6015625 0.658125 0.41624999999999995
0 0.5640625 0.5078125 0.675 0.64125
1 0.9015625 0.6140625 0.10124999999999999 0.17625
2 0.9015625 0.64375 0.10124999999999999 0.12249999999999998
2 0.89921875 0.5734375 0.06937499999999999 0.091875
3 0.796875 0.590625 0.3525 0.23249999999999998
4 0.80703125 0.590625 0.328125 0.27125
4 0.7890625 0.5734375 0.33375 0.091875
5 0.7109375 0.590625 0.55875 0.23249999999999998
0 0.6734375 0.44765625 0.6487499999999999 0.5756249999999999
