1 0.5421545667447307 0.61640625 0.0477751756440281 0.009375
2 0.5538641686182669 0.615625 0.019672131147540985 0.008749999999999999
2 0.5292740046838408 0.6171875 0.01686182669789227 0.008749999999999999
3 0.5421545667447307 0.60234375 0.0477751756440281 0.043125
4 0.5538641686182669 0.6015625 0.019672131147540985 0.048124999999999994
4 0.5292740046838408 0.6046875 0.01686182669789227 0.04375
5 0.5409836065573771 0.5890625 0.05058548009367681 0.075
0 0.5386416861826698 0.55859375 0.05620608899297424 0.148125
1 0.4648711943793911 0.36171875 0.019672131147540985 0.09937499999999999
2 0.45784543325526933 0.33203125 0.002810304449648712 0.0328125
2 0.46955503512880564 0.39609375 0.008430913348946136 0.0196875
3 0.4812646370023419 0.34296875 0.05901639344262295 0.14437499999999998
4 0.4812646370023419 0.31328125 0.05901639344262295 0.08531249999999999
4 0.48243559718969553 0.3765625 0.03934426229508197 0.074375
5 0.5374707259953162 0.34296875 0.1939110070257611 0.14437499999999998
0 0.5152224824355972 0.3390625 0.25854800936768146 0.15375
