1 0.3805970149253731 0.846875 0.14584221748400852 0.015
2 0.43176972281449894 0.84765625 0.02302771855010661 0.015312499999999998
2 0.3336886993603412 0.84296875 0.03326226012793177 0.006562499999999999
3 0.3805970149253731 0.82734375 0.14584221748400852 0.061875
4 0.42643923240938164 0.83125 0.03582089552238806 0.06124999999999999
4 0.3390191897654584 0.8234375 0.04605543710021322 0.06124999999999999
5 0.3805970149253731 0.8125 0.14584221748400852 0.0975
0 0.3805970149253731 0.78984375 0.14584221748400852 0.151875
1 0.2260127931769723 0.8296875 0.11257995735607676 0.0225
2 0.2345415778251599 0.8296875 0.08699360341151385 0.026249999999999996
2 0.2260127931769723 0.828125 0.11257995735607676 0.017499999999999998
3 0.2260127931769723 0.8140625 0.11257995735607676 0.06
4 0.2345415778251599 0.8140625 0.08699360341151385 0.06999999999999999
4 0.2260127931769723 0.8140625 0.11257995735607676 0.056874999999999995
5 0.2260127931769723 0.79453125 0.11257995735607676 0.10687499999999998
0 0.2260127931769723 0.75546875 0.11257995735607676 0.200625
