1 0.6790697674418604 0.7842356687898089 0.133953488372093 0.04777070063694268
2 0.7197674418604652 0.7842356687898089 0.03627906976744186 0.05573248407643312
2 0.6406976744186047 0.785031847133758 0.04186046511627907 0.04904458598726114
3 0.6790697674418604 0.7181528662420382 0.133953488372093 0.20636942675159234
4 0.7197674418604652 0.7181528662420382 0.03627906976744186 0.24076433121019106
4 0.6406976744186047 0.7197452229299363 0.04186046511627907 0.2318471337579618
5 0.6686046511627907 0.6512738853503185 0.15906976744186044 0.3668789808917197
0 0.6593023255813953 0.5366242038216561 0.24279069767441858 0.6420382165605095
1 0.34418604651162793 0.7898089171974523 0.08930232558139535 0.045859872611464965
2 0.3697674418604651 0.7882165605095541 0.027906976744186046 0.04904458598726114
2 0.3209302325581395 0.7898089171974523 0.03348837209302325 0.053503184713375784
3 0.34418604651162793 0.7181528662420382 0.08930232558139535 0.21783439490445858
4 0.3697674418604651 0.7173566878980892 0.027906976744186046 0.24745222929936303
4 0.3209302325581395 0.7181528662420382 0.03348837209302325 0.25414012738853503
5 0.3430232558139535 0.6568471337579618 0.12000000000000001 0.364968152866242
0 0.3372093023255814 0.5485668789808917 0.2344186046511628 0.6248407643312102
