1 0.4152941176470588 0.7875 0.528 0.195
2 0.2576470588235294 0.84296875 0.1496470588235294 0.07218749999999999
2 0.5729411764705883 0.7390625 0.1496470588235294 0.091875
3 0.4294117647058823 0.71875 0.5618823529411764 0.36
4 0.2823529411764706 0.7515625 0.20894117647058824 0.328125
4 0.5870588235294117 0.6703125 0.18352941176470589 0.284375
5 0.4294117647058823 0.66953125 0.5618823529411764 0.478125
0 0.4811764705882353 0.58203125 0.6861176470588235 0.688125
1 0.8917647058823529 0.50546875 0.09035294117647058 0.024375
2 0.9129411764705883 0.50859375 0.03952941176470588 0.0196875
2 0.8658823529411764 0.50390625 0.02823529411764706 0.024062499999999997
3 0.8917647058823529 0.48203125 0.09035294117647058 0.080625
4 0.9129411764705883 0.48203125 0.03952941176470588 0.0940625
4 0.8658823529411764 0.48046875 0.02823529411764706 0.0896875
5 0.8917647058823529 0.46328125 0.09035294117647058 0.125625
0 0.8917647058823529 0.425 0.09035294117647058 0.21749999999999997
