1 0.4859375 0.8517786561264822 0.16125 0.11383399209486166
2 0.4390625 0.8260869565217391 0.04875 0.0608695652173913
2 0.52109375 0.8794466403162056 0.076875 0.05533596837944664
3 0.4859375 0.791501976284585 0.16125 0.25849802371541497
4 0.446875 0.7658102766798419 0.06749999999999999 0.22964426877470354
4 0.52109375 0.7954545454545454 0.076875 0.29051383399209485
5 0.4859375 0.6837944664031621 0.16125 0.5169960474308299
0 0.49140625 0.5820158102766798 0.174375 0.7612648221343873
1 0.734375 0.7747035573122529 0.17625 0.05691699604743083
2 0.7984375 0.775691699604743 0.0225 0.06363636363636363
2 0.68671875 0.7658102766798419 0.061875 0.041501976284584984
3 0.734375 0.7055335968379447 0.17625 0.22292490118577074
4 0.79609375 0.7055335968379447 0.028125 0.2600790513833992
4 0.68671875 0.700592885375494 0.061875 0.22411067193675888
5 0.734375 0.6462450592885376 0.17625 0.36521739130434777
0 0.72890625 0.5988142292490118 0.189375 0.47905138339920944
