1 0.9472527472527472 0.9046875 0.05802197802197802 0.09375
2 0.9505494505494505 0.89453125 0.05010989010989011 0.0809375
2 0.9417582417582417 0.9328125 0.04483516483516483 0.030624999999999996
3 0.7626373626373626 0.84140625 0.4747252747252747 0.24562499999999998
4 0.7901098901098901 0.83125 0.4197802197802198 0.258125
4 0.7571428571428571 0.875 0.4857142857142857 0.19249999999999998
5 0.5758241758241758 0.80859375 0.8483516483516483 0.32437499999999997
0 0.5615384615384615 0.61328125 0.8769230769230769 0.7734375
1 0.8384615384615385 0.68046875 0.18725274725274726 0.065625
2 0.8538461538461538 0.6671875 0.15032967032967032 0.039375
2 0.8 0.68515625 0.09494505494505494 0.0634375
3 0.8384615384615385 0.59140625 0.18725274725274726 0.279375
4 0.8538461538461538 0.58046875 0.15032967032967032 0.2821875
4 0.8 0.59140625 0.09494505494505494 0.3259375
5 0.7626373626373626 0.59140625 0.36923076923076925 0.279375
0 0.7648351648351648 0.48125 0.37450549450549453 0.54375
1 0.9505494505494505 0.428125 0.055384615384615386 0.041249999999999995
2 0.9406593406593406 0.4109375 0.0 0.0
2 0.9505494505494505 0.4296875 0.055384615384615386 0.04375
3 0.9527472527472527 0.365625 0.06065934065934066 0.19124999999999998
4 0.9593406593406594 0.3484375 0.04483516483516483 0.175
4 0.9505494505494505 0.37109375 0.055384615384615386 0.2078125
5 0.954945054945055 0.29921875 0.06593406593406594 0.350625
0 0.954945054945055 0.23984375 0.06593406593406594 0.4796875
