1 0.334375 0.21796875 0.015 0.016874999999999998
2 0.33203125 0.21484375 0.009375 0.0109375
2 0.33828125 0.22109375 0.005625 0.0109375
3 0.334375 0.20859375 0.0225 0.039375
4 0.33046875 0.20546875 0.013125000000000001 0.0371875
4 0.33984375 0.21171875 0.009375 0.0371875
5 0.33515625 0.190625 0.024375 0.08249999999999999
0 0.33203125 0.17265625 0.046875 0.125625
1 0.5015625 0.29609375 0.22875 0.046875
2 0.41796875 0.29296875 0.028125 0.0459375
2 0.58359375 0.3046875 0.031875 0.030624999999999996
3 0.5015625 0.27421875 0.22875 0.09937499999999999
4 0.43984375 0.27109375 0.080625 0.10718749999999999
4 0.58125 0.27421875 0.0375 0.11593749999999999
5 0.5015625 0.24375 0.22875 0.1725
0 0.50546875 0.18671875 0.238125 0.309375
1 0.05390625 0.2765625 0.050624999999999996 0.01875
2 0.06328125 0.2796875 0.028125 0.013124999999999998
2 0.04453125 0.2765625 0.028125 0.021875
3 0.05390625 0.25234375 0.050624999999999996 0.076875
4 0.06328125 0.25546875 0.028125 0.0809375
4 0.04765625 0.25234375 0.035625000000000004 0.0896875
5 0.05390625 0.23125 0.050624999999999996 0.1275
0 0.0453125 0.20078125 0.07875 0.200625
