1 0.3578125 0.8697916666666666 0.28500000000000003 0.1025
2 0.44453125 0.84375 0.076875 0.04666666666666666
2 0.2578125 0.8822916666666667 0.045 0.08458333333333332
3 0.3578125 0.784375 0.28500000000000003 0.3075
4 0.44453125 0.7583333333333333 0.076875 0.28583333333333333
4 0.2578125 0.815625 0.045 0.27125
5 0.3578125 0.725 0.28500000000000003 0.45
0 0.3421875 0.5520833333333334 0.3225 0.865
1 0.4484375 0.46875 0.09375 0.05999999999999999
2 0.48359375 0.44895833333333335 0.009375 0.014583333333333334
2 0.4171875 0.4791666666666667 0.01875 0.040833333333333326
3 0.45859375 0.43125 0.118125 0.15
4 0.49375 0.4114583333333333 0.033749999999999995 0.11958333333333333
4 0.4171875 0.446875 0.01875 0.13124999999999998
5 0.45859375 0.3927083333333333 0.118125 0.2425
0 0.45078125 0.31666666666666665 0.136875 0.425
1 0.7140625 0.44583333333333336 0.13499999999999998 0.065
2 0.75390625 0.453125 0.039375 0.05541666666666666
2 0.678125 0.43125 0.04875 0.034999999999999996
3 0.73125 0.4166666666666667 0.17625 0.13499999999999998
4 0.77109375 0.42291666666666666 0.080625 0.13999999999999999
4 0.68984375 0.40208333333333335 0.076875 0.11666666666666667
5 0.73515625 0.4166666666666667 0.18562499999999998 0.13499999999999998
0 0.73984375 0.35833333333333334 0.196875 0.275
1 0.5515625 0.6135416666666667 0.16875 0.0825
2 0.60390625 0.5989583333333334 0.043125 0.05541666666666666
2 0.50625 0.6291666666666667 0.06 0.0525
3 0.5515625 0.5510416666666667 0.16875 0.23249999999999998
4 0.60390625 0.5364583333333334 0.043125 0.23041666666666666
4 0.50625 0.5697916666666667 0.06 0.21875
5 0.5515625 0.49375 0.16875 0.37
0 0.5515625 0.371875 0.16875 0.6625
