1 0.27890625 0.43171806167400884 0.406875 0.06343612334801761
2 0.41875 0.44383259911894274 0.07125000000000001 0.04008810572687224
2 0.121875 0.42951541850220265 0.03 0.06784140969162995
3 0.27890625 0.36784140969163 0.406875 0.21674008810572684
4 0.409375 0.3777533039647577 0.09375 0.22511013215859027
4 0.1546875 0.3656387665198238 0.10874999999999999 0.24669603524229075
5 0.27890625 0.31167400881057267 0.406875 0.3515418502202643
0 0.27890625 0.23788546255506607 0.406875 0.47577092511013214
1 0.39609375 0.7841409691629956 0.275625 0.12158590308370043
2 0.49765625 0.8061674008810573 0.031875 0.08017621145374448
2 0.30703125 0.7610132158590308 0.061875 0.07709251101321586
3 0.42421875 0.7257709251101322 0.343125 0.2616740088105727
4 0.52578125 0.7279735682819384 0.09937499999999999 0.2991189427312775
4 0.35625 0.7026431718061674 0.18 0.24052863436123345
5 0.4375 0.6519823788546255 0.375 0.4387665198237885
0 0.48203125 0.486784140969163 0.48187499999999994 0.8352422907488987
