1 0.4661214953271028 0.7359375 0.5467289719626168 0.07875
2 0.6530373831775701 0.7484375 0.09813084112149532 0.056874999999999995
2 0.2523364485981308 0.728125 0.033644859813084106 0.06999999999999999
3 0.4661214953271028 0.70703125 0.5467289719626168 0.148125
4 0.633177570093458 0.70703125 0.14579439252336449 0.17281249999999998
4 0.3212616822429907 0.71015625 0.19906542056074766 0.1203125
5 0.4661214953271028 0.66171875 0.5467289719626168 0.256875
0 0.4661214953271028 0.578125 0.5467289719626168 0.4575
1 0.308411214953271 0.16953125 0.09532710280373831 0.013125000000000001
2 0.3177570093457944 0.1734375 0.07289719626168224 0.0043749999999999995
2 0.26869158878504673 0.1640625 0.0 0.0
3 0.3411214953271028 0.1328125 0.17383177570093455 0.10124999999999999
4 0.35046728971962615 0.1328125 0.1514018691588785 0.118125
4 0.26869158878504673 0.12890625 0.0 0.09843749999999998
5 0.3411214953271028 0.11953125 0.17383177570093455 0.133125
0 0.3411214953271028 0.11953125 0.17383177570093455 0.133125
