1 0.7484375 0.5669014084507042 0.1275 0.29577464788732394
2 0.77421875 0.4694835680751174 0.065625 0.07230046948356807
2 0.725 0.6643192488262911 0.07125000000000001 0.07230046948356807
3 0.71953125 0.528169014084507 0.196875 0.38873239436619716
4 0.734375 0.4307511737089202 0.16125 0.1807511737089202
4 0.69609375 0.5997652582159625 0.140625 0.25305164319248824
5 0.71953125 0.528169014084507 0.196875 0.38873239436619716
0 0.66484375 0.4835680751173709 0.328125 0.4957746478873239
1 0.446875 0.7007042253521126 0.052500000000000005 0.008450704225352112
2 0.46171875 0.7018779342723005 0.016874999999999998 0.006572769953051643
2 0.43203125 0.7007042253521126 0.016874999999999998 0.009859154929577464
3 0.446875 0.6748826291079812 0.052500000000000005 0.07042253521126761
4 0.46171875 0.6748826291079812 0.016874999999999998 0.08215962441314555
4 0.43203125 0.6772300469483568 0.016874999999999998 0.07558685446009389
5 0.446875 0.6443661971830986 0.052500000000000005 0.14366197183098592
0 0.44453125 0.5786384976525821 0.061875 0.30140845070422534
