1 0.3544600938967136 0.6875 0.12394366197183097 0.0375
2 0.3908450704225352 0.6828125 0.036619718309859155 0.026249999999999996
2 0.3227699530516432 0.6875 0.04788732394366197 0.04375
3 0.3532863849765258 0.65390625 0.1267605633802817 0.118125
4 0.3908450704225352 0.65 0.036619718309859155 0.118125
4 0.3215962441314554 0.65390625 0.05070422535211267 0.13781249999999998
5 0.34976525821596244 0.64140625 0.1352112676056338 0.148125
0 0.3274647887323944 0.59140625 0.18873239436619715 0.268125
1 0.03051643192488263 0.3921875 0.04507042253521126 0.015
2 0.035211267605633804 0.39453125 0.03380281690140845 0.0109375
2 0.022300469483568074 0.38984375 0.025352112676056335 0.0109375
3 0.03051643192488263 0.3765625 0.04507042253521126 0.052500000000000005
4 0.035211267605633804 0.37890625 0.03380281690140845 0.0546875
4 0.022300469483568074 0.37421875 0.025352112676056335 0.0546875
5 0.03051643192488263 0.36015625 0.04507042253521126 0.091875
0 0.029342723004694836 0.33984375 0.04788732394366197 0.140625
