1 0.7040229885057471 0.823045267489712 0.33103448275862063 0.07901234567901234
2 0.6020114942528736 0.823045267489712 0.08620689655172414 0.09218106995884773
2 0.7844827586206896 0.8127572016460906 0.13793103448275862 0.04032921810699588
3 0.7040229885057471 0.7479423868312757 0.33103448275862063 0.25925925925925924
4 0.6077586206896551 0.7520576131687243 0.09999999999999999 0.29094650205761313
4 0.7844827586206896 0.7335390946502057 0.13793103448275862 0.26213991769547323
5 0.7040229885057471 0.6728395061728395 0.33103448275862063 0.43950617283950616
0 0.7040229885057471 0.48662551440329216 0.33103448275862063 0.8864197530864197
1 0.27298850574712646 0.8827160493827161 0.18620689655172412 0.034567901234567905
2 0.24281609195402298 0.8837448559670782 0.11379310344827587 0.037448559670781895
2 0.28160919540229884 0.8755144032921811 0.16551724137931031 0.02016460905349794
3 0.27298850574712646 0.815843621399177 0.18620689655172412 0.19506172839506172
4 0.24568965517241378 0.815843621399177 0.1206896551724138 0.22757201646090533
4 0.28160919540229884 0.8127572016460906 0.16551724137931031 0.19588477366255141
5 0.2543103448275862 0.76440329218107 0.23103448275862065 0.3185185185185185
0 0.22557471264367815 0.6697530864197531 0.3 0.545679012345679
