1 0.459375 0.9176882661996497 0.13125 0.07565674255691768
2 0.5 0.9098073555166375 0.033749999999999995 0.06619964973730297
2 0.41484375 0.9220665499124343 0.024375 0.07600700525394045
3 0.459375 0.850262697022767 0.13125 0.23747810858143606
4 0.5 0.8423817863397548 0.033749999999999995 0.2549912434325744
4 0.41484375 0.852014010507881 0.024375 0.27215411558669
5 0.459375 0.7670753064798599 0.13125 0.4371278458844133
0 0.44296875 0.6313485113835376 0.24937499999999999 0.7373029772329247
1 0.6203125 0.8984238178633975 0.1725 0.0882661996497373
2 0.678125 0.8940455341506129 0.033749999999999995 0.09071803852889666
2 0.56875 0.9010507880910683 0.04875 0.0956217162872154
3 0.6203125 0.8450087565674256 0.1725 0.21646234676007003
4 0.678125 0.840630472854641 0.033749999999999995 0.2402802101576182
4 0.5734375 0.8458844133099825 0.06 0.25008756567425566
5 0.6265625 0.7679509632224168 0.1875 0.4014010507880911
0 0.65390625 0.6234676007005254 0.253125 0.7481611208406305
1 0.8671875 0.9124343257443083 0.1125 0.06304728546409807
2 0.89921875 0.9159369527145359 0.035625000000000004 0.0637478108581436
2 0.85234375 0.8992994746059545 0.076875 0.03677758318739054
3 0.8671875 0.8537653239929948 0.1125 0.20385288966725043
4 0.89921875 0.8537653239929948 0.035625000000000004 0.23782837127845882
4 0.85234375 0.8423817863397548 0.076875 0.19614711033274956
5 0.8671875 0.7740805604203153 0.1125 0.39509632224168123
0 0.8703125 0.649737302977233 0.19124999999999998 0.6935201401050788
