1 0.3625 0.7322916666666667 0.0975 0.0325
2 0.3265625 0.7270833333333333 0.01125 0.017499999999999998
2 0.38125 0.7322916666666667 0.052500000000000005 0.03791666666666667
3 0.3625 0.6677083333333333 0.0975 0.1875
4 0.3265625 0.6635416666666667 0.01125 0.19541666666666666
4 0.378125 0.6677083333333333 0.06 0.21875
5 0.3546875 0.6104166666666667 0.11624999999999999 0.325
0 0.35390625 0.5020833333333333 0.118125 0.5850000000000001
1 0.78125 0.74375 0.045 0.215
2 0.78984375 0.8177083333333334 0.024375 0.04375
2 0.771875 0.6833333333333333 0.0225 0.08166666666666665
3 0.7796875 0.74375 0.052500000000000005 0.215
4 0.790625 0.75625 0.026250000000000002 0.21583333333333332
4 0.76953125 0.6833333333333333 0.028125 0.08166666666666665
5 0.78125 0.703125 0.05625 0.3125
0 0.79921875 0.5989583333333334 0.159375 0.5625
1 0.528125 0.8291666666666667 0.1275 0.045
2 0.56328125 0.825 0.043125 0.040833333333333326
2 0.4953125 0.83125 0.04875 0.04666666666666666
3 0.528125 0.7677083333333333 0.1275 0.19249999999999998
4 0.56328125 0.7635416666666667 0.043125 0.21291666666666664
4 0.4953125 0.7729166666666667 0.04875 0.21
5 0.528125 0.7083333333333334 0.1275 0.33499999999999996
0 0.51640625 0.5697916666666667 0.15562499999999999 0.6675
1 0.68046875 0.7229166666666667 0.061875 0.26
2 0.69296875 0.8135416666666667 0.031875 0.049583333333333326
2 0.6609375 0.646875 0.015 0.09041666666666666
3 0.66875 0.7229166666666667 0.09 0.26
4 0.69296875 0.7489583333333333 0.031875 0.23041666666666666
4 0.64921875 0.646875 0.043125 0.09041666666666666
5 0.66875 0.684375 0.09 0.3525
0 0.6640625 0.5645833333333333 0.14250000000000002 0.64
