1 0.6604215456674473 0.7953125 0.37096018735363 0.08249999999999999
2 0.788056206088993 0.815625 0.06463700234192037 0.039375
2 0.522248243559719 0.784375 0.03934426229508197 0.065625
3 0.6604215456674473 0.771875 0.37096018735363 0.13874999999999998
4 0.788056206088993 0.771875 0.06463700234192037 0.161875
4 0.5608899297423887 0.7734375 0.13208430913348945 0.09624999999999999
5 0.6604215456674473 0.73671875 0.37096018735363 0.22312499999999996
0 0.6920374707259953 0.6734375 0.5255269320843091 0.375
1 0.23770491803278687 0.85078125 0.34566744730679155 0.080625
2 0.32201405152224827 0.83984375 0.1433255269320843 0.0634375
2 0.1252927400468384 0.85078125 0.07587822014051522 0.0940625
3 0.23770491803278687 0.77578125 0.34566744730679155 0.260625
4 0.32201405152224827 0.76484375 0.1433255269320843 0.2734375
4 0.1252927400468384 0.78828125 0.07587822014051522 0.2690625
5 0.2306791569086651 0.71171875 0.3625292740046838 0.414375
0 0.21194379391100704 0.55390625 0.4238875878220141 0.793125
