1 0.318 0.9213333333333333 0.216 0.112
2 0.318 0.9413333333333334 0.216 0.07466666666666667
2 0.322 0.8746666666666667 0.0 0.0
3 0.318 0.7333333333333333 0.216 0.5333333333333333
4 0.318 0.7333333333333333 0.216 0.5333333333333333
5 0.386 0.7333333333333333 0.3792 0.5333333333333333
0 0.393 0.6386666666666667 0.396 0.7226666666666667
1 0.537 0.31466666666666665 0.2808 0.26239999999999997
2 0.642 0.37733333333333335 0.028799999999999996 0.13066666666666665
2 0.447 0.22666666666666666 0.0648 0.05973333333333333
0 0.537 0.31466666666666665 0.2808 0.26239999999999997
