1 0.227 0.88 0.2712 0.1088
2 0.326 0.9 0.033600000000000005 0.07093333333333333
2 0.134 0.8666666666666667 0.048 0.08959999999999999
3 0.227 0.8373333333333334 0.2712 0.2112
4 0.316 0.8373333333333334 0.05759999999999999 0.24639999999999998
4 0.146 0.8293333333333334 0.0768 0.19413333333333332
5 0.227 0.756 0.2712 0.40640000000000004
0 0.227 0.6346666666666667 0.2712 0.6975999999999999
1 0.554 0.19466666666666665 0.2016 0.07039999999999999
2 0.48 0.19466666666666665 0.024 0.08213333333333332
2 0.615 0.20933333333333334 0.0552 0.011199999999999998
3 0.554 0.156 0.2016 0.16319999999999998
4 0.513 0.17733333333333334 0.1032 0.13066666666666665
4 0.615 0.15066666666666667 0.0552 0.17546666666666666
5 0.554 0.13066666666666665 0.2016 0.224
0 0.557 0.11333333333333333 0.20879999999999999 0.22666666666666666
