1 0.7941176470588235 0.90625 0.18917647058823528 0.07875
2 0.8058823529411765 0.92578125 0.16094117647058823 0.0371875
2 0.7729411764705882 0.88046875 0.1383529411764706 0.0196875
3 0.7941176470588235 0.840625 0.18917647058823528 0.23625
4 0.8058823529411765 0.840625 0.16094117647058823 0.27562499999999995
4 0.7752941176470588 0.8171875 0.144 0.19687499999999997
5 0.7941176470588235 0.7359375 0.18917647058823528 0.4875
0 0.6658823529411765 0.57421875 0.4969411764705882 0.8515625
1 0.18235294117647058 0.89609375 0.2908235294117647 0.076875
2 0.1411764705882353 0.91796875 0.19199999999999998 0.028437499999999998
2 0.28705882352941176 0.86484375 0.03952941176470588 0.0021874999999999998
3 0.18235294117647058 0.8125 0.2908235294117647 0.27749999999999997
4 0.16705882352941176 0.8375 0.2541176470588235 0.25375
4 0.28705882352941176 0.78125 0.03952941176470588 0.23625
5 0.2847058823529412 0.80859375 0.5364705882352941 0.286875
0 0.2847058823529412 0.7578125 0.5364705882352941 0.40874999999999995
