1 0.257 0.6876876876876877 0.036 0.07207207207207207
2 0.257 0.6741741741741741 0.036 0.04624624624624624
2 0.256 0.7072072072072072 0.0192 0.029429429429429426
3 0.272 0.6726726726726727 0.072 0.10810810810810811
4 0.272 0.6591591591591591 0.072 0.08828828828828829
4 0.256 0.6756756756756757 0.0192 0.1177177177177177
5 0.271 0.6456456456456456 0.0744 0.17297297297297295
0 0.268 0.6096096096096096 0.096 0.2594594594594594
1 0.512 0.6186186186186187 0.1824 0.036036036036036036
2 0.584 0.6156156156156156 0.0096 0.033633633633633635
2 0.443 0.6231231231231231 0.016800000000000002 0.029429429429429426
3 0.512 0.5795795795795796 0.1824 0.1297297297297297
4 0.559 0.5765765765765766 0.0696 0.14294294294294294
4 0.451 0.5900900900900901 0.036 0.1219219219219219
5 0.512 0.5405405405405406 0.1824 0.2234234234234234
0 0.508 0.4984984984984985 0.192 0.32432432432432434
1 0.172 0.6606606606606606 0.08159999999999999 0.07927927927927927
2 0.195 0.6351351351351351 0.0264 0.021021021021021023
2 0.149 0.6846846846846847 0.0264 0.02522522522522522
3 0.172 0.6291291291291291 0.08159999999999999 0.15495495495495495
4 0.195 0.6036036036036037 0.0264 0.10930930930930931
4 0.159 0.6531531531531531 0.0504 0.1135135135135135
5 0.172 0.6276276276276276 0.08159999999999999 0.15855855855855855
0 0.176 0.5900900900900901 0.0912 0.24864864864864863
