1 0.51796875 0.6647058823529411 0.076875 0.06494117647058822
2 0.5421875 0.66 0.01875 0.06258823529411764
2 0.4953125 0.6694117647058824 0.0225 0.06258823529411764
3 0.51171875 0.6 0.091875 0.22023529411764706
4 0.53203125 0.5952941176470589 0.043125 0.24376470588235294
4 0.4890625 0.6047058823529412 0.0375 0.24376470588235294
5 0.50234375 0.5447058823529412 0.114375 0.35294117647058826
0 0.48359375 0.4223529411764706 0.159375 0.6465882352941177
1 0.74765625 0.6023529411764705 0.065625 0.1016470588235294
2 0.76796875 0.5870588235294117 0.016874999999999998 0.07576470588235293
2 0.73203125 0.6352941176470588 0.028125 0.026352941176470586
3 0.740625 0.5788235294117647 0.08249999999999999 0.15811764705882353
4 0.75859375 0.5635294117647058 0.039375 0.1416470588235294
4 0.725 0.5870588235294117 0.045 0.16141176470588234
5 0.73046875 0.5317647058823529 0.10687499999999998 0.27105882352941174
0 0.696875 0.4211764705882353 0.21000000000000002 0.5364705882352941
1 0.24140625 0.7282352941176471 0.073125 0.059294117647058824
2 0.2640625 0.7447058823529412 0.01875 0.023058823529411764
2 0.21796875 0.7235294117647059 0.016874999999999998 0.055999999999999994
3 0.24140625 0.6964705882352941 0.073125 0.13552941176470587
4 0.2640625 0.6964705882352941 0.01875 0.1581176470588235
4 0.21796875 0.6976470588235294 0.016874999999999998 0.12847058823529411
5 0.2328125 0.6329411764705882 0.09375 0.288
0 0.21640625 0.5164705882352941 0.170625 0.5675294117647058
