1 0.27734375 0.6760416666666667 0.076875 0.07749999999999999
2 0.2875 0.671875 0.052500000000000005 0.07875
2 0.26796875 0.68125 0.05437499999999999 0.07583333333333334
3 0.28515625 0.6270833333333333 0.09562499999999999 0.19499999999999998
4 0.2953125 0.6239583333333333 0.07125000000000001 0.21291666666666664
4 0.26796875 0.6270833333333333 0.05437499999999999 0.22749999999999998
5 0.28671875 0.55625 0.09937499999999999 0.365
0 0.31875 0.43854166666666666 0.1875 0.6475000000000001
1 0.82265625 0.6833333333333333 0.125625 0.075
2 0.865625 0.6885416666666667 0.0225 0.07291666666666667
2 0.7890625 0.6739583333333333 0.045 0.06125
3 0.82265625 0.6177083333333333 0.125625 0.23249999999999998
4 0.865625 0.6177083333333333 0.0225 0.27125
4 0.7890625 0.6104166666666667 0.045 0.23916666666666667
5 0.82265625 0.5427083333333333 0.125625 0.4125
0 0.79921875 0.3927083333333333 0.298125 0.7725000000000001
