1 0.725 0.7979166666666667 0.1125 0.045
2 0.74140625 0.8020833333333334 0.073125 0.040833333333333326
2 0.696875 0.7864583333333334 0.045 0.020416666666666663
3 0.725 0.746875 0.1125 0.16749999999999998
4 0.74140625 0.7489583333333333 0.073125 0.18958333333333333
4 0.696875 0.7354166666666667 0.045 0.1633333333333333
5 0.725 0.6885416666666667 0.1125 0.3075
0 0.70390625 0.559375 0.174375 0.6174999999999999
1 0.30859375 0.778125 0.06937499999999999 0.06749999999999999
2 0.3203125 0.7614583333333333 0.041249999999999995 0.03208333333333333
2 0.3015625 0.8020833333333334 0.052500000000000005 0.011666666666666665
3 0.30859375 0.7364583333333333 0.06937499999999999 0.16749999999999998
4 0.3203125 0.7197916666666667 0.041249999999999995 0.14875
4 0.3015625 0.7583333333333333 0.052500000000000005 0.13416666666666666
5 0.30390625 0.7125 0.080625 0.225
0 0.29375 0.6010416666666667 0.1125 0.49249999999999994
