1 0.24765625 0.8427083333333333 0.170625 0.057499999999999996
2 0.30390625 0.840625 0.035625000000000004 0.06125
2 0.1875 0.84375 0.026250000000000002 0.06416666666666666
3 0.24765625 0.7760416666666666 0.170625 0.21749999999999997
4 0.30390625 0.778125 0.035625000000000004 0.23625
4 0.1921875 0.7760416666666666 0.0375 0.25375
5 0.24765625 0.6979166666666666 0.170625 0.405
0 0.24921875 0.5354166666666667 0.230625 0.7949999999999999
1 0.4296875 0.8520833333333333 0.16499999999999998 0.029999999999999995
2 0.47734375 0.8510416666666667 0.050624999999999996 0.03208333333333333
2 0.375 0.853125 0.033749999999999995 0.03208333333333333
3 0.4296875 0.7708333333333334 0.16499999999999998 0.225
4 0.47734375 0.7697916666666667 0.050624999999999996 0.25958333333333333
4 0.38203125 0.771875 0.050624999999999996 0.25958333333333333
5 0.4296875 0.7 0.16499999999999998 0.39499999999999996
0 0.4296875 0.5739583333333333 0.16499999999999998 0.6975
1 0.58203125 0.8270833333333333 0.103125 0.05
2 0.6078125 0.8239583333333333 0.041249999999999995 0.049583333333333326
2 0.546875 0.834375 0.01875 0.03791666666666667
3 0.58203125 0.7666666666666667 0.103125 0.19499999999999998
4 0.6078125 0.7645833333333333 0.041249999999999995 0.21583333333333332
4 0.55234375 0.7666666666666667 0.031875 0.22749999999999998
5 0.58203125 0.6927083333333334 0.103125 0.37249999999999994
0 0.60546875 0.5552083333333333 0.193125 0.7025
1 0.74453125 0.8635416666666667 0.196875 0.0325
2 0.8109375 0.859375 0.0375 0.02625
2 0.6734375 0.8677083333333333 0.026250000000000002 0.02625
3 0.74453125 0.7979166666666667 0.196875 0.19
4 0.8109375 0.7979166666666667 0.0375 0.1983333333333333
4 0.690625 0.7979166666666667 0.06749999999999999 0.22166666666666665
5 0.74453125 0.7270833333333333 0.196875 0.36
0 0.77109375 0.5979166666666667 0.260625 0.6699999999999999
