1 0.47421875 0.8390625 0.10687499999999998 0.06375
2 0.4984375 0.82578125 0.04875 0.0371875
2 0.446875 0.84921875 0.041249999999999995 0.0459375
3 0.47421875 0.7921875 0.10687499999999998 0.17625
4 0.4984375 0.77890625 0.04875 0.1684375
4 0.446875 0.80234375 0.041249999999999995 0.1771875
5 0.471875 0.76796875 0.1125 0.234375
0 0.48046875 0.66796875 0.133125 0.47437499999999994
1 0.3390625 0.653125 0.12 0.07125000000000001
2 0.29609375 0.6578125 0.016874999999999998 0.06999999999999999
2 0.37265625 0.63515625 0.039375 0.0328125
3 0.3390625 0.6109375 0.12 0.1725
4 0.33828125 0.646875 0.118125 0.10062499999999999
4 0.37265625 0.59296875 0.039375 0.1509375
5 0.3390625 0.60390625 0.12 0.189375
0 0.353125 0.58125 0.15375 0.24375
