1 0.38359375 0.8091334894613583 0.31687499999999996 0.12084309133489461
2 0.48515625 0.8302107728337237 0.073125 0.01639344262295082
2 0.2625 0.8091334894613583 0.026250000000000002 0.14098360655737704
3 0.38359375 0.7622950819672131 0.31687499999999996 0.2332552693208431
4 0.45859375 0.7505854800936768 0.136875 0.23934426229508193
4 0.30859375 0.7775175644028103 0.136875 0.22950819672131148
5 0.38359375 0.7002341920374707 0.31687499999999996 0.3822014051522248
0 0.38359375 0.5538641686182669 0.31687499999999996 0.7334894613583138
1 0.65 0.5655737704918032 0.10124999999999999 0.025292740046838406
2 0.68671875 0.5655737704918032 0.013125000000000001 0.029508196721311476
2 0.6125 0.5655737704918032 0.01125 0.022950819672131147
3 0.65 0.5398126463700235 0.10124999999999999 0.08711943793911006
4 0.68203125 0.5398126463700235 0.024375 0.10163934426229508
4 0.6203125 0.5386416861826698 0.03 0.09836065573770492
5 0.65 0.5163934426229508 0.10124999999999999 0.1433255269320843
0 0.65 0.4672131147540984 0.10124999999999999 0.2613583138173302
1 0.18828125 0.5796252927400468 0.061875 0.025292740046838406
2 0.20390625 0.5772833723653396 0.024375 0.022950819672131147
2 0.16875 0.5819672131147541 0.015 0.022950819672131147
3 0.18828125 0.5480093676814989 0.061875 0.10117096018735362
4 0.20390625 0.5456674473067916 0.024375 0.11147540983606556
4 0.16875 0.5491803278688525 0.015 0.11475409836065574
5 0.18828125 0.5117096018735363 0.061875 0.18829039812646367
0 0.175 0.45433255269320844 0.09375 0.32599531615925054
