1 0.16953125 0.7868663594470046 0.076875 0.12995391705069123
2 0.18984375 0.7868663594470046 0.028125 0.15161290322580645
2 0.1515625 0.783410138248848 0.033749999999999995 0.13548387096774192
3 0.18125 0.6601382488479263 0.10500000000000001 0.4341013824884793
4 0.2015625 0.663594470046083 0.05625 0.4967741935483871
4 0.15625 0.6555299539170507 0.045 0.4935483870967742
5 0.15625 0.5921658986175116 0.16499999999999998 0.5972350230414746
0 0.165625 0.48502304147465436 0.22875 0.8543778801843318
1 0.65546875 0.7868663594470046 0.088125 0.12442396313364056
2 0.68203125 0.7903225806451613 0.024375 0.13548387096774192
2 0.63984375 0.782258064516129 0.050624999999999996 0.13225806451612904
3 0.66875 0.6647465437788018 0.12 0.41751152073732717
4 0.6953125 0.673963133640553 0.05625 0.4612903225806451
4 0.6421875 0.6601382488479263 0.05625 0.4741935483870967
5 0.65 0.5852534562211982 0.16499999999999998 0.6082949308755761
0 0.66015625 0.4804147465437788 0.230625 0.8599078341013825
