1 0.85234375 0.9493392070484582 0.22312499999999996 0.021145374449339206
2 0.80078125 0.9493392070484582 0.09937499999999999 0.02466960352422907
2 0.9296875 0.9493392070484582 0.0375 0.02466960352422907
3 0.85234375 0.8348017621145375 0.22312499999999996 0.2960352422907489
4 0.80078125 0.8348017621145375 0.09937499999999999 0.3303964757709251
4 0.9296875 0.8370044052863436 0.0375 0.32599118942731276
5 0.85234375 0.736784140969163 0.22312499999999996 0.526431718061674
0 0.8453125 0.5506607929515418 0.24 0.8986784140969163
1 0.06875 0.8887665198237885 0.01875 0.04493392070484581
2 0.0765625 0.8700440528634361 0.0 0.0
2 0.06796875 0.8920704845814978 0.016874999999999998 0.04317180616740088
3 0.07578125 0.829295154185022 0.035625000000000004 0.18766519823788547
4 0.08359375 0.8127753303964758 0.016874999999999998 0.16035242290748897
4 0.06796875 0.829295154185022 0.016874999999999998 0.21894273127753303
5 0.08671875 0.7544052863436124 0.06937499999999999 0.3674008810572687
0 0.10546875 0.6112334801762115 0.170625 0.7110132158590309
