1 0.11953125 0.7826704545454546 0.09562499999999999 0.0784090909090909
2 0.15234375 0.7713068181818182 0.016874999999999998 0.003977272727272727
2 0.090625 0.7826704545454546 0.026250000000000002 0.09147727272727271
3 0.153125 0.7244318181818182 0.17625 0.21818181818181817
4 0.1859375 0.7059659090909091 0.0975 0.18693181818181817
4 0.1203125 0.7244318181818182 0.0975 0.2545454545454545
5 0.153125 0.6534090909090909 0.17625 0.3886363636363636
0 0.16953125 0.5355113636363636 0.215625 0.671590909090909
1 0.5828125 0.5326704545454546 0.01875 0.030681818181818178
2 0.57890625 0.5198863636363636 0.009375 0.0
2 0.584375 0.5426136363636364 0.015 0.007954545454545454
3 0.59296875 0.5056818181818182 0.043125 0.09545454545454546
4 0.59296875 0.49573863636363635 0.043125 0.06761363636363636
4 0.584375 0.5056818181818182 0.015 0.11136363636363635
5 0.59296875 0.47017045454545453 0.043125 0.18068181818181817
0 0.5921875 0.40625 0.052500000000000005 0.33409090909090905
1 0.534375 0.7698863636363636 0.07875 0.17045454545454544
2 0.55 0.7173295454545454 0.041249999999999995 0.051704545454545454
2 0.51328125 0.8181818181818182 0.028125 0.06363636363636363
3 0.57578125 0.7599431818181818 0.178125 0.1943181818181818
4 0.59140625 0.7201704545454546 0.140625 0.05965909090909091
4 0.55546875 0.7599431818181818 0.129375 0.22670454545454544
5 0.5875 0.7599431818181818 0.20625 0.1943181818181818
0 0.6234375 0.7045454545454546 0.2925 0.3272727272727272
