1 0.27634660421545665 0.82109375 0.2360655737704918 0.061875
2 0.35362997658079626 0.82890625 0.05058548009367681 0.050312499999999996
2 0.19672131147540983 0.81796875 0.04496487119437939 0.0634375
3 0.27634660421545665 0.77421875 0.2360655737704918 0.174375
4 0.35362997658079626 0.77734375 0.05058548009367681 0.19468749999999999
4 0.19672131147540983 0.77109375 0.04496487119437939 0.19468749999999999
5 0.27634660421545665 0.7078125 0.2360655737704918 0.33375
0 0.297423887587822 0.54609375 0.3540983606557377 0.721875
1 0.6358313817330211 0.80390625 0.3625292740046838 0.076875
2 0.7494145199063232 0.80625 0.08992974238875878 0.08312499999999999
2 0.5105386416861827 0.80234375 0.06182669789227166 0.08531249999999999
3 0.6358313817330211 0.725 0.3625292740046838 0.26625
4 0.7494145199063232 0.7328125 0.08992974238875878 0.28874999999999995
4 0.5105386416861827 0.7234375 0.06182669789227166 0.30625
5 0.6358313817330211 0.65390625 0.3625292740046838 0.43687499999999996
0 0.509367681498829 0.47265625 0.6660421545667446 0.871875
