1 0.584493041749503 0.82421875 0.10974155069582504 0.024375
2 0.6163021868787276 0.82734375 0.033399602385685886 0.0196875
2 0.5437375745526839 0.82421875 0.011928429423459244 0.028437499999999998
3 0.584493041749503 0.80234375 0.10974155069582504 0.076875
4 0.6163021868787276 0.8046875 0.033399602385685886 0.08312499999999999
4 0.5556660039761432 0.80234375 0.04055666003976143 0.0896875
5 0.584493041749503 0.7859375 0.10974155069582504 0.11624999999999999
0 0.595427435387674 0.7375 0.13598409542743536 0.23249999999999998
1 0.46322067594433397 0.87890625 0.11928429423459244 0.046875
2 0.49502982107355864 0.87890625 0.04294234592445328 0.0546875
2 0.43141153081510936 0.878125 0.04294234592445328 0.034999999999999996
3 0.46322067594433397 0.859375 0.11928429423459244 0.09375
4 0.49502982107355864 0.859375 0.04294234592445328 0.109375
4 0.43439363817097415 0.85546875 0.05009940357852882 0.09843749999999998
5 0.4662027833001988 0.83125 0.12644135188866798 0.16125
0 0.4850894632206759 0.7734375 0.1717693836978131 0.3
1 0.36779324055666 0.7328125 0.06679920477137177 0.015
2 0.38866799204771374 0.73203125 0.016699801192842943 0.0109375
2 0.34493041749502984 0.7328125 0.011928429423459244 0.017499999999999998
3 0.3658051689860835 0.70625 0.07157057654075547 0.07875
4 0.3866799204771372 0.7046875 0.02147117296222664 0.0875
4 0.3429423459244533 0.70703125 0.016699801192842943 0.0896875
5 0.35685884691848907 0.66640625 0.09304174950298211 0.174375
0 0.33001988071570576 0.6140625 0.15745526838966203 0.3
1 0.21073558648111332 0.7421875 0.052485089463220676 0.01875
2 0.22664015904572565 0.74140625 0.014314115308151092 0.0196875
2 0.19383697813121273 0.7421875 0.011928429423459244 0.021875
3 0.21073558648111332 0.71484375 0.052485089463220676 0.084375
4 0.22664015904572565 0.7140625 0.014314115308151092 0.09624999999999999
4 0.19383697813121273 0.71484375 0.011928429423459244 0.09843749999999998
5 0.1988071570576541 0.68203125 0.08111332007952286 0.163125
0 0.19582504970178927 0.62421875 0.12166998011928429 0.301875
