1 0.4109375 0.8583138173302107 0.43875000000000003 0.165807962529274
2 0.56171875 0.8899297423887588 0.076875 0.10491803278688525
2 0.2765625 0.8337236533957846 0.11624999999999999 0.12459016393442622
3 0.4109375 0.6791569086651054 0.43875000000000003 0.5957845433255269
4 0.50390625 0.7271662763466042 0.215625 0.5456674473067916
4 0.2765625 0.6545667447306791 0.11624999999999999 0.6262295081967213
5 0.4109375 0.6791569086651054 0.43875000000000003 0.5957845433255269
0 0.47109375 0.5515222482435597 0.583125 0.8969555035128806
1 0.81328125 0.8676814988290398 0.148125 0.09836065573770492
2 0.85546875 0.8711943793911007 0.046875 0.08524590163934426
2 0.78828125 0.8676814988290398 0.088125 0.11475409836065574
3 0.784375 0.7388758782201406 0.21749999999999997 0.40749414519906324
4 0.85546875 0.7353629976580797 0.046875 0.46557377049180326
4 0.759375 0.775175644028103 0.1575 0.37377049180327865
5 0.76953125 0.7388758782201406 0.253125 0.40749414519906324
0 0.72421875 0.5597189695550351 0.361875 0.8374707259953161
