1 0.70390625 0.87265625 0.37687499999999996 0.088125
2 0.8234375 0.87265625 0.09 0.1028125
2 0.5640625 0.8765625 0.041249999999999995 0.08312499999999999
3 0.70390625 0.7953125 0.37687499999999996 0.27375
4 0.8234375 0.7953125 0.09 0.31937499999999996
4 0.57421875 0.796875 0.065625 0.30625
5 0.70390625 0.7390625 0.37687499999999996 0.40874999999999995
0 0.70390625 0.7390625 0.37687499999999996 0.40874999999999995
1 0.35703125 0.84296875 0.215625 0.15562499999999999
2 0.30546875 0.809375 0.091875 0.0875
2 0.421875 0.87421875 0.06 0.0940625
3 0.35703125 0.74765625 0.215625 0.384375
4 0.34609375 0.7140625 0.189375 0.354375
4 0.421875 0.75078125 0.06 0.43968749999999995
5 0.42890625 0.728125 0.38812499999999994 0.43125
0 0.42890625 0.728125 0.38812499999999994 0.43125
