1 0.728125 0.9133489461358314 0.09 0.01686182669789227
2 0.69375 0.9156908665105387 0.0075 0.013114754098360656
2 0.75703125 0.9133489461358314 0.020624999999999998 0.019672131147540982
3 0.728125 0.8618266978922716 0.09 0.1405152224824356
4 0.70234375 0.8618266978922716 0.028125 0.16393442622950818
4 0.75703125 0.8629976580796253 0.020624999999999998 0.160655737704918
5 0.728125 0.8114754098360656 0.09 0.2613583138173302
0 0.73828125 0.7037470725995316 0.133125 0.5199063231850117
1 0.3375 0.5784543325526932 0.06 0.022482435597189696
2 0.35390625 0.5772833723653396 0.020624999999999998 0.01639344262295082
2 0.315625 0.5784543325526932 0.0075 0.02622950819672131
3 0.3375 0.5538641686182669 0.06 0.08149882903981263
4 0.35390625 0.5538641686182669 0.020624999999999998 0.08196721311475409
4 0.3171875 0.5538641686182669 0.01125 0.09508196721311474
5 0.3375 0.5234192037470726 0.06 0.15456674473067916
0 0.34375 0.4718969555035129 0.075 0.2782201405152225
