1 0.48203125 0.5525210084033614 0.170625 0.04033613445378151
2 0.4171875 0.5441176470588235 0.015 0.023529411764705882
2 0.546875 0.5609243697478992 0.015 0.023529411764705882
3 0.48203125 0.5168067226890757 0.170625 0.12605042016806722
4 0.41796875 0.5084033613445378 0.016874999999999998 0.12352941176470587
4 0.5375 0.5273109243697479 0.0375 0.11764705882352941
5 0.48203125 0.4894957983193277 0.170625 0.1915966386554622
0 0.48515625 0.4422268907563025 0.200625 0.30504201680672266
1 0.14453125 0.16071428571428573 0.091875 0.012605042016806723
2 0.178125 0.16281512605042017 0.01125 0.008823529411764704
2 0.11328125 0.15966386554621848 0.016874999999999998 0.011764705882352941
3 0.14453125 0.13865546218487396 0.091875 0.06554621848739496
4 0.17578125 0.14390756302521007 0.016874999999999998 0.06176470588235294
4 0.11328125 0.13760504201680673 0.016874999999999998 0.07352941176470588
5 0.14453125 0.12920168067226892 0.091875 0.08823529411764706
0 0.14453125 0.11659663865546219 0.091875 0.11848739495798319
