1 0.39765625 0.892271662763466 0.088125 0.02810304449648712
2 0.41484375 0.8981264637002342 0.046875 0.01639344262295082
2 0.37578125 0.8899297423887588 0.035625000000000004 0.02622950819672131
3 0.39765625 0.8407494145199064 0.088125 0.15175644028103044
4 0.41484375 0.8430913348946136 0.046875 0.17049180327868851
4 0.37578125 0.8384074941451991 0.035625000000000004 0.17049180327868851
5 0.39765625 0.7704918032786885 0.088125 0.3203747072599531
0 0.39453125 0.6557377049180327 0.15562499999999999 0.5957845433255269
1 0.28515625 0.8149882903981265 0.163125 0.03934426229508197
2 0.33359375 0.8208430913348946 0.046875 0.029508196721311476
2 0.2328125 0.810304449648712 0.0375 0.03278688524590164
3 0.28515625 0.7669789227166276 0.163125 0.15456674473067916
4 0.33359375 0.7681498829039812 0.046875 0.17704918032786884
4 0.234375 0.7622950819672131 0.041249999999999995 0.16721311475409834
5 0.28515625 0.702576112412178 0.163125 0.3091334894613583
0 0.2828125 0.5866510538641686 0.16875 0.5873536299765808
