1 0.57734375 0.6229508196721312 0.189375 0.05620608899297424
2 0.51328125 0.6100702576112412 0.035625000000000004 0.029508196721311476
2 0.64609375 0.6370023419203747 0.024375 0.02622950819672131
3 0.57734375 0.5667447306791569 0.189375 0.1911007025761124
4 0.52578125 0.5538641686182669 0.065625 0.18688524590163932
4 0.64453125 0.5772833723653396 0.028125 0.19344262295081965
5 0.578125 0.5140515222482436 0.19124999999999998 0.31756440281030446
0 0.61171875 0.4332552693208431 0.271875 0.5114754098360655
1 0.8203125 0.4672131147540984 0.03 0.053395784543325525
2 0.82890625 0.45901639344262296 0.009375 0.039344262295081964
2 0.8203125 0.47892271662763464 0.03 0.029508196721311476
3 0.83046875 0.4414519906323185 0.05437499999999999 0.11522248243559718
4 0.8390625 0.4332552693208431 0.033749999999999995 0.11147540983606556
4 0.8203125 0.4449648711943794 0.03 0.12459016393442622
5 0.83046875 0.4133489461358314 0.05437499999999999 0.18266978922716628
0 0.83046875 0.3477751756440281 0.05437499999999999 0.3400468384074941
