1 0.54140625 0.5866510538641686 0.013125000000000001 0.019672131147540985
2 0.5453125 0.5878220140515222 0.00375 0.019672131147540982
2 0.53671875 0.5866510538641686 0.001875 0.022950819672131147
3 0.54375 0.5620608899297423 0.01875 0.07868852459016394
4 0.54765625 0.5655737704918032 0.009375 0.08196721311475409
4 0.53671875 0.5620608899297423 0.001875 0.09180327868852459
5 0.54375 0.5409836065573771 0.01875 0.12927400468384073
0 0.54296875 0.49765807962529274 0.050624999999999996 0.2332552693208431
1 0.4234375 0.5807962529274004 0.0375 0.011241217798594848
2 0.4359375 0.5807962529274004 0.0075 0.013114754098360656
2 0.415625 0.5807962529274004 0.01875 0.013114754098360656
3 0.4234375 0.5573770491803278 0.0375 0.06744730679156909
4 0.4359375 0.5573770491803278 0.0075 0.07868852459016393
4 0.415625 0.5597189695550351 0.01875 0.0721311475409836
5 0.4234375 0.531615925058548 0.0375 0.12927400468384073
0 0.428125 0.4894613583138173 0.04875 0.23044496487119437
