1 0.73125 0.853125 0.15 0.10124999999999999
2 0.703125 0.87109375 0.08249999999999999 0.050312499999999996
2 0.78203125 0.853125 0.028125 0.118125
3 0.7234375 0.796875 0.16875 0.23625
4 0.703125 0.79765625 0.08249999999999999 0.2559375
4 0.7234375 0.796875 0.16875 0.27562499999999995
5 0.7234375 0.7265625 0.16875 0.40499999999999997
0 0.69140625 0.59765625 0.256875 0.714375
1 0.2375 0.72734375 0.10124999999999999 0.091875
2 0.215625 0.7578125 0.04875 0.021875
2 0.26875 0.72578125 0.026250000000000002 0.1028125
3 0.22578125 0.68046875 0.129375 0.20437499999999997
4 0.2171875 0.68671875 0.052500000000000005 0.22093749999999995
4 0.22578125 0.67890625 0.129375 0.23406249999999998
5 0.22578125 0.6296875 0.129375 0.32625
0 0.22109375 0.51953125 0.159375 0.590625
