1 0.6359375 0.639344262295082 0.09375 0.43840749414519903
2 0.6640625 0.8114754098360656 0.026250000000000002 0.029508196721311476
2 0.61328125 0.4859484777517564 0.039375 0.08196721311475409
3 0.640625 0.639344262295082 0.10500000000000001 0.43840749414519903
4 0.66484375 0.7412177985948478 0.028125 0.2262295081967213
4 0.640625 0.49063231850117095 0.10500000000000001 0.09508196721311474
5 0.65859375 0.639344262295082 0.148125 0.43840749414519903
0 0.68125 0.6088992974238876 0.20249999999999999 0.5114754098360655
1 0.1703125 0.5269320843091335 0.052500000000000005 0.022482435597189696
2 0.18984375 0.5281030444964872 0.005625 0.022950819672131147
2 0.15234375 0.5257611241217799 0.009375 0.022950819672131147
3 0.1703125 0.509367681498829 0.052500000000000005 0.06463700234192037
4 0.1890625 0.5117096018735363 0.0075 0.06885245901639343
4 0.15390625 0.5081967213114754 0.013125000000000001 0.0721311475409836
5 0.1703125 0.48711943793911006 0.052500000000000005 0.1180327868852459
0 0.1828125 0.44379391100702575 0.08249999999999999 0.22201405152224823
1 0.03984375 0.6206088992974239 0.050624999999999996 0.03372365339578454
2 0.046875 0.6206088992974239 0.033749999999999995 0.039344262295081964
2 0.02109375 0.6194379391100703 0.005625 0.022950819672131147
3 0.03984375 0.5761124121779859 0.050624999999999996 0.1405152224824356
4 0.04609375 0.5761124121779859 0.035625000000000004 0.16393442622950818
4 0.02109375 0.5784543325526932 0.005625 0.13770491803278687
5 0.03984375 0.5374707259953162 0.050624999999999996 0.2332552693208431
0 0.034375 0.4707259953161593 0.06375 0.39344262295081966
