1 0.4171875 0.953125 0.24375 0.057499999999999996
2 0.49453125 0.95 0.058124999999999996 0.058333333333333334
2 0.3234375 0.96875 0.01875 0.02333333333333333
3 0.4171875 0.88125 0.24375 0.22999999999999998
4 0.4875 0.878125 0.075 0.24375
4 0.3375 0.8822916666666667 0.052500000000000005 0.23541666666666666
5 0.4171875 0.7895833333333333 0.24375 0.42083333333333334
0 0.4171875 0.6260416666666667 0.24375 0.7479166666666667
1 0.08671875 0.7291666666666666 0.050624999999999996 0.02
2 0.10234375 0.73125 0.013125000000000001 0.011666666666666665
2 0.0703125 0.7291666666666666 0.01125 0.02333333333333333
3 0.08671875 0.7010416666666667 0.050624999999999996 0.0875
4 0.10234375 0.7041666666666667 0.013125000000000001 0.0875
4 0.07265625 0.7010416666666667 0.016874999999999998 0.10208333333333333
5 0.08671875 0.6760416666666667 0.050624999999999996 0.1475
0 0.09296875 0.634375 0.065625 0.2475
1 0.48984375 0.6947916666666667 0.046875 0.0275
2 0.50859375 0.7010416666666667 0.001875 0.014583333333333334
2 0.4703125 0.6833333333333333 0.0 0.0
3 0.48984375 0.6770833333333334 0.046875 0.07
4 0.50859375 0.6770833333333334 0.001875 0.08166666666666665
4 0.478125 0.66875 0.01875 0.040833333333333326
5 0.48984375 0.6510416666666666 0.046875 0.13249999999999998
0 0.48984375 0.6052083333333333 0.046875 0.2425
1 0.73203125 0.7645833333333333 0.110625 0.014999999999999998
2 0.76640625 0.7614583333333333 0.028125 0.008749999999999999
2 0.696875 0.7645833333333333 0.026250000000000002 0.017499999999999998
3 0.73203125 0.7260416666666667 0.110625 0.1075
4 0.765625 0.7229166666666667 0.03 0.11666666666666667
4 0.696875 0.7302083333333333 0.026250000000000002 0.11374999999999999
5 0.73203125 0.7 0.110625 0.16999999999999998
0 0.73203125 0.6333333333333333 0.110625 0.33
1 0.91015625 0.6520833333333333 0.035625000000000004 0.01
2 0.92265625 0.6520833333333333 0.005625 0.011666666666666665
2 0.89921875 0.653125 0.009375 0.008749999999999999
3 0.91015625 0.6354166666666666 0.035625000000000004 0.05
4 0.92265625 0.6375 0.005625 0.0525
4 0.9015625 0.6354166666666666 0.015 0.058333333333333334
5 0.91015625 0.621875 0.035625000000000004 0.0825
0 0.915625 0.5864583333333333 0.04875 0.16749999999999998
1 0.64140625 0.8041666666666667 0.7171875 0.38499999999999995
2 0.71171875 0.8020833333333334 0.5765625 0.3958333333333333
2 0.64140625 0.8052083333333333 0.7171875 0.38958333333333334
3 0.64765625 0.7854166666666667 0.7046875 0.42916666666666664
4 0.72109375 0.7854166666666667 0.5578125 0.42916666666666664
4 0.64296875 0.7854166666666667 0.7140625 0.42916666666666664
5 0.64765625 0.771875 0.7046875 0.45625
0 0.65078125 0.7510416666666667 0.6984375 0.4979166666666667
1 0.2484375 0.721875 0.0225 0.0275
2 0.253125 0.71875 0.01125 0.02333333333333333
2 0.2421875 0.725 0.0075 0.02333333333333333
3 0.24765625 0.7010416666666667 0.024375 0.07749999999999999
4 0.253125 0.6979166666666666 0.01125 0.08166666666666665
4 0.24140625 0.70625 0.009375 0.07583333333333334
5 0.24921875 0.6697916666666667 0.028125 0.1525
0 0.2609375 0.6333333333333333 0.07875 0.23999999999999996
