1 0.3109375 0.7135416666666666 0.041249999999999995 0.03125
2 0.3203125 0.7122395833333334 0.01875 0.0328125
2 0.30390625 0.7161458333333334 0.024375 0.029166666666666664
3 0.309375 0.6692708333333334 0.045 0.13749999999999998
4 0.31796875 0.66796875 0.024375 0.15677083333333333
4 0.30234375 0.6731770833333334 0.028125 0.14947916666666666
5 0.29609375 0.6588541666666666 0.076875 0.1625
0 0.28515625 0.6002604166666666 0.103125 0.303125
1 0.3734375 0.703125 0.06 0.056249999999999994
2 0.3890625 0.68359375 0.0225 0.010937499999999998
2 0.359375 0.71875 0.026250000000000002 0.021874999999999995
3 0.3734375 0.6614583333333334 0.06 0.15625
4 0.3890625 0.6419270833333334 0.0225 0.12760416666666666
4 0.359375 0.671875 0.026250000000000002 0.15312499999999998
5 0.3625 0.65234375 0.08625 0.17812499999999998
0 0.35546875 0.5911458333333334 0.103125 0.325
1 0.42578125 0.6666666666666666 0.043125 0.024999999999999998
2 0.4359375 0.6640625 0.01875 0.021874999999999995
2 0.41875 0.66796875 0.026250000000000002 0.02552083333333333
3 0.42578125 0.62890625 0.043125 0.11562499999999999
4 0.4359375 0.6263020833333334 0.01875 0.12760416666666666
4 0.41875 0.6315104166666666 0.026250000000000002 0.12760416666666666
5 0.41484375 0.6236979166666666 0.06937499999999999 0.128125
0 0.4046875 0.5638020833333334 0.09375 0.271875
1 0.278125 0.7330729166666666 0.052500000000000005 0.034374999999999996
2 0.2890625 0.72265625 0.026250000000000002 0.010937499999999998
2 0.2734375 0.7395833333333334 0.041249999999999995 0.021874999999999995
3 0.27421875 0.6953125 0.061875 0.125
4 0.28515625 0.6848958333333334 0.035625000000000004 0.11666666666666665
4 0.26953125 0.7005208333333334 0.050624999999999996 0.13125
5 0.26015625 0.6822916666666666 0.09562499999999999 0.15625
0 0.2515625 0.625 0.11624999999999999 0.29375
