1 0.25487465181058494 0.86796875 0.24401114206128133 0.046875
2 0.33565459610027853 0.86640625 0.05013927576601671 0.0371875
2 0.16573816155988857 0.86796875 0.030083565459610023 0.0546875
3 0.25487465181058494 0.81875 0.24401114206128133 0.16499999999999998
4 0.3286908077994429 0.815625 0.06685236768802229 0.179375
4 0.1713091922005571 0.81875 0.043454038997214485 0.19249999999999998
5 0.25487465181058494 0.7796875 0.24401114206128133 0.25875
0 0.30362116991643456 0.690625 0.4278551532033426 0.4725
1 0.541782729805014 0.8765625 0.13036211699164343 0.03
2 0.5724233983286908 0.87109375 0.05682451253481894 0.0196875
2 0.5083565459610028 0.8765625 0.05013927576601671 0.034999999999999996
3 0.541782729805014 0.83828125 0.13036211699164343 0.121875
4 0.5724233983286908 0.83359375 0.05682451253481894 0.12468749999999999
4 0.5083565459610028 0.83828125 0.05013927576601671 0.1421875
5 0.541782729805014 0.80703125 0.13036211699164343 0.196875
0 0.5292479108635098 0.73046875 0.20055710306406685 0.380625
1 0.745125348189415 0.8703125 0.11030640668523677 0.045
2 0.775766016713092 0.8734375 0.03676880222841226 0.04375
2 0.7172701949860725 0.86796875 0.043454038997214485 0.0459375
3 0.7409470752089137 0.821875 0.12033426183844009 0.16125
4 0.775766016713092 0.8234375 0.03676880222841226 0.18375
4 0.713091922005571 0.81953125 0.053481894150417826 0.1815625
5 0.7228412256267409 0.784375 0.1637883008356546 0.25125
0 0.6364902506963789 0.68203125 0.411142061281337 0.496875
