1 0.475 0.8386666666666667 0.0552 0.0544
2 0.49 0.832 0.0192 0.04479999999999999
2 0.462 0.844 0.024 0.04853333333333333
3 0.475 0.7693333333333333 0.0552 0.2208
4 0.49 0.7626666666666667 0.0192 0.23893333333333333
4 0.462 0.7706666666666667 0.024 0.25386666666666663
5 0.476 0.6986666666666667 0.06720000000000001 0.3904
0 0.466 0.56 0.12 0.7232
1 0.362 0.8386666666666667 0.0912 0.048
2 0.382 0.8373333333333334 0.043199999999999995 0.05226666666666666
2 0.339 0.84 0.036 0.05226666666666666
3 0.362 0.7666666666666667 0.0912 0.2208
4 0.382 0.7653333333333333 0.043199999999999995 0.25386666666666663
4 0.342 0.7693333333333333 0.043199999999999995 0.2501333333333333
5 0.365 0.68 0.09839999999999999 0.42879999999999996
0 0.365 0.556 0.09839999999999999 0.7263999999999999
1 0.286 0.8586666666666667 0.11519999999999998 0.096
2 0.308 0.848 0.0624 0.08213333333333332
2 0.257 0.8626666666666667 0.0456 0.10079999999999999
3 0.286 0.784 0.11519999999999998 0.2752
4 0.308 0.7733333333333333 0.0624 0.29119999999999996
4 0.257 0.784 0.0456 0.32106666666666667
5 0.286 0.692 0.11519999999999998 0.496
0 0.275 0.5506666666666666 0.1416 0.8351999999999999
