1 0.6924882629107981 0.7703125 0.276056338028169 0.22125
2 0.784037558685446 0.840625 0.056338028169014086 0.06124999999999999
2 0.5997652582159625 0.709375 0.053521126760563385 0.0875
3 0.6924882629107981 0.70703125 0.276056338028169 0.373125
4 0.784037558685446 0.73984375 0.056338028169014086 0.34343749999999995
4 0.5997652582159625 0.64609375 0.053521126760563385 0.26468749999999996
5 0.6924882629107981 0.67109375 0.276056338028169 0.459375
0 0.7183098591549296 0.57890625 0.3380281690140845 0.6806249999999999
1 0.17370892018779344 0.7859375 0.24225352112676057 0.25125
2 0.2605633802816901 0.7125 0.03380281690140845 0.0875
2 0.09389671361502347 0.8671875 0.05070422535211267 0.065625
3 0.18309859154929578 0.725 0.2647887323943662 0.39749999999999996
4 0.2699530516431925 0.6515625 0.056338028169014086 0.258125
4 0.09389671361502347 0.76484375 0.05070422535211267 0.3521875
5 0.18309859154929578 0.6875 0.2647887323943662 0.4875
0 0.19014084507042253 0.5921875 0.32112676056338024 0.7162499999999999
