1 0.7953125 0.9824355971896955 0.1125 0.03091334894613583
2 0.82265625 0.9871194379391101 0.046875 0.022950819672131147
2 0.75625 0.9695550351288056 0.01875 0.0
3 0.79296875 0.9297423887587822 0.118125 0.1405152224824356
4 0.82265625 0.9297423887587822 0.046875 0.1405152224824356
4 0.75390625 0.9215456674473068 0.024375 0.13442622950819672
5 0.78984375 0.8594847775175644 0.125625 0.2810304449648712
0 0.76875 0.7283372365339579 0.17625 0.5433255269320844
1 0.5859375 0.8852459016393442 0.08249999999999999 0.06182669789227166
2 0.60859375 0.8887587822014051 0.028125 0.06229508196721311
2 0.56484375 0.8805620608899297 0.031875 0.05901639344262295
3 0.5859375 0.8384074941451991 0.08249999999999999 0.17423887587822012
4 0.60859375 0.8384074941451991 0.028125 0.20327868852459016
4 0.56484375 0.8337236533957846 0.031875 0.19016393442622948
5 0.5859375 0.7716627634660421 0.08249999999999999 0.33442622950819667
0 0.56875 0.667447306791569 0.12375 0.5845433255269321
1 0.50390625 0.8548009367681498 0.09937499999999999 0.06182669789227166
2 0.53984375 0.8548009367681498 0.013125000000000001 0.0721311475409836
2 0.46953125 0.8512880562060889 0.016874999999999998 0.04918032786885246
3 0.49921875 0.8091334894613583 0.110625 0.17142857142857143
4 0.534375 0.8091334894613583 0.026250000000000002 0.19999999999999998
4 0.46484375 0.8032786885245902 0.028125 0.18360655737704917
5 0.49765625 0.7494145199063232 0.114375 0.31475409836065577
0 0.49453125 0.6229508196721312 0.121875 0.6182669789227166
1 0.41171875 0.8887587822014051 0.06937499999999999 0.0927400468384075
2 0.43125 0.8852459016393442 0.0225 0.09836065573770492
2 0.39140625 0.892271662763466 0.020624999999999998 0.09836065573770492
3 0.41171875 0.8466042154566745 0.06937499999999999 0.1939110070257611
4 0.43125 0.8430913348946136 0.0225 0.2163934426229508
4 0.39140625 0.8489461358313818 0.020624999999999998 0.21967213114754097
5 0.40859375 0.7903981264637002 0.076875 0.3288056206088993
0 0.40625 0.6545667447306791 0.0975 0.6548009367681498
1 0.28203125 0.927400468384075 0.09937499999999999 0.10117096018735362
2 0.315625 0.9133489461358314 0.01875 0.07868852459016393
2 0.25234375 0.9414519906323185 0.028125 0.07868852459016393
3 0.28203125 0.8875878220140515 0.09937499999999999 0.19672131147540983
4 0.315625 0.8735362997658079 0.01875 0.19016393442622948
4 0.25546875 0.892271662763466 0.035625000000000004 0.2154566744730679
5 0.28203125 0.832552693208431 0.09937499999999999 0.3288056206088993
0 0.2984375 0.6733021077283372 0.13874999999999998 0.6533957845433255
1 0.66875 0.9063231850117096 0.10124999999999999 0.06182669789227166
2 0.6953125 0.9133489461358314 0.0375 0.05245901639344262
2 0.6421875 0.8981264637002342 0.0375 0.04918032786885246
3 0.66875 0.8548009367681498 0.10124999999999999 0.185480093676815
4 0.6953125 0.8548009367681498 0.0375 0.2163934426229508
4 0.6421875 0.8536299765807962 0.0375 0.17377049180327866
5 0.66875 0.7997658079625293 0.10124999999999999 0.31756440281030446
0 0.6578125 0.6651053864168618 0.1275 0.6407494145199062
