1 0.2805164319248826 0.55078125 0.5610328638497653 0.6693749999999999
2 0.5187793427230047 0.8203125 0.06197183098591549 0.026249999999999996
2 0.08215962441314555 0.2890625 0.15774647887323945 0.048124999999999994
3 0.2934272300469484 0.55078125 0.5868544600938967 0.6693749999999999
4 0.5316901408450704 0.72578125 0.09295774647887324 0.29093749999999996
4 0.11150234741784038 0.37734375 0.22300469483568075 0.2953125
5 0.2934272300469484 0.55078125 0.5868544600938967 0.6693749999999999
0 0.40492957746478875 0.55078125 0.8098591549295775 0.6693749999999999
1 0.2852112676056338 0.66640625 0.19436619718309858 0.050624999999999996
2 0.35563380281690143 0.66015625 0.025352112676056335 0.041562499999999995
2 0.22887323943661972 0.68359375 0.059154929577464786 0.0109375
3 0.27699530516431925 0.64453125 0.21408450704225354 0.103125
4 0.3204225352112676 0.6421875 0.10985915492957746 0.091875
4 0.22065727699530516 0.64453125 0.07887323943661972 0.1203125
5 0.27699530516431925 0.596875 0.21408450704225354 0.21749999999999997
0 0.21948356807511737 0.553125 0.352112676056338 0.3225
