1 0.53828125 0.6927570093457944 0.073125 0.014018691588785047
2 0.51953125 0.6962616822429907 0.028125 0.006542056074766355
2 0.56015625 0.6892523364485982 0.020624999999999998 0.006542056074766355
3 0.53828125 0.6647196261682243 0.073125 0.08130841121495326
4 0.51953125 0.6647196261682243 0.028125 0.09485981308411214
4 0.5546875 0.6717289719626168 0.033749999999999995 0.05560747663551401
5 0.53828125 0.6425233644859814 0.073125 0.13457943925233642
0 0.53046875 0.6063084112149533 0.091875 0.22149532710280373
1 0.69140625 0.6495327102803738 0.035625000000000004 0.011214953271028037
2 0.67890625 0.6530373831775701 0.005625 0.0032710280373831773
2 0.70546875 0.6495327102803738 0.001875 0.01308411214953271
3 0.68984375 0.6296728971962616 0.039375 0.058878504672897194
4 0.67734375 0.6296728971962616 0.009375 0.06869158878504672
4 0.69765625 0.6296728971962616 0.020624999999999998 0.06869158878504672
5 0.68828125 0.6039719626168224 0.043125 0.1205607476635514
0 0.68125 0.5771028037383178 0.06 0.18504672897196262
1 0.3390625 0.6787383177570093 0.08249999999999999 0.0308411214953271
2 0.30703125 0.6845794392523364 0.005625 0.01962616822429906
2 0.371875 0.6670560747663551 0.00375 0.0032710280373831773
3 0.33203125 0.6623831775700935 0.09937499999999999 0.07009345794392523
4 0.3 0.6623831775700935 0.0225 0.08177570093457943
4 0.35625 0.6565420560747663 0.041249999999999995 0.03271028037383177
5 0.33203125 0.6214953271028038 0.09937499999999999 0.16822429906542055
0 0.3171875 0.5677570093457944 0.13499999999999998 0.29719626168224295
1 0.79609375 0.6203271028037384 0.043125 0.019626168224299065
2 0.784375 0.6226635514018691 0.015 0.016355140186915886
2 0.8125 0.6144859813084113 0.00375 0.006542056074766355
3 0.79453125 0.6074766355140186 0.046875 0.05046728971962616
4 0.7828125 0.6074766355140186 0.01875 0.058878504672897194
4 0.803125 0.6063084112149533 0.026250000000000002 0.029439252336448597
5 0.79453125 0.5911214953271028 0.046875 0.08971962616822429
0 0.7828125 0.5677570093457944 0.075 0.14579439252336449
