1 0.259375 0.7072599531615925 0.09375 0.08430913348946135
2 0.27734375 0.7177985948477752 0.050624999999999996 0.06885245901639343
2 0.23359375 0.6932084309133489 0.031875 0.05901639344262295
3 0.275 0.6756440281030445 0.13125 0.16018735362997655
4 0.29296875 0.6768149882903981 0.088125 0.18360655737704917
4 0.265625 0.6615925058548009 0.10874999999999999 0.14754098360655735
5 0.29765625 0.6756440281030445 0.18562499999999998 0.16018735362997655
0 0.30390625 0.6135831381733021 0.200625 0.3091334894613583
1 0.58671875 0.8360655737704918 0.084375 0.1405152224824356
2 0.59296875 0.8548009367681498 0.06937499999999999 0.11147540983606556
2 0.58125 0.797423887587822 0.07125000000000001 0.05573770491803278
3 0.62109375 0.7892271662763466 0.166875 0.2529274004683841
4 0.62734375 0.8231850117096019 0.151875 0.19999999999999998
4 0.6 0.7505854800936768 0.11624999999999999 0.18688524590163932
5 0.66015625 0.7892271662763466 0.260625 0.2529274004683841
0 0.671875 0.7142857142857143 0.28874999999999995 0.4327868852459016
