1 0.5011261261261262 0.496875 0.42972972972972967 0.1575
2 0.6373873873873874 0.5390625 0.10270270270270271 0.065625
2 0.3524774774774775 0.45390625 0.07297297297297296 0.0634375
3 0.5731981981981982 0.45546875 0.6027027027027027 0.256875
4 0.7094594594594594 0.52421875 0.27567567567567564 0.10718749999999999
4 0.44932432432432434 0.4125 0.3054054054054054 0.179375
5 0.5731981981981982 0.45546875 0.6027027027027027 0.256875
0 0.6216216216216216 0.39921875 0.7189189189189189 0.391875
1 0.23986486486486486 0.915625 0.15405405405405403 0.01875
2 0.26914414414414417 0.91484375 0.08378378378378377 0.0196875
2 0.19481981981981983 0.91640625 0.04594594594594594 0.0196875
3 0.23986486486486486 0.86328125 0.15405405405405403 0.14437499999999998
4 0.26914414414414417 0.8625 0.08378378378378377 0.16624999999999998
4 0.21058558558558557 0.86328125 0.08378378378378377 0.1684375
5 0.24662162162162163 0.81328125 0.17027027027027025 0.26437499999999997
0 0.2725225225225225 0.715625 0.23243243243243245 0.49874999999999997
