1 0.23359375 0.7587822014051522 0.046875 0.022482435597189696
2 0.24296875 0.7634660421545667 0.024375 0.013114754098360656
2 0.22421875 0.7564402810304449 0.024375 0.019672131147540982
3 0.23359375 0.6932084309133489 0.046875 0.17985948477751756
4 0.24296875 0.6967213114754098 0.024375 0.19999999999999998
4 0.2265625 0.6908665105386417 0.03 0.20327868852459016
5 0.23359375 0.6416861826697893 0.046875 0.3035128805620609
0 0.24453125 0.5234192037470726 0.129375 0.5873536299765808
1 0.0546875 0.5573770491803278 0.041249999999999995 0.02810304449648712
2 0.06875 0.5573770491803278 0.0075 0.03278688524590164
2 0.03984375 0.5573770491803278 0.005625 0.03278688524590164
3 0.0546875 0.5292740046838408 0.041249999999999995 0.0955503512880562
4 0.06875 0.5292740046838408 0.0075 0.11147540983606556
4 0.03984375 0.5292740046838408 0.005625 0.11147540983606556
5 0.0546875 0.49765807962529274 0.041249999999999995 0.17142857142857143
0 0.05390625 0.4344262295081967 0.06937499999999999 0.3231850117096019
