1 0.228125 0.69375 0.08249999999999999 0.16999999999999998
2 0.228125 0.73125 0.08249999999999999 0.09333333333333332
2 0.23125 0.6572916666666667 0.07125000000000001 0.09624999999999999
3 0.2828125 0.6895833333333333 0.21374999999999997 0.18
4 0.2828125 0.7135416666666666 0.21374999999999997 0.14291666666666666
4 0.2703125 0.653125 0.16499999999999998 0.10791666666666666
5 0.32578125 0.6458333333333334 0.31687499999999996 0.285
0 0.38046875 0.5489583333333333 0.448125 0.5175
1 0.5984375 0.7416666666666667 0.1275 0.19499999999999998
2 0.61015625 0.8072916666666666 0.09937499999999999 0.04375
2 0.5453125 0.6666666666666666 0.0 0.017499999999999998
3 0.5984375 0.6645833333333333 0.1275 0.38
4 0.61015625 0.7229166666666667 0.09937499999999999 0.27999999999999997
4 0.54921875 0.5895833333333333 0.009375 0.23333333333333334
5 0.5984375 0.6416666666666667 0.1275 0.43499999999999994
0 0.56640625 0.503125 0.20437499999999997 0.7675
