1 0.478125 0.884375 0.1175 0.08249999999999999
2 0.44583333333333336 0.88671875 0.04 0.0765625
2 0.49375 0.884375 0.08 0.09624999999999999
3 0.47604166666666664 0.8265625 0.1225 0.22125
4 0.44583333333333336 0.82421875 0.04 0.2515625
4 0.47604166666666664 0.83125 0.1225 0.24499999999999997
5 0.44583333333333336 0.76953125 0.19499999999999998 0.35812499999999997
0 0.4427083333333333 0.67734375 0.2025 0.579375
1 0.5291666666666667 0.82734375 0.095 0.050624999999999996
2 0.5166666666666667 0.828125 0.065 0.05249999999999999
2 0.5489583333333333 0.82734375 0.0475 0.0590625
3 0.5291666666666667 0.78046875 0.095 0.163125
4 0.5229166666666667 0.7796875 0.08 0.188125
4 0.5447916666666667 0.7828125 0.057499999999999996 0.18375
5 0.5291666666666667 0.71875 0.095 0.31124999999999997
0 0.5364583333333334 0.6171875 0.16749999999999998 0.5549999999999999
