1 0.2058287795992714 0.77421875 0.25792349726775954 0.035625000000000004
2 0.28415300546448086 0.77421875 0.06994535519125683 0.041562499999999995
2 0.122040072859745 0.77890625 0.05683060109289617 0.028437499999999998
3 0.2058287795992714 0.73359375 0.25792349726775954 0.133125
4 0.28415300546448086 0.73359375 0.06994535519125683 0.1553125
4 0.122040072859745 0.73671875 0.05683060109289617 0.14656249999999998
5 0.2058287795992714 0.72890625 0.25792349726775954 0.14437499999999998
0 0.2058287795992714 0.6359375 0.25792349726775954 0.3675
1 0.7058287795992714 0.92734375 0.22076502732240436 0.10687499999999998
2 0.6347905282331512 0.92890625 0.05027322404371584 0.0328125
2 0.76775956284153 0.92734375 0.07213114754098361 0.12468749999999999
3 0.7058287795992714 0.86953125 0.22076502732240436 0.24562499999999998
4 0.6347905282331512 0.85390625 0.05027322404371584 0.24281249999999996
4 0.76775956284153 0.88984375 0.07213114754098361 0.2203125
5 0.7058287795992714 0.821875 0.22076502732240436 0.35625
0 0.6211293260473588 0.6875 0.4240437158469945 0.625
