1 0.696875 0.80625 0.13874999999999998 0.08
2 0.73515625 0.7979166666666667 0.046875 0.06999999999999999
2 0.6515625 0.8072916666666666 0.03 0.09041666666666666
3 0.696875 0.75 0.13874999999999998 0.215
4 0.73515625 0.7416666666666667 0.046875 0.22749999999999998
4 0.65234375 0.75 0.031875 0.2508333333333333
5 0.696875 0.6770833333333334 0.13874999999999998 0.38999999999999996
0 0.68203125 0.53125 0.174375 0.74
1 0.47578125 0.8791666666666667 0.174375 0.055
2 0.52421875 0.8770833333333333 0.058124999999999996 0.058333333333333334
2 0.40390625 0.9 0.001875 0.005833333333333333
3 0.47578125 0.8239583333333333 0.174375 0.1875
4 0.5234375 0.821875 0.06 0.21291666666666664
4 0.41171875 0.840625 0.020624999999999998 0.1720833333333333
5 0.47578125 0.7322916666666667 0.174375 0.4075
0 0.46875 0.5635416666666667 0.19124999999999998 0.8125
