1 0.553125 0.5046838407494145 0.20249999999999999 0.12646370023419204
2 0.4796875 0.4918032786885246 0.026250000000000002 0.11147540983606556
2 0.61953125 0.5480093676814989 0.043125 0.02622950819672131
3 0.55703125 0.47892271662763464 0.21187499999999998 0.18829039812646367
4 0.51875 0.4812646370023419 0.12 0.14098360655737704
4 0.6234375 0.47892271662763464 0.052500000000000005 0.21967213114754097
5 0.55703125 0.4297423887587822 0.21187499999999998 0.3063231850117096
0 0.578125 0.297423887587822 0.2625 0.594847775175644
1 0.76796875 0.4344262295081967 0.024375 0.008430913348946136
2 0.7703125 0.4309133489461358 0.0 0.0
2 0.76796875 0.43676814988290397 0.024375 0.003278688524590164
3 0.76796875 0.40866510538641687 0.024375 0.0702576112412178
4 0.7703125 0.4063231850117096 0.0 0.06885245901639343
4 0.76796875 0.40866510538641687 0.024375 0.08196721311475409
5 0.76875 0.36885245901639346 0.026250000000000002 0.165807962529274
0 0.784375 0.30679156908665106 0.06375 0.31475409836065577
