1 0.396875 0.525 0.04875 0.014999999999999998
2 0.38671875 0.5260416666666666 0.024375 0.014583333333333334
2 0.4171875 0.521875 0.0 0.008749999999999999
3 0.396875 0.4864583333333333 0.04875 0.1075
4 0.38671875 0.4864583333333333 0.024375 0.12541666666666665
4 0.41484375 0.48333333333333334 0.005625 0.11666666666666667
5 0.396875 0.453125 0.04875 0.1875
0 0.371875 0.390625 0.10874999999999999 0.3375
1 0.24296875 0.5760416666666667 0.050624999999999996 0.0175
2 0.23359375 0.575 0.028125 0.017499999999999998
2 0.24765625 0.5791666666666667 0.039375 0.011666666666666665
3 0.24296875 0.5395833333333333 0.050624999999999996 0.105
4 0.23359375 0.5385416666666667 0.028125 0.11958333333333333
4 0.24765625 0.540625 0.039375 0.11958333333333333
5 0.2421875 0.503125 0.052500000000000005 0.19249999999999998
0 0.22890625 0.4197916666666667 0.084375 0.3925
