1 0.604 0.713 0.0608 0.012
2 0.6106666666666667 0.708 0.0 0.0
2 0.604 0.714 0.0608 0.0112
3 0.604 0.67 0.0608 0.11519999999999998
4 0.616 0.665 0.012799999999999999 0.1204
4 0.604 0.671 0.0608 0.1316
5 0.6106666666666667 0.624 0.0768 0.2256
0 0.6253333333333333 0.547 0.20159999999999997 0.4104
1 0.30533333333333335 0.753 0.2848 0.0648
2 0.39866666666666667 0.766 0.0608 0.0392
2 0.216 0.735 0.07039999999999999 0.0252
3 0.30533333333333335 0.716 0.2848 0.1536
4 0.3973333333333333 0.727 0.064 0.14839999999999998
4 0.23466666666666666 0.698 0.11519999999999998 0.12879999999999997
5 0.30533333333333335 0.669 0.2848 0.26639999999999997
0 0.308 0.602 0.2912 0.42719999999999997
