1 0.48359375 0.7239583333333334 0.088125 0.0625
2 0.51015625 0.7135416666666666 0.024375 0.04375
2 0.4578125 0.7322916666666667 0.026250000000000002 0.049583333333333326
3 0.48359375 0.6833333333333333 0.088125 0.16
4 0.509375 0.6729166666666667 0.026250000000000002 0.1575
4 0.4578125 0.6916666666666667 0.026250000000000002 0.1633333333333333
5 0.48359375 0.6479166666666667 0.088125 0.245
0 0.4671875 0.5520833333333334 0.1275 0.475
1 0.62734375 0.8822916666666667 0.15562499999999999 0.06749999999999999
2 0.59140625 0.8822916666666667 0.06937499999999999 0.07875
2 0.68671875 0.878125 0.013125000000000001 0.049583333333333326
3 0.62734375 0.84375 0.15562499999999999 0.16
4 0.59296875 0.8489583333333334 0.073125 0.1720833333333333
4 0.68671875 0.8364583333333333 0.013125000000000001 0.16624999999999998
5 0.6375 0.790625 0.18 0.2875
0 0.6453125 0.6625 0.19874999999999998 0.595
