1 0.3265625 0.8439635535307517 0.045 0.1612756264236902
2 0.3265625 0.8029612756264237 0.045 0.07334851936218678
2 0.325 0.8895216400911162 0.03 0.06059225512528473
3 0.33046875 0.7927107061503417 0.05437499999999999 0.28428246013667424
4 0.33046875 0.7790432801822323 0.05437499999999999 0.14031890660592253
4 0.325 0.7927107061503417 0.03 0.3316628701594533
5 0.35234375 0.7129840546697038 0.10687499999999998 0.47562642369020497
0 0.3125 0.5615034168564921 0.20249999999999999 0.8391799544419134
1 0.8234375 0.8325740318906606 0.045 0.2104783599088838
2 0.8234375 0.7881548974943052 0.045 0.12118451025056946
2 0.828125 0.8906605922551253 0.026250000000000002 0.08291571753986332
3 0.8265625 0.7915717539863326 0.052500000000000005 0.3088838268792711
4 0.8265625 0.7813211845102506 0.052500000000000005 0.14031890660592253
4 0.828125 0.7915717539863326 0.026250000000000002 0.3603644646924829
5 0.8421875 0.7107061503416856 0.09 0.5029612756264237
0 0.80546875 0.5660592255125285 0.20437499999999997 0.8501138952164009
