1 0.86796875 0.9019417475728155 0.140625 0.03961165048543689
2 0.84453125 0.9058252427184466 0.084375 0.035339805825242716
2 0.91875 0.887378640776699 0.01875 0.005436893203883495
3 0.86796875 0.8271844660194175 0.140625 0.21902912621359222
4 0.84453125 0.8271844660194175 0.084375 0.25553398058252424
4 0.89765625 0.8155339805825242 0.06937499999999999 0.2066019417475728
5 0.86796875 0.7582524271844661 0.140625 0.3844660194174757
0 0.8921875 0.6262135922330098 0.19874999999999998 0.7013592233009709
1 0.52109375 0.8805825242718447 0.133125 0.06291262135922329
2 0.53828125 0.8825242718446602 0.091875 0.06796116504854369
2 0.4859375 0.8776699029126214 0.04875 0.06524271844660193
3 0.52109375 0.8087378640776699 0.133125 0.2353398058252427
4 0.53828125 0.8116504854368932 0.091875 0.26640776699029123
4 0.4859375 0.8058252427184466 0.04875 0.26640776699029123
5 0.52109375 0.7320388349514563 0.133125 0.41941747572815535
0 0.54375 0.6009708737864078 0.1875 0.7339805825242719
1 0.71796875 0.883495145631068 0.129375 0.05592233009708737
2 0.73359375 0.8864077669902912 0.091875 0.0570873786407767
2 0.6921875 0.8815533980582524 0.06749999999999999 0.05980582524271844
3 0.71796875 0.8038834951456311 0.129375 0.2469902912621359
4 0.73359375 0.8048543689320389 0.091875 0.2854368932038835
4 0.6921875 0.8019417475728156 0.06749999999999999 0.28271844660194173
5 0.71796875 0.7194174757281553 0.129375 0.44970873786407767
0 0.72109375 0.5485436893203883 0.193125 0.8598058252427184
