1 0.57265625 0.8291666666666667 0.061875 0.005
2 0.565625 0.8291666666666667 0.045 0.005833333333333333
2 0.5984375 0.8291666666666667 0.0 0.0
3 0.57265625 0.7729166666666667 0.061875 0.14
4 0.565625 0.7729166666666667 0.045 0.1633333333333333
4 0.5984375 0.7739583333333333 0.0 0.15458333333333332
5 0.57265625 0.728125 0.061875 0.2475
0 0.56171875 0.6166666666666667 0.121875 0.515
1 0.265625 0.7510416666666667 0.04875 0.0275
2 0.2796875 0.7572916666666667 0.015 0.014583333333333334
2 0.25 0.7489583333333333 0.01125 0.02625
3 0.265625 0.7208333333333333 0.04875 0.1
4 0.2796875 0.721875 0.015 0.11374999999999999
4 0.25 0.71875 0.01125 0.11083333333333333
5 0.265625 0.6864583333333333 0.04875 0.1825
0 0.2703125 0.6197916666666666 0.06375 0.3425
