1 0.878125 0.8433874709976799 0.195 0.10858468677494199
2 0.9359375 0.8433874709976799 0.05625 0.12668213457076566
2 0.83359375 0.8538283062645011 0.088125 0.05846867749419953
3 0.87265625 0.7830626450116009 0.20812499999999998 0.2533642691415313
4 0.89140625 0.7877030162412993 0.163125 0.28259860788863106
4 0.828125 0.7761020881670534 0.10124999999999999 0.27610208816705334
5 0.87265625 0.7134570765661253 0.20812499999999998 0.42041763341067284
0 0.85078125 0.6589327146171694 0.260625 0.551276102088167
1 0.609375 0.7436194895591647 0.11624999999999999 0.1197215777262181
2 0.575 0.7575406032482599 0.033749999999999995 0.10069605568445475
2 0.634375 0.7122969837587007 0.05625 0.051972157772621805
3 0.609375 0.6577726218097448 0.11624999999999999 0.325754060324826
4 0.59375 0.6879350348027842 0.07875 0.2955916473317865
4 0.62578125 0.6264501160092807 0.076875 0.29234338747099764
5 0.60859375 0.605568445475638 0.118125 0.4510440835266821
0 0.61875 0.494199535962877 0.14250000000000002 0.7183294663573085
1 0.38125 0.8433874709976799 0.18375 0.08631090487238978
2 0.43984375 0.8433874709976799 0.043125 0.10069605568445475
2 0.3375 0.8561484918793504 0.07875 0.03248259860788863
3 0.37578125 0.7784222737819025 0.196875 0.2422273781902552
4 0.39453125 0.7830626450116009 0.151875 0.2696055684454756
4 0.33203125 0.7726218097447796 0.091875 0.26635730858468676
5 0.37578125 0.7064965197215777 0.196875 0.4148491879350348
0 0.340625 0.6508120649651972 0.28125 0.5484918793503479
1 0.12265625 0.7517401392111369 0.125625 0.11693735498839906
2 0.0875 0.759860788863109 0.041249999999999995 0.1136890951276102
2 0.14765625 0.7204176334106729 0.065625 0.048723897911832945
3 0.12265625 0.6635730858468677 0.125625 0.328538283062645
4 0.1046875 0.6948955916473318 0.08249999999999999 0.2955916473317865
4 0.13828125 0.6322505800464037 0.088125 0.2955916473317865
5 0.1203125 0.6078886310904872 0.13125 0.4621809744779582
0 0.1265625 0.4976798143851508 0.14625 0.7266821345707656
