1 0.7828125 0.7760416666666666 0.20625 0.0525
2 0.8609375 0.775 0.01875 0.058333333333333334
2 0.71953125 0.7916666666666666 0.05437499999999999 0.017499999999999998
3 0.7828125 0.7395833333333334 0.20625 0.14
4 0.83671875 0.7385416666666667 0.076875 0.16041666666666668
4 0.71953125 0.7520833333333333 0.05437499999999999 0.12833333333333333
5 0.7828125 0.7 0.20625 0.235
0 0.7796875 0.6416666666666667 0.21374999999999997 0.375
1 0.35 0.7197916666666667 0.075 0.0275
2 0.37265625 0.7229166666666667 0.020624999999999998 0.02333333333333333
2 0.3296875 0.7145833333333333 0.026250000000000002 0.017499999999999998
3 0.35 0.684375 0.075 0.1125
4 0.37265625 0.6854166666666667 0.020624999999999998 0.12833333333333333
4 0.3296875 0.6791666666666667 0.026250000000000002 0.11666666666666667
5 0.35 0.65 0.075 0.19499999999999998
0 0.3390625 0.559375 0.12375 0.4125
1 0.17734375 0.740625 0.088125 0.0325
2 0.2015625 0.740625 0.03 0.03791666666666667
2 0.15390625 0.7416666666666667 0.031875 0.034999999999999996
3 0.17734375 0.6927083333333334 0.088125 0.1475
4 0.2015625 0.6927083333333334 0.03 0.1720833333333333
4 0.15390625 0.6947916666666667 0.031875 0.16624999999999998
5 0.175 0.6395833333333333 0.09375 0.275
0 0.15625 0.525 0.13874999999999998 0.55
