1 0.18828125 0.8985507246376812 0.14437499999999998 0.08115942028985508
2 0.2203125 0.8756038647342995 0.06749999999999999 0.03043478260869565
2 0.1609375 0.9166666666666666 0.07875 0.04396135265700483
3 0.19140625 0.8164251207729468 0.151875 0.27826086956521734
4 0.2234375 0.7934782608695652 0.075 0.2603864734299517
4 0.178125 0.8442028985507246 0.12 0.2468599033816425
5 0.19140625 0.8007246376811594 0.151875 0.3159420289855072
0 0.215625 0.6896135265700483 0.21000000000000002 0.5826086956521739
1 0.3578125 0.9045893719806763 0.15 0.09565217391304348
2 0.31796875 0.8780193236714976 0.05437499999999999 0.03719806763285024
2 0.3921875 0.9347826086956522 0.06749999999999999 0.027053140096618356
3 0.3578125 0.8405797101449275 0.15 0.2492753623188406
4 0.3359375 0.8140096618357487 0.0975 0.21642512077294684
4 0.3921875 0.8466183574879227 0.06749999999999999 0.27391304347826084
5 0.35625 0.8405797101449275 0.15375 0.2492753623188406
0 0.42890625 0.7669082125603864 0.328125 0.42608695652173917
1 0.7203125 0.8067632850241546 0.46125 0.0927536231884058
2 0.87890625 0.8128019323671497 0.080625 0.04396135265700483
2 0.55078125 0.8067632850241546 0.05437499999999999 0.10821256038647342
3 0.7203125 0.75 0.46125 0.2289855072463768
4 0.84375 0.7415458937198067 0.16499999999999998 0.2434782608695652
4 0.59921875 0.782608695652174 0.170625 0.1758454106280193
5 0.7203125 0.6823671497584541 0.46125 0.391304347826087
0 0.7203125 0.5615942028985508 0.46125 0.6811594202898551
