1 0.6734375 0.7854166666666667 0.052500000000000005 0.029999999999999995
2 0.65625 0.7833333333333333 0.01125 0.02333333333333333
2 0.690625 0.7854166666666667 0.01125 0.034999999999999996
3 0.6734375 0.753125 0.052500000000000005 0.1075
4 0.65859375 0.75 0.016874999999999998 0.11666666666666667
4 0.690625 0.7541666666666667 0.01125 0.1225
5 0.6734375 0.7177083333333333 0.052500000000000005 0.19249999999999998
0 0.68046875 0.6645833333333333 0.088125 0.32
1 0.33984375 0.696875 0.050624999999999996 0.0125
2 0.32890625 0.6979166666666666 0.024375 0.011666666666666665
2 0.35390625 0.6947916666666667 0.016874999999999998 0.008749999999999999
3 0.33984375 0.6697916666666667 0.050624999999999996 0.07749999999999999
4 0.32890625 0.6708333333333333 0.024375 0.0875
4 0.35390625 0.6677083333333333 0.016874999999999998 0.08458333333333332
5 0.33984375 0.6354166666666666 0.050624999999999996 0.16
0 0.34765625 0.5854166666666667 0.080625 0.28
