1 0.8546875 0.8787878787878788 0.052500000000000005 0.0396694214876033
2 0.8640625 0.8815426997245179 0.03 0.03856749311294766
2 0.84296875 0.8746556473829201 0.024375 0.03471074380165289
3 0.8546875 0.8154269972451791 0.052500000000000005 0.19173553719008263
4 0.8640625 0.8181818181818182 0.03 0.21597796143250686
4 0.84296875 0.8112947658402204 0.024375 0.21212121212121213
5 0.8546875 0.7355371900826446 0.052500000000000005 0.38347107438016526
0 0.8515625 0.628099173553719 0.10500000000000001 0.6413223140495867
1 0.78046875 0.8884297520661157 0.061875 0.05619834710743801
2 0.79296875 0.8774104683195593 0.031875 0.03471074380165289
2 0.76015625 0.8925619834710744 0.013125000000000001 0.053994490358126715
3 0.78046875 0.8236914600550964 0.061875 0.2115702479338843
4 0.79296875 0.8126721763085399 0.031875 0.21597796143250686
4 0.76015625 0.8236914600550964 0.013125000000000001 0.246831955922865
5 0.78046875 0.7382920110192838 0.061875 0.4165289256198347
0 0.7734375 0.6170798898071626 0.1125 0.7074380165289257
1 0.1421875 0.9380165289256198 0.07125000000000001 0.08264462809917356
2 0.15625 0.9173553719008265 0.0375 0.03856749311294766
2 0.11953125 0.9476584022038568 0.016874999999999998 0.06942148760330578
3 0.1421875 0.8581267217630854 0.07125000000000001 0.2743801652892562
4 0.15625 0.837465564738292 0.0375 0.26225895316804404
4 0.11953125 0.8622589531680441 0.016874999999999998 0.27548209366391185
5 0.1421875 0.78099173553719 0.07125000000000001 0.4380165289256198
0 0.11953125 0.6088154269972452 0.125625 0.7823691460055097
1 0.22890625 0.9008264462809917 0.058124999999999996 0.05289256198347107
2 0.23984375 0.9008264462809917 0.031875 0.06170798898071625
2 0.21953125 0.9022038567493113 0.035625000000000004 0.04242424242424242
3 0.22890625 0.8360881542699724 0.058124999999999996 0.20826446280991734
4 0.23984375 0.8360881542699724 0.031875 0.2429752066115702
4 0.21953125 0.8347107438016529 0.035625000000000004 0.23140495867768596
5 0.228125 0.7617079889807162 0.06 0.38677685950413226
0 0.23671875 0.6225895316804407 0.136875 0.7206611570247933
