1 0.45859375 0.6920415224913494 0.080625 0.045674740484429065
2 0.4609375 0.7024221453287197 0.075 0.02422145328719723
2 0.44140625 0.6773356401384083 0.039375 0.012110726643598616
3 0.45859375 0.6410034602076125 0.080625 0.16816608996539792
4 0.4609375 0.6410034602076125 0.075 0.19619377162629756
4 0.44453125 0.6262975778546713 0.046875 0.15501730103806227
5 0.45859375 0.5804498269896193 0.080625 0.3134948096885813
0 0.4453125 0.4688581314878893 0.1125 0.5813148788927336
1 0.534375 0.8278546712802768 0.3 0.03529411764705882
2 0.47421875 0.8278546712802768 0.15562499999999999 0.04117647058823529
2 0.6203125 0.8278546712802768 0.09375 0.02179930795847751
3 0.534375 0.7050173010380623 0.3 0.33010380622837365
4 0.47890625 0.7050173010380623 0.166875 0.385121107266436
4 0.6203125 0.722318339100346 0.09375 0.3173010380622837
5 0.534375 0.592560553633218 0.3 0.6
0 0.534375 0.42993079584775085 0.3 0.8598615916955017
1 0.353125 0.6003460207612457 0.10500000000000001 0.04152249134948097
2 0.3171875 0.5977508650519031 0.01875 0.04117647058823529
2 0.38046875 0.6141868512110726 0.039375 0.009688581314878892
3 0.353125 0.5804498269896193 0.10500000000000001 0.08927335640138409
4 0.33671875 0.5778546712802768 0.065625 0.09688581314878893
4 0.38046875 0.5821799307958477 0.039375 0.09930795847750865
5 0.353125 0.5527681660899654 0.10500000000000001 0.15570934256055363
0 0.353125 0.5008650519031141 0.10500000000000001 0.28027681660899656
