1 0.3265625 0.884375 0.04875 0.11624999999999999
2 0.31796875 0.91875 0.028125 0.039375
2 0.3390625 0.86328125 0.01875 0.0765625
3 0.31171875 0.81796875 0.084375 0.275625
4 0.3234375 0.81796875 0.041249999999999995 0.3215625
4 0.31171875 0.80234375 0.084375 0.24718749999999998
5 0.3265625 0.73046875 0.12375 0.48562500000000003
0 0.3375 0.5671875 0.28125 0.865625
1 0.82421875 0.328125 0.09562499999999999 0.0225
2 0.81484375 0.328125 0.073125 0.026249999999999996
2 0.828125 0.32421875 0.08625 0.0109375
3 0.82421875 0.30078125 0.09562499999999999 0.088125
4 0.81484375 0.30078125 0.073125 0.1028125
4 0.828125 0.296875 0.08625 0.0875
5 0.82421875 0.271875 0.09562499999999999 0.1575
0 0.82421875 0.22109375 0.09562499999999999 0.279375
