1 0.42265625 0.7757009345794392 0.121875 0.14018691588785046
2 0.409375 0.8177570093457944 0.09 0.04579439252336448
2 0.4359375 0.7348130841121495 0.09 0.04906542056074766
3 0.42265625 0.6927570093457944 0.121875 0.3392523364485981
4 0.409375 0.7067757009345794 0.09 0.35654205607476636
4 0.4359375 0.6518691588785047 0.09 0.28130841121495326
5 0.48828125 0.6285046728971962 0.279375 0.4934579439252336
0 0.48828125 0.514018691588785 0.279375 0.7682242990654206
1 0.22109375 0.24182242990654207 0.073125 0.058878504672897194
2 0.24375 0.2488317757009346 0.01875 0.04906542056074766
2 0.2046875 0.2336448598130841 0.033749999999999995 0.04579439252336448
3 0.2203125 0.17873831775700935 0.075 0.2102803738317757
4 0.24375 0.17873831775700935 0.01875 0.24532710280373832
4 0.20390625 0.17172897196261683 0.035625000000000004 0.2191588785046729
0 0.2203125 0.17873831775700935 0.075 0.2102803738317757
