1 0.553125 0.859375 0.03 0.0625
2 0.546875 0.8333333333333334 0.015 0.0
2 0.55625 0.8760416666666667 0.0225 0.02625
3 0.5640625 0.84375 0.05625 0.1
4 0.5640625 0.8177083333333334 0.05625 0.04375
4 0.55625 0.8520833333333333 0.0225 0.09333333333333332
5 0.5640625 0.8239583333333333 0.05625 0.1475
0 0.57421875 0.78125 0.080625 0.25
1 0.69453125 0.840625 0.043125 0.0125
2 0.6921875 0.8416666666666667 0.0375 0.011666666666666665
2 0.7015625 0.8395833333333333 0.026250000000000002 0.011666666666666665
3 0.69453125 0.821875 0.043125 0.057499999999999996
4 0.6921875 0.821875 0.0375 0.06708333333333333
4 0.70078125 0.8208333333333333 0.028125 0.06416666666666666
5 0.69453125 0.803125 0.043125 0.1025
0 0.69453125 0.76875 0.043125 0.185
1 0.35546875 0.8458333333333333 0.043125 0.01
2 0.3453125 0.84375 0.01875 0.005833333333333333
2 0.365625 0.8479166666666667 0.01875 0.005833333333333333
3 0.35546875 0.81875 0.043125 0.075
4 0.3453125 0.8166666666666667 0.01875 0.08166666666666665
4 0.365625 0.81875 0.01875 0.0875
5 0.35546875 0.7927083333333333 0.043125 0.1375
0 0.35546875 0.7541666666666667 0.043125 0.22999999999999998
1 0.31796875 0.809375 0.043125 0.0225
2 0.32734375 0.80625 0.020624999999999998 0.017499999999999998
2 0.30859375 0.809375 0.020624999999999998 0.02625
3 0.31796875 0.7916666666666666 0.043125 0.065
4 0.32734375 0.79375 0.020624999999999998 0.0525
4 0.30859375 0.7916666666666666 0.020624999999999998 0.07583333333333334
5 0.31796875 0.7666666666666667 0.043125 0.125
0 0.31796875 0.73125 0.043125 0.21
1 0.50859375 0.7927083333333333 0.028125 0.0125
2 0.515625 0.790625 0.01125 0.008749999999999999
2 0.50234375 0.7927083333333333 0.013125000000000001 0.014583333333333334
3 0.50859375 0.7739583333333333 0.028125 0.057499999999999996
4 0.515625 0.7739583333333333 0.01125 0.05541666666666666
4 0.50234375 0.7739583333333333 0.013125000000000001 0.06708333333333333
5 0.5109375 0.7604166666666666 0.033749999999999995 0.09
0 0.52421875 0.728125 0.065625 0.16749999999999998
