1 0.06875 0.5572916666666666 0.07125000000000001 0.0225
2 0.04765625 0.5541666666666667 0.020624999999999998 0.017499999999999998
2 0.0875 0.5614583333333333 0.026250000000000002 0.014583333333333334
3 0.06875 0.5135416666666667 0.07125000000000001 0.1275
4 0.04765625 0.5104166666666666 0.020624999999999998 0.13999999999999999
4 0.0875 0.5166666666666667 0.026250000000000002 0.13999999999999999
5 0.06875 0.46875 0.07125000000000001 0.235
0 0.08515625 0.39791666666666664 0.110625 0.405
1 0.44296875 0.659375 0.043125 0.0475
2 0.446875 0.6447916666666667 0.03 0.014583333333333334
2 0.44296875 0.671875 0.043125 0.020416666666666663
3 0.44296875 0.6229166666666667 0.043125 0.13499999999999998
4 0.446875 0.6083333333333333 0.03 0.11666666666666667
4 0.44296875 0.6260416666666667 0.043125 0.14875
5 0.44296875 0.5833333333333334 0.043125 0.22999999999999998
0 0.4671875 0.5083333333333333 0.10124999999999999 0.41
