1 0.3953125 0.8617511520737328 0.06 0.16036866359447002
2 0.3953125 0.8882488479262672 0.06 0.11290322580645161
2 0.4140625 0.7983870967741935 0.015 0.009677419354838708
3 0.37890625 0.7811059907834101 0.09937499999999999 0.35391705069124424
4 0.37890625 0.8006912442396313 0.09937499999999999 0.35806451612903223
4 0.3796875 0.717741935483871 0.0975 0.2354838709677419
5 0.38125 0.7246543778801844 0.10500000000000001 0.4894009216589862
0 0.403125 0.5529953917050692 0.1575 0.8940092165898618
1 0.33828125 0.423963133640553 0.046875 0.016589861751152072
2 0.35234375 0.4228110599078341 0.013125000000000001 0.016129032258064516
2 0.3234375 0.423963133640553 0.01125 0.019354838709677417
3 0.33828125 0.3986175115207373 0.046875 0.07741935483870968
4 0.35 0.39746543778801846 0.01875 0.08709677419354839
4 0.3234375 0.3986175115207373 0.01125 0.09032258064516129
5 0.33828125 0.3778801843317972 0.046875 0.1271889400921659
0 0.3359375 0.35023041474654376 0.052500000000000005 0.1935483870967742
1 0.715625 0.7119815668202765 0.255 0.07741935483870968
2 0.8109375 0.7119815668202765 0.026250000000000002 0.09032258064516129
2 0.63203125 0.7142857142857143 0.05437499999999999 0.05161290322580645
3 0.715625 0.6417050691244239 0.255 0.24608294930875577
4 0.7859375 0.6417050691244239 0.08625 0.2870967741935484
4 0.63203125 0.6463133640552995 0.05437499999999999 0.24193548387096775
5 0.715625 0.5748847926267281 0.255 0.40645161290322585
0 0.6859375 0.4608294930875576 0.32625 0.680184331797235
1 0.8875 0.8559907834101382 0.06375 0.20184331797235022
2 0.8875 0.8870967741935484 0.06375 0.14838709677419354
2 0.8984375 0.7891705069124424 0.026250000000000002 0.04838709677419355
3 0.871875 0.7845622119815668 0.10124999999999999 0.37327188940092165
4 0.871875 0.804147465437788 0.10124999999999999 0.38064516129032255
4 0.871875 0.717741935483871 0.09 0.24838709677419354
5 0.8828125 0.7131336405529954 0.1275 0.5447004608294931
0 0.89765625 0.5944700460829493 0.163125 0.8110599078341014
1 0.22734375 0.7096774193548387 0.24937499999999999 0.07741935483870968
2 0.32265625 0.7096774193548387 0.020624999999999998 0.09032258064516129
2 0.14609375 0.7119815668202765 0.05437499999999999 0.06451612903225806
3 0.22734375 0.6417050691244239 0.24937499999999999 0.24055299539170505
4 0.2953125 0.6417050691244239 0.08625 0.2806451612903226
4 0.14609375 0.6474654377880185 0.05437499999999999 0.24516129032258063
5 0.22734375 0.5794930875576036 0.24937499999999999 0.3898617511520737
0 0.19375 0.4596774193548387 0.32999999999999996 0.6774193548387096
1 0.81328125 0.4274193548387097 0.043125 0.013824884792626729
2 0.828125 0.42626728110599077 0.0075 0.012903225806451613
2 0.79921875 0.4274193548387097 0.009375 0.016129032258064516
3 0.81328125 0.4009216589861751 0.043125 0.07741935483870968
4 0.825 0.39976958525345624 0.015 0.08709677419354839
4 0.79921875 0.4055299539170507 0.009375 0.07741935483870967
5 0.81328125 0.3778801843317972 0.043125 0.13271889400921658
0 0.81171875 0.34101382488479265 0.046875 0.22119815668202766
