1 0.7230392156862745 0.8651960784313726 0.19019607843137254 0.06078431372549019
2 0.7565359477124183 0.8700980392156863 0.10980392156862745 0.05718954248366013
2 0.6879084967320261 0.8578431372549019 0.10588235294117647 0.05032679738562091
3 0.7230392156862745 0.7810457516339869 0.19019607843137254 0.26274509803921564
4 0.7565359477124183 0.7810457516339869 0.10980392156862745 0.30653594771241827
4 0.6879084967320261 0.7753267973856209 0.10588235294117647 0.28137254901960784
5 0.7230392156862745 0.6968954248366013 0.19019607843137254 0.46470588235294114
0 0.6764705882352942 0.5269607843137255 0.30196078431372547 0.8725490196078431
1 0.3055555555555556 0.8905228758169934 0.1803921568627451 0.0196078431372549
2 0.23366013071895425 0.8905228758169934 0.00784313725490196 0.02287581699346405
2 0.380718954248366 0.8954248366013072 0.0 0.00915032679738562
3 0.3055555555555556 0.8022875816993464 0.1803921568627451 0.23137254901960783
4 0.24428104575163398 0.8063725490196079 0.03333333333333333 0.25849673202614376
4 0.375 0.8022875816993464 0.013725490196078431 0.2699346405228758
5 0.30800653594771243 0.6977124183006536 0.18627450980392157 0.4823529411764706
0 0.30637254901960786 0.5563725490196079 0.3 0.8215686274509804
