1 0.5023419203747073 0.69921875 0.25573770491803277 0.21937500000000001
2 0.5714285714285714 0.61953125 0.08992974238875878 0.0328125
2 0.44730679156908665 0.7640625 0.12365339578454332 0.074375
3 0.5163934426229508 0.6796875 0.2894613583138173 0.26625
4 0.585480093676815 0.6 0.12365339578454332 0.0875
4 0.44730679156908665 0.7109375 0.12365339578454332 0.22312499999999996
5 0.5163934426229508 0.64453125 0.2894613583138173 0.350625
0 0.5234192037470726 0.525 0.6435597189695551 0.6375
1 0.8009367681498829 0.14140625 0.13489461358313817 0.043125
2 0.8372365339578455 0.1421875 0.0477751756440281 0.048124999999999994
2 0.7693208430913349 0.1390625 0.05901639344262295 0.04375
3 0.8466042154566745 0.0890625 0.30679156908665106 0.16875
4 0.9004683840749415 0.0890625 0.1990632318501171 0.178125
4 0.7517564402810304 0.0890625 0.10117096018735362 0.178125
0 0.8466042154566745 0.0890625 0.30679156908665106 0.16875
