1 0.113 0.6386666666666667 0.1176 0.0416
2 0.157 0.6466666666666666 0.012 0.02613333333333333
2 0.069 0.6306666666666667 0.012 0.02613333333333333
3 0.113 0.6053333333333333 0.1176 0.1216
4 0.157 0.6053333333333333 0.012 0.14186666666666667
4 0.08 0.6026666666666667 0.0384 0.10453333333333333
5 0.113 0.5746666666666667 0.1176 0.1952
0 0.117 0.504 0.12719999999999998 0.36479999999999996
1 0.876 0.5333333333333333 0.11519999999999998 0.0192
2 0.921 0.5333333333333333 0.007199999999999999 0.022399999999999996
2 0.836 0.5346666666666666 0.0192 0.011199999999999998
3 0.876 0.508 0.11519999999999998 0.08
4 0.914 0.508 0.024 0.09333333333333334
4 0.837 0.5093333333333333 0.021599999999999998 0.08213333333333332
5 0.876 0.49066666666666664 0.11519999999999998 0.1216
0 0.876 0.4533333333333333 0.11519999999999998 0.2112
