1 0.76796875 0.9427083333333334 0.09937499999999999 0.09749999999999999
2 0.7796875 0.9510416666666667 0.07125000000000001 0.09041666666666666
2 0.75390625 0.9177083333333333 0.065625 0.04375
3 0.76171875 0.8760416666666667 0.114375 0.24791666666666667
4 0.76171875 0.8791666666666667 0.114375 0.24166666666666667
4 0.75390625 0.8510416666666667 0.065625 0.23041666666666666
5 0.76171875 0.7979166666666667 0.114375 0.4041666666666667
0 0.74140625 0.6489583333333333 0.163125 0.7020833333333333
1 0.2703125 0.6875 0.11624999999999999 0.095
2 0.29296875 0.7072916666666667 0.061875 0.05541666666666666
2 0.24609375 0.6697916666666667 0.058124999999999996 0.06125
3 0.26953125 0.628125 0.118125 0.2375
4 0.2890625 0.640625 0.07125000000000001 0.24208333333333332
4 0.2453125 0.6104166666666667 0.06 0.22749999999999998
5 0.26953125 0.5645833333333333 0.118125 0.38999999999999996
0 0.2359375 0.4354166666666667 0.19874999999999998 0.7
