1 0.14375 0.3067484662576687 0.033749999999999995 0.029447852760736196
2 0.15078125 0.3067484662576687 0.016874999999999998 0.03435582822085889
2 0.134375 0.3098159509202454 0.01125 0.02576687116564417
3 0.140625 0.2607361963190184 0.045 0.13987730061349693
4 0.1515625 0.2607361963190184 0.01875 0.16319018404907973
4 0.13046875 0.26226993865030673 0.020624999999999998 0.1588957055214724
5 0.14609375 0.2607361963190184 0.058124999999999996 0.13987730061349693
0 0.146875 0.19171779141104295 0.06749999999999999 0.305521472392638
1 0.68359375 0.9125766871165644 0.253125 0.08466257668711656
2 0.5890625 0.9340490797546013 0.026250000000000002 0.03865030674846626
2 0.78046875 0.911042944785276 0.020624999999999998 0.09447852760736196
3 0.68359375 0.848159509202454 0.253125 0.2392638036809816
4 0.5953125 0.848159509202454 0.041249999999999995 0.2791411042944785
4 0.7515625 0.848159509202454 0.09 0.2705521472392638
5 0.68359375 0.7576687116564417 0.253125 0.456441717791411
0 0.68359375 0.6303680981595092 0.253125 0.7392638036809815
