1 0.22734375 0.7819025522041764 0.18187499999999998 0.2839907192575406
2 0.2671875 0.6786542923433875 0.08625 0.04222737819025522
2 0.1859375 0.87122969837587 0.08249999999999999 0.08120649651972157
3 0.22734375 0.7157772621809745 0.18187499999999998 0.44269141531322503
4 0.2625 0.6125290023201856 0.0975 0.2273781902552204
4 0.1859375 0.7645011600928074 0.08249999999999999 0.3800464037122969
5 0.21171875 0.6624129930394431 0.21937500000000001 0.5707656612529002
0 0.21171875 0.5232018561484919 0.21937500000000001 0.9048723897911833
1 0.72890625 0.7900232018561485 0.193125 0.2923433874709977
2 0.76953125 0.6832946635730859 0.09562499999999999 0.04222737819025522
2 0.68828125 0.8816705336426914 0.09562499999999999 0.08445475638051043
3 0.72890625 0.7192575406032483 0.193125 0.4621809744779582
4 0.76484375 0.6125290023201856 0.10687499999999998 0.24037122969837585
4 0.68828125 0.7737819025522041 0.09562499999999999 0.3865429234338747
5 0.721875 0.6647331786542924 0.21000000000000002 0.5930394431554524
0 0.721875 0.5324825986078886 0.21000000000000002 0.9104408352668213
