1 0.52109375 0.7207112970711297 0.088125 0.017573221757322177
2 0.48984375 0.7186192468619247 0.013125000000000001 0.014644351464435146
2 0.55390625 0.7217573221757322 0.009375 0.017573221757322174
3 0.51640625 0.6725941422594143 0.09937499999999999 0.1330543933054393
4 0.48515625 0.6715481171548117 0.024375 0.14644351464435146
4 0.55234375 0.6725941422594143 0.013125000000000001 0.15523012552301252
5 0.51640625 0.6725941422594143 0.09937499999999999 0.1330543933054393
0 0.51484375 0.604602510460251 0.103125 0.29623430962343095
1 0.61875 0.7395397489539749 0.08249999999999999 0.012552301255230125
2 0.59375 0.7395397489539749 0.0225 0.014644351464435146
2 0.646875 0.7416317991631799 0.015 0.008786610878661087
3 0.61875 0.6903765690376569 0.08249999999999999 0.1305439330543933
4 0.59375 0.6914225941422594 0.0225 0.14937238493723848
4 0.646875 0.6903765690376569 0.015 0.15230125523012553
5 0.61875 0.6903765690376569 0.08249999999999999 0.1305439330543933
0 0.61875 0.6213389121338913 0.08249999999999999 0.29623430962343095
1 0.40390625 0.7437238493723849 0.121875 0.022594142259414224
2 0.35703125 0.7489539748953975 0.009375 0.011715481171548116
2 0.44296875 0.7437238493723849 0.028125 0.026359832635983262
3 0.40390625 0.696652719665272 0.121875 0.13556485355648534
4 0.35703125 0.7039748953974896 0.009375 0.13765690376569037
4 0.44296875 0.696652719665272 0.028125 0.15815899581589957
5 0.40390625 0.696652719665272 0.121875 0.13556485355648534
0 0.39765625 0.6192468619246861 0.140625 0.3213389121338912
