1 0.8691588785046729 0.51640625 0.13457943925233642 0.05437499999999999
2 0.8983644859813084 0.5109375 0.06448598130841121 0.039375
2 0.8317757009345794 0.51640625 0.044859813084112146 0.0634375
3 0.8691588785046729 0.46875 0.13457943925233642 0.16875
4 0.8983644859813084 0.46328125 0.06448598130841121 0.17281249999999998
4 0.8352803738317757 0.46875 0.05327102803738318 0.19687499999999997
5 0.8855140186915887 0.4109375 0.17383177570093455 0.3075
0 0.8925233644859814 0.30234375 0.21495327102803738 0.568125
1 0.4929906542056075 0.93203125 0.308411214953271 0.09562499999999999
2 0.5841121495327103 0.92890625 0.08971962616822429 0.1028125
2 0.4217289719626168 0.95078125 0.13738317757009344 0.0590625
3 0.4929906542056075 0.86015625 0.308411214953271 0.268125
4 0.5841121495327103 0.859375 0.08971962616822429 0.28125
4 0.4217289719626168 0.86015625 0.13738317757009344 0.2796875
5 0.4929906542056075 0.74921875 0.308411214953271 0.5015625
0 0.5397196261682243 0.5796875 0.4205607476635514 0.840625
