1 0.08705882352941176 0.7515625 0.17411764705882352 0.045
2 0.04 0.75625 0.08 0.039375
2 0.1423529411764706 0.74453125 0.07058823529411765 0.0328125
3 0.08705882352941176 0.68984375 0.17411764705882352 0.193125
4 0.04 0.6921875 0.08 0.21875
4 0.1423529411764706 0.6828125 0.07058823529411765 0.205625
5 0.08705882352941176 0.61796875 0.17411764705882352 0.365625
0 0.11529411764705882 0.48828125 0.23058823529411765 0.676875
1 0.2211764705882353 0.64453125 0.1411764705882353 0.065625
2 0.18352941176470589 0.63828125 0.0508235294117647 0.0590625
2 0.24705882352941178 0.66015625 0.07905882352941176 0.0328125
3 0.2211764705882353 0.60390625 0.1411764705882353 0.163125
4 0.1988235294117647 0.59765625 0.08752941176470587 0.17281249999999998
4 0.24705882352941178 0.61015625 0.07905882352941176 0.17281249999999998
5 0.2211764705882353 0.5640625 0.1411764705882353 0.25875
0 0.24588235294117647 0.5140625 0.20047058823529412 0.37875
