1 0.41015625 0.585480093676815 0.10687499999999998 0.06744730679156909
2 0.375 0.5667447306791569 0.0225 0.02622950819672131
2 0.44921875 0.607728337236534 0.013125000000000001 0.01639344262295082
3 0.41015625 0.5515222482435597 0.10687499999999998 0.14894613583138172
4 0.38046875 0.5327868852459017 0.035625000000000004 0.12131147540983606
4 0.44921875 0.5655737704918032 0.013125000000000001 0.13442622950819672
5 0.41171875 0.5128805620608899 0.110625 0.24168618266978922
0 0.41484375 0.4519906323185012 0.193125 0.3878220140515222
1 0.5453125 0.5655737704918032 0.10874999999999999 0.0702576112412178
2 0.5125 0.544496487119438 0.03 0.022950819672131147
2 0.58125 0.5889929742388759 0.0225 0.01639344262295082
3 0.5453125 0.5292740046838408 0.10874999999999999 0.15737704918032788
4 0.5125 0.5081967213114754 0.03 0.12459016393442622
4 0.58125 0.5491803278688525 0.0225 0.12786885245901639
5 0.5453125 0.4918032786885246 0.10874999999999999 0.24730679156908664
0 0.5453125 0.41451990632318503 0.10874999999999999 0.4327868852459016
1 0.659375 0.544496487119438 0.0375 0.04215456674473068
2 0.6453125 0.5304449648711944 0.00375 0.009836065573770491
2 0.671875 0.5585480093676815 0.0075 0.009836065573770491
3 0.653125 0.5011709601873536 0.052500000000000005 0.14613583138173303
4 0.6390625 0.48711943793911006 0.01875 0.13114754098360656
4 0.6609375 0.5199063231850117 0.033749999999999995 0.1180327868852459
5 0.6546875 0.477751756440281 0.05625 0.20234192037470725
0 0.640625 0.3957845433255269 0.10124999999999999 0.3990632318501171
1 0.9046875 0.6112412177985949 0.08249999999999999 0.02810304449648712
2 0.9234375 0.6135831381733021 0.0375 0.02622950819672131
2 0.87734375 0.6088992974238876 0.016874999999999998 0.02622950819672131
3 0.9078125 0.5807962529274004 0.09 0.10117096018735362
4 0.9265625 0.5807962529274004 0.045 0.1180327868852459
4 0.89375 0.585480093676815 0.05625 0.09180327868852459
5 0.9078125 0.5620608899297423 0.09 0.14613583138173303
0 0.90703125 0.5128805620608899 0.091875 0.2641686182669789
1 0.14140625 0.6463700234192038 0.10687499999999998 0.011241217798594848
2 0.1046875 0.6451990632318502 0.01875 0.009836065573770491
2 0.175 0.6475409836065574 0.026250000000000002 0.009836065573770491
3 0.14140625 0.6030444964871194 0.10687499999999998 0.11522248243559718
4 0.10625 0.6018735362997658 0.0225 0.13114754098360656
4 0.17109375 0.6065573770491803 0.035625000000000004 0.12459016393442622
5 0.14140625 0.5585480093676815 0.10687499999999998 0.22201405152224823
0 0.1640625 0.5105386416861827 0.16125 0.3372365339578454
1 0.7234375 0.5163934426229508 0.08249999999999999 0.12646370023419204
2 0.74453125 0.47423887587822017 0.031875 0.029508196721311476
2 0.69921875 0.5550351288056206 0.024375 0.039344262295081964
3 0.7234375 0.48243559718969553 0.08249999999999999 0.2079625292740047
4 0.74453125 0.44028103044496486 0.031875 0.12459016393442622
4 0.70234375 0.5163934426229508 0.031875 0.14754098360655735
5 0.72578125 0.4718969555035129 0.088125 0.2332552693208431
0 0.7328125 0.39227166276346603 0.16125 0.42435597189695545
1 0.27734375 0.5831381733021077 0.103125 0.12365339578454332
2 0.27265625 0.5866510538641686 0.091875 0.06229508196721311
2 0.2859375 0.5831381733021077 0.08249999999999999 0.1442622950819672
3 0.27734375 0.5585480093676815 0.103125 0.18266978922716628
4 0.27265625 0.5667447306791569 0.091875 0.1180327868852459
4 0.28125 0.5585480093676815 0.09375 0.21311475409836064
5 0.27734375 0.5281030444964872 0.103125 0.25573770491803277
0 0.290625 0.4613583138173302 0.13499999999999998 0.4159250585480094
