1 0.8640625 0.8177083333333334 0.05625 0.042499999999999996
2 0.8828125 0.8145833333333333 0.01125 0.040833333333333326
2 0.84609375 0.81875 0.013125000000000001 0.04666666666666666
3 0.8671875 0.7802083333333333 0.06375 0.13249999999999998
4 0.8859375 0.7791666666666667 0.01875 0.13999999999999999
4 0.85 0.7802083333333333 0.0225 0.15458333333333332
5 0.86953125 0.7375 0.06937499999999999 0.235
0 0.88671875 0.6447916666666667 0.159375 0.45749999999999996
1 0.24375 0.8864583333333333 0.033749999999999995 0.0175
2 0.23203125 0.8864583333333333 0.005625 0.020416666666666663
2 0.25625 0.8875 0.00375 0.0
3 0.24375 0.8635416666666667 0.033749999999999995 0.0725
4 0.23203125 0.8645833333333334 0.005625 0.08166666666666665
4 0.25546875 0.8604166666666667 0.005625 0.07583333333333334
5 0.24375 0.8416666666666667 0.033749999999999995 0.125
0 0.24140625 0.7979166666666667 0.050624999999999996 0.22999999999999998
