1 0.6296875 0.7484375 0.375 0.09375
2 0.48671875 0.740625 0.031875 0.0875
2 0.76171875 0.75625 0.058124999999999996 0.0875
3 0.6296875 0.66875 0.375 0.28500000000000003
4 0.52109375 0.6828125 0.114375 0.24937499999999999
4 0.73984375 0.66875 0.110625 0.33249999999999996
5 0.6296875 0.6203125 0.375 0.40125
0 0.6296875 0.46875 0.375 0.7649999999999999
1 0.2265625 0.6375 0.08249999999999999 0.12
2 0.2609375 0.5875 0.0 0.0
2 0.21328125 0.6703125 0.050624999999999996 0.048124999999999994
3 0.25859375 0.628125 0.159375 0.14250000000000002
4 0.29296875 0.578125 0.076875 0.026249999999999996
4 0.24453125 0.6296875 0.125625 0.161875
5 0.25859375 0.56875 0.159375 0.28500000000000003
0 0.29921875 0.465625 0.256875 0.5325
1 0.11875 0.653125 0.12 0.1725
2 0.1578125 0.5921875 0.026250000000000002 0.030624999999999996
2 0.09453125 0.70625 0.061875 0.05249999999999999
3 0.11875 0.5890625 0.12 0.32625
4 0.1578125 0.528125 0.026250000000000002 0.20999999999999996
4 0.103125 0.6203125 0.08249999999999999 0.29312499999999997
5 0.11875 0.55 0.12 0.42000000000000004
0 0.15 0.4734375 0.195 0.60375
