1 0.53984375 0.9576612903225806 0.125625 0.06290322580645161
2 0.5796875 0.9627016129032258 0.03 0.059274193548387095
2 0.51328125 0.9566532258064516 0.061875 0.07056451612903226
3 0.53984375 0.8820564516129032 0.125625 0.23588709677419356
4 0.5796875 0.8830645161290323 0.03 0.23387096774193547
4 0.51328125 0.8810483870967742 0.061875 0.23790322580645162
5 0.53671875 0.7943548387096774 0.133125 0.4112903225806452
0 0.51953125 0.625 0.196875 0.75
1 0.40703125 0.9475806451612904 0.159375 0.06290322580645161
2 0.45390625 0.9334677419354839 0.046875 0.03387096774193548
2 0.3640625 0.9516129032258065 0.05625 0.06209677419354838
3 0.40703125 0.8911290322580645 0.159375 0.19838709677419353
4 0.45390625 0.8770161290322581 0.046875 0.19193548387096773
4 0.36484375 0.8931451612903226 0.058124999999999996 0.21370967741935484
5 0.40703125 0.8487903225806451 0.159375 0.3
0 0.40703125 0.7439516129032258 0.159375 0.5120967741935484
