1 0.0351288056206089 0.71171875 0.05620608899297424 0.009375
2 0.01522248243559719 0.71015625 0.008430913348946136 0.006562499999999999
2 0.04215456674473068 0.71171875 0.03934426229508197 0.0109375
3 0.0351288056206089 0.690625 0.05620608899297424 0.06
4 0.01873536299765808 0.6890625 0.01686182669789227 0.065625
4 0.04215456674473068 0.69140625 0.03934426229508197 0.0678125
5 0.0351288056206089 0.671875 0.05620608899297424 0.10500000000000001
0 0.03981264637002342 0.6375 0.06744730679156909 0.1875
1 0.1592505854800937 0.69765625 0.02810304449648712 0.016874999999999998
2 0.17096018735362997 0.690625 0.0 0.0
2 0.15690866510538642 0.70078125 0.022482435597189696 0.0109375
3 0.16744730679156908 0.68125 0.0477751756440281 0.05625
4 0.1791569086651054 0.67578125 0.019672131147540985 0.041562499999999995
4 0.15690866510538642 0.68125 0.022482435597189696 0.065625
5 0.16744730679156908 0.659375 0.0477751756440281 0.10874999999999999
0 0.16978922716627634 0.61328125 0.053395784543325525 0.21937500000000001
