1 0.48359375 0.7830188679245284 0.103125 0.03962264150943397
2 0.5125 0.7794811320754716 0.033749999999999995 0.029716981132075472
2 0.44765625 0.7830188679245284 0.016874999999999998 0.04622641509433962
3 0.48359375 0.7382075471698113 0.103125 0.1471698113207547
4 0.5125 0.7346698113207547 0.033749999999999995 0.155188679245283
4 0.44921875 0.7382075471698113 0.020624999999999998 0.17169811320754716
5 0.48359375 0.6721698113207547 0.103125 0.30566037735849055
0 0.484375 0.5731132075471698 0.10874999999999999 0.5433962264150943
1 0.66796875 0.7924528301886793 0.09937499999999999 0.05094339622641509
2 0.68984375 0.7912735849056604 0.046875 0.05613207547169811
2 0.63671875 0.7936320754716981 0.024375 0.05613207547169811
3 0.66796875 0.7334905660377359 0.09937499999999999 0.19245283018867923
4 0.68984375 0.7323113207547169 0.046875 0.22122641509433963
4 0.63671875 0.7346698113207547 0.024375 0.22122641509433963
5 0.66796875 0.6674528301886793 0.09937499999999999 0.35094339622641507
0 0.671875 0.5365566037735849 0.10874999999999999 0.6650943396226415
