1 0.1 0.8354166666666667 0.13499999999999998 0.04
2 0.0546875 0.8354166666666667 0.026250000000000002 0.04666666666666666
2 0.153125 0.8354166666666667 0.0075 0.017499999999999998
3 0.10859375 0.7697916666666667 0.15562499999999999 0.19749999999999998
4 0.05625 0.7697916666666667 0.03 0.23041666666666666
4 0.16171875 0.765625 0.028125 0.21291666666666664
5 0.10859375 0.7135416666666666 0.15562499999999999 0.33249999999999996
0 0.12421875 0.5833333333333334 0.193125 0.6449999999999999
1 0.8734375 0.7239583333333334 0.12375 0.0375
2 0.91796875 0.7239583333333334 0.016874999999999998 0.04375
2 0.82578125 0.7208333333333333 0.009375 0.011666666666666665
3 0.86875 0.6697916666666667 0.13499999999999998 0.16749999999999998
4 0.8984375 0.6697916666666667 0.06375 0.19541666666666666
4 0.82109375 0.6677083333333333 0.020624999999999998 0.16041666666666668
5 0.86875 0.625 0.13499999999999998 0.275
0 0.8421875 0.5197916666666667 0.19874999999999998 0.5275
