1 0.821875 0.6416015625 0.29625 0.09140625
2 0.728125 0.6640625 0.07125000000000001 0.04375
2 0.9328125 0.638671875 0.03 0.0984375
3 0.821875 0.58984375 0.29625 0.21562499999999998
4 0.728125 0.58984375 0.07125000000000001 0.25156249999999997
4 0.8796875 0.638671875 0.1575 0.0984375
5 0.821875 0.5751953125 0.29625 0.25078125
0 0.821875 0.453125 0.29625 0.54375
1 0.20703125 0.6796875 0.313125 0.0890625
2 0.09453125 0.6953125 0.043125 0.060156249999999994
2 0.3265625 0.6767578125 0.026250000000000002 0.095703125
3 0.20703125 0.6240234375 0.313125 0.22265625
4 0.0984375 0.6328125 0.052500000000000005 0.23515624999999998
4 0.29765625 0.62109375 0.09562499999999999 0.25156249999999997
5 0.20703125 0.55859375 0.313125 0.3796875
0 0.20703125 0.484375 0.313125 0.5578124999999999
1 0.57578125 0.67578125 0.073125 0.046875
2 0.575 0.681640625 0.07125000000000001 0.038281249999999996
2 0.59296875 0.6640625 0.031875 0.021875
3 0.54140625 0.6181640625 0.15562499999999999 0.18515625
4 0.540625 0.6357421875 0.15375 0.16679687499999998
4 0.55078125 0.6064453125 0.133125 0.183203125
5 0.55234375 0.6181640625 0.18187499999999998 0.18515625
0 0.49140625 0.541015625 0.328125 0.3703125
