1 0.2676056338028169 0.63515625 0.16901408450704225 0.016874999999999998
2 0.22769953051643194 0.6328125 0.07323943661971831 0.013124999999999998
2 0.30164319248826293 0.63828125 0.08732394366197183 0.0109375
3 0.2711267605633803 0.60078125 0.17746478873239435 0.09937499999999999
4 0.2323943661971831 0.6046875 0.08450704225352113 0.091875
4 0.3051643192488263 0.60078125 0.09577464788732394 0.11593749999999999
5 0.2711267605633803 0.56875 0.17746478873239435 0.17625
0 0.3145539906103286 0.52421875 0.28169014084507044 0.28312499999999996
1 0.7147887323943662 0.62734375 0.07042253521126761 0.028125
2 0.7147887323943662 0.6328125 0.07042253521126761 0.017499999999999998
2 0.7065727699530516 0.61640625 0.04507042253521126 0.0021874999999999998
3 0.7124413145539906 0.5953125 0.07605633802816901 0.10500000000000001
4 0.7124413145539906 0.60390625 0.07605633802816901 0.09843749999999998
4 0.7065727699530516 0.584375 0.04507042253521126 0.091875
5 0.7124413145539906 0.5640625 0.07605633802816901 0.18
0 0.6666666666666666 0.50703125 0.18591549295774648 0.31687499999999996
