1 0.7765625 0.892578125 0.16125 0.1359375
2 0.740625 0.9375 0.075 0.032812499999999994
2 0.821875 0.84375 0.052500000000000005 0.021875
3 0.7765625 0.8662109375 0.16125 0.19921875
4 0.74296875 0.8662109375 0.080625 0.23242187499999997
4 0.821875 0.8173828125 0.052500000000000005 0.095703125
5 0.79765625 0.8544921875 0.21187499999999998 0.22734374999999998
0 0.796875 0.7890625 0.21374999999999997 0.38437499999999997
1 0.48203125 0.7041015625 0.301875 0.09609374999999999
2 0.59765625 0.7294921875 0.024375 0.041015625
2 0.3703125 0.6787109375 0.033749999999999995 0.041015625
3 0.48203125 0.6572265625 0.301875 0.20859375
4 0.58515625 0.6728515625 0.05437499999999999 0.19960937499999998
4 0.39765625 0.6318359375 0.09937499999999999 0.17226562499999998
5 0.48203125 0.6171875 0.301875 0.3046875
0 0.48203125 0.533203125 0.301875 0.50625
