1 0.216 0.70578231292517 0.38880000000000003 0.3551020408163265
2 0.366 0.7908163265306123 0.028799999999999996 0.17619047619047618
2 0.07 0.6054421768707483 0.0384 0.13333333333333333
3 0.216 0.5544217687074829 0.38880000000000003 0.7183673469387755
4 0.342 0.6479591836734694 0.08639999999999999 0.5761904761904761
4 0.071 0.45408163265306123 0.040799999999999996 0.557142857142857
5 0.216 0.4812925170068027 0.38880000000000003 0.8938775510204082
0 0.216 0.4812925170068027 0.38880000000000003 0.8938775510204082
1 0.829 0.70578231292517 0.3384 0.3795918367346939
2 0.958 0.8061224489795918 0.028799999999999996 0.16190476190476188
2 0.698 0.5867346938775511 0.024 0.10952380952380951
3 0.829 0.5799319727891157 0.3384 0.6816326530612246
4 0.936 0.6836734693877551 0.08159999999999999 0.5047619047619046
4 0.699 0.4608843537414966 0.0264 0.4619047619047619
5 0.829 0.5510204081632653 0.3384 0.7510204081632652
0 0.829 0.4336734693877551 0.3384 0.8673469387755102
