1 0.475 0.8329694323144105 0.1575 0.07074235807860262
2 0.51015625 0.8198689956331878 0.073125 0.04585152838427948
2 0.44609375 0.8406113537117904 0.088125 0.0611353711790393
3 0.475 0.7248908296943232 0.1575 0.3301310043668122
4 0.51015625 0.7183406113537117 0.073125 0.3301310043668122
4 0.44609375 0.7248908296943232 0.088125 0.38515283842794756
5 0.46796875 0.6233624454148472 0.174375 0.5737991266375546
0 0.50546875 0.5731441048034934 0.26437499999999997 0.6943231441048034
1 0.8015625 0.7958515283842795 0.13499999999999998 0.03406113537117904
2 0.82890625 0.7991266375545851 0.06937499999999999 0.03056768558951965
2 0.76484375 0.7925764192139738 0.046875 0.03056768558951965
3 0.8015625 0.7172489082969432 0.13499999999999998 0.22270742358078602
4 0.82890625 0.7172489082969432 0.06937499999999999 0.259825327510917
4 0.76484375 0.7161572052401747 0.046875 0.2445414847161572
5 0.8015625 0.6517467248908297 0.13499999999999998 0.3799126637554585
0 0.8015625 0.50764192139738 0.13499999999999998 0.725764192139738
