1 0.515625 0.9334112149532711 0.10124999999999999 0.09813084112149532
2 0.48203125 0.9509345794392523 0.020624999999999998 0.05233644859813084
2 0.54453125 0.9334112149532711 0.031875 0.11448598130841121
3 0.5140625 0.8574766355140186 0.10500000000000001 0.2803738317757009
4 0.48046875 0.8679906542056075 0.024375 0.26401869158878505
4 0.54453125 0.8574766355140186 0.031875 0.2850467289719626
5 0.4953125 0.7908878504672897 0.15 0.4182242990654206
0 0.50859375 0.5373831775700935 0.230625 0.9252336448598131
1 0.878125 0.37383177570093457 0.1875 0.028037383177570093
2 0.93671875 0.37616822429906543 0.046875 0.02616822429906542
2 0.825 0.3726635514018692 0.06 0.029439252336448597
3 0.878125 0.2908878504672897 0.1875 0.22710280373831776
4 0.93671875 0.2908878504672897 0.046875 0.26495327102803734
4 0.825 0.29789719626168226 0.06 0.23878504672897194
5 0.878125 0.2885514018691589 0.1875 0.23271028037383176
0 0.87890625 0.21728971962616822 0.189375 0.4037383177570093
