1 0.3203125 0.93125 0.57375 0.125
2 0.1484375 0.93125 0.16125 0.1375
2 0.559375 0.9604166666666667 0.0 0.0
3 0.39609375 0.8177083333333334 0.755625 0.3645833333333333
4 0.24765625 0.93125 0.399375 0.1375
4 0.63515625 0.80625 0.18187499999999998 0.3875
5 0.47109375 0.8229166666666666 0.9356249999999999 0.3541666666666667
0 0.47109375 0.590625 0.9356249999999999 0.81875
1 0.29140625 0.521875 0.028125 0.0125
2 0.3 0.5208333333333334 0.0075 0.005833333333333333
2 0.28671875 0.521875 0.016874999999999998 0.014583333333333334
3 0.296875 0.5041666666666667 0.041249999999999995 0.055
4 0.30546875 0.5020833333333333 0.020624999999999998 0.058333333333333334
4 0.29375 0.5052083333333334 0.033749999999999995 0.06125
5 0.296875 0.484375 0.041249999999999995 0.1025
0 0.31953125 0.484375 0.09562499999999999 0.1025
