1 0.79453125 0.7486979166666666 0.028125 0.053125
2 0.8015625 0.75390625 0.01125 0.04739583333333333
2 0.78828125 0.7447916666666666 0.013125000000000001 0.05104166666666666
3 0.7953125 0.7122395833333334 0.03 0.140625
4 0.80234375 0.71484375 0.013125000000000001 0.15677083333333333
4 0.78828125 0.7083333333333334 0.013125000000000001 0.15312499999999998
5 0.79609375 0.66796875 0.031875 0.24687499999999998
0 0.78828125 0.5911458333333334 0.133125 0.43124999999999997
1 0.71015625 0.76171875 0.031875 0.028124999999999997
2 0.71796875 0.7578125 0.013125000000000001 0.021874999999999995
2 0.70390625 0.7630208333333334 0.016874999999999998 0.029166666666666664
3 0.7140625 0.7200520833333334 0.041249999999999995 0.128125
4 0.721875 0.7161458333333334 0.0225 0.13854166666666665
4 0.70390625 0.7213541666666666 0.016874999999999998 0.14583333333333334
5 0.7171875 0.6875 0.04875 0.20625000000000002
0 0.74453125 0.59375 0.151875 0.43124999999999997
