1 0.71484375 0.540625 0.046875 0.06375
2 0.72734375 0.5296875 0.016874999999999998 0.04375
2 0.7015625 0.5546875 0.015 0.034999999999999996
3 0.7 0.51640625 0.08249999999999999 0.121875
4 0.7109375 0.50546875 0.05625 0.11156249999999998
4 0.68671875 0.521875 0.050624999999999996 0.126875
5 0.684375 0.48203125 0.12 0.20437499999999997
0 0.6578125 0.41875 0.18375 0.35625
1 0.8328125 0.55 0.045 0.06
2 0.81875 0.53984375 0.01125 0.041562499999999995
2 0.8453125 0.5609375 0.015 0.039375
3 0.79140625 0.52578125 0.14437499999999998 0.118125
4 0.77734375 0.515625 0.110625 0.109375
4 0.80625 0.5375 0.10874999999999999 0.10499999999999998
5 0.79140625 0.4921875 0.14437499999999998 0.19874999999999998
0 0.759375 0.43125 0.22125 0.345
1 0.2734375 0.48125 0.20249999999999999 0.07875
2 0.35390625 0.46640625 0.009375 0.050312499999999996
2 0.2046875 0.509375 0.0375 0.013124999999999998
3 0.2734375 0.4765625 0.20249999999999999 0.09
4 0.32109375 0.4625 0.088125 0.06124999999999999
4 0.2078125 0.4765625 0.045 0.10499999999999998
5 0.2734375 0.44375 0.20249999999999999 0.16875
0 0.2734375 0.41015625 0.20249999999999999 0.24937499999999999
