1 0.40234375 0.8683602771362586 0.166875 0.09422632794457274
2 0.36953125 0.8775981524249422 0.088125 0.08406466512702078
2 0.440625 0.8625866050808314 0.075 0.09376443418013855
3 0.40234375 0.7829099307159353 0.166875 0.29930715935334873
4 0.36953125 0.7829099307159353 0.088125 0.34919168591224015
4 0.43828125 0.7852193995381063 0.080625 0.310392609699769
5 0.40234375 0.6720554272517321 0.166875 0.5653579676674364
0 0.34453125 0.5265588914549654 0.305625 0.9145496535796767
1 0.88984375 0.8637413394919169 0.151875 0.08868360277136259
2 0.859375 0.8764434180138568 0.07875 0.06789838337182448
2 0.925 0.8602771362586605 0.06749999999999999 0.09376443418013855
3 0.88984375 0.76905311778291 0.151875 0.3159353348729792
4 0.859375 0.76905311778291 0.07875 0.3685912240184757
4 0.92421875 0.7759815242494227 0.06937499999999999 0.3297921478060046
5 0.88984375 0.6882217090069284 0.151875 0.5099307159353348
0 0.83125 0.5196304849884527 0.2925 0.9145496535796767
