1 0.5254582484725051 0.934 0.5963340122199593 0.048
2 0.7291242362525459 0.929 0.10753564154786151 0.042
2 0.28818737270875766 0.951 0.026883910386965377 0.008399999999999998
3 0.5254582484725051 0.843 0.5963340122199593 0.26639999999999997
4 0.7077393075356415 0.838 0.15885947046843177 0.29679999999999995
4 0.33095723014256617 0.848 0.12953156822810588 0.29679999999999995
5 0.5254582484725051 0.755 0.5963340122199593 0.47759999999999997
0 0.5254582484725051 0.581 0.5963340122199593 0.838
1 0.8421588594704684 0.604 0.18818737270875763 0.014399999999999998
2 0.7963340122199593 0.605 0.07820773930753563 0.014
2 0.8808553971486762 0.603 0.09531568228105906 0.014
3 0.8421588594704684 0.538 0.18818737270875763 0.17279999999999998
4 0.7963340122199593 0.541 0.07820773930753563 0.19319999999999998
4 0.8808553971486762 0.537 0.09531568228105906 0.19879999999999998
5 0.8421588594704684 0.489 0.18818737270875763 0.2904
0 0.8421588594704684 0.381 0.18818737270875763 0.5496
