1 0.70625 0.6791569086651054 0.10124999999999999 0.05058548009367681
2 0.68203125 0.689695550351288 0.043125 0.029508196721311476
2 0.7328125 0.6662763466042154 0.0375 0.022950819672131147
3 0.70625 0.6334894613583139 0.10124999999999999 0.16018735362997655
4 0.68203125 0.6334894613583139 0.043125 0.18688524590163932
4 0.72734375 0.6217798594847775 0.050624999999999996 0.14754098360655735
5 0.70625 0.5807962529274004 0.10124999999999999 0.2866510538641686
0 0.68515625 0.5163934426229508 0.151875 0.4412177985948478
1 0.03984375 0.8067915690866511 0.065625 0.03653395784543326
2 0.0296875 0.8044496487119438 0.041249999999999995 0.0360655737704918
2 0.053125 0.8114754098360656 0.033749999999999995 0.029508196721311476
3 0.05625 0.8126463700234192 0.10500000000000001 0.05058548009367681
4 0.05625 0.8126463700234192 0.10500000000000001 0.05901639344262295
5 0.0875 0.8126463700234192 0.175 0.05058548009367681
0 0.1328125 0.7740046838407494 0.265625 0.1433255269320843
