1 0.4734375 0.4262295081967213 0.21374999999999997 0.05620608899297424
2 0.55390625 0.4203747072599532 0.020624999999999998 0.04918032786885246
2 0.40234375 0.4297423887587822 0.043125 0.05573770491803278
3 0.4734375 0.3747072599531616 0.21374999999999997 0.17985948477751756
4 0.55390625 0.36885245901639346 0.020624999999999998 0.19344262295081965
4 0.4140625 0.37822014051522246 0.07125000000000001 0.19999999999999998
5 0.4734375 0.36533957845433257 0.21374999999999997 0.20234192037470725
0 0.515625 0.29508196721311475 0.315 0.37096018735363
1 0.875 0.18149882903981265 0.041249999999999995 0.04215456674473068
2 0.86875 0.18149882903981265 0.026250000000000002 0.04918032786885246
2 0.8796875 0.18266978922716628 0.03 0.03278688524590164
3 0.87890625 0.15807962529274006 0.050624999999999996 0.09836065573770492
4 0.87890625 0.15807962529274006 0.050624999999999996 0.11475409836065574
4 0.8796875 0.1557377049180328 0.03 0.1081967213114754
5 0.87890625 0.12177985948477751 0.050624999999999996 0.185480093676815
0 0.88203125 0.10304449648711944 0.088125 0.20608899297423888
1 0.740625 0.17330210772833723 0.0375 0.022482435597189696
2 0.74921875 0.17330210772833723 0.016874999999999998 0.02622950819672131
2 0.73125 0.17330210772833723 0.015 0.019672131147540982
3 0.740625 0.148711943793911 0.0375 0.08149882903981263
4 0.74921875 0.148711943793911 0.016874999999999998 0.09508196721311474
4 0.73125 0.14988290398126464 0.015 0.08524590163934426
5 0.740625 0.12412177985948478 0.0375 0.1405152224824356
0 0.74453125 0.09133489461358314 0.050624999999999996 0.18266978922716628
