1 0.3609375 0.76875 0.1125 0.2475
2 0.334375 0.7296875 0.04875 0.179375
2 0.39140625 0.834375 0.039375 0.10499999999999998
3 0.36328125 0.7109375 0.118125 0.38625
4 0.36328125 0.721875 0.118125 0.20124999999999998
4 0.39140625 0.7109375 0.039375 0.45062499999999994
5 0.36640625 0.63125 0.125625 0.5774999999999999
0 0.36015625 0.5359375 0.22312499999999996 0.80625
1 0.853125 0.78125 0.11624999999999999 0.24
2 0.82265625 0.740625 0.043125 0.16624999999999998
2 0.88515625 0.865625 0.039375 0.04375
3 0.853125 0.7140625 0.11624999999999999 0.40125
4 0.85 0.7265625 0.10874999999999999 0.205625
4 0.88515625 0.7140625 0.039375 0.46812499999999996
5 0.85703125 0.640625 0.125625 0.5774999999999999
0 0.84609375 0.5421875 0.230625 0.81375
