1 0.3559718969555035 0.9125 0.24730679156908664 0.09375
2 0.4063231850117096 0.88359375 0.12646370023419204 0.028437499999999998
2 0.31030444964871196 0.93203125 0.13770491803278687 0.0546875
3 0.3559718969555035 0.83984375 0.24730679156908664 0.268125
4 0.4063231850117096 0.8109375 0.12646370023419204 0.23187499999999997
4 0.31030444964871196 0.859375 0.13770491803278687 0.258125
5 0.3559718969555035 0.79296875 0.24730679156908664 0.380625
0 0.3583138173302108 0.684375 0.2529274004683841 0.63125
1 0.617096018735363 0.4859375 0.07587822014051522 0.01125
2 0.6440281030444965 0.48671875 0.011241217798594848 0.0109375
2 0.5925058548009368 0.48515625 0.01686182669789227 0.0109375
3 0.617096018735363 0.47109375 0.07587822014051522 0.046875
4 0.6416861826697893 0.47109375 0.01686182669789227 0.0546875
4 0.5925058548009368 0.47109375 0.01686182669789227 0.050312499999999996
5 0.617096018735363 0.45234375 0.07587822014051522 0.091875
0 0.6135831381733021 0.41953125 0.08430913348946135 0.170625
