1 0.371875 0.568075117370892 0.0375 0.028169014084507043
2 0.38046875 0.5692488262910798 0.016874999999999998 0.029577464788732393
2 0.36171875 0.5669014084507042 0.013125000000000001 0.029577464788732393
3 0.371875 0.539906103286385 0.0375 0.09577464788732394
4 0.38046875 0.5446009389671361 0.016874999999999998 0.09859154929577464
4 0.36171875 0.5387323943661971 0.013125000000000001 0.10845070422535211
5 0.371875 0.5199530516431925 0.0375 0.14366197183098592
0 0.371875 0.4671361502347418 0.045 0.2704225352112676
1 0.52578125 0.6091549295774648 0.024375 0.036619718309859155
2 0.5203125 0.6091549295774648 0.01125 0.04272300469483568
2 0.53203125 0.6115023474178404 0.009375 0.03615023474178403
3 0.52578125 0.5927230046948356 0.024375 0.07605633802816901
4 0.5203125 0.5950704225352113 0.01125 0.08215962441314555
4 0.53203125 0.5927230046948356 0.009375 0.08873239436619718
5 0.52578125 0.568075117370892 0.024375 0.1352112676056338
0 0.5296875 0.5093896713615024 0.033749999999999995 0.276056338028169
