1 0.458 0.8613333333333333 0.1104 0.10239999999999999
2 0.494 0.836 0.024 0.04853333333333333
2 0.435 0.8853333333333333 0.0552 0.05226666666666666
3 0.458 0.8026666666666666 0.1104 0.2432
4 0.494 0.7773333333333333 0.024 0.2128
4 0.435 0.8133333333333334 0.0552 0.25386666666666663
5 0.458 0.736 0.1104 0.40319999999999995
0 0.475 0.6013333333333334 0.1512 0.7263999999999999
1 0.664 0.836 0.1104 0.11839999999999999
2 0.697 0.8106666666666666 0.0312 0.0672
2 0.636 0.8653333333333333 0.043199999999999995 0.056
3 0.664 0.792 0.1104 0.224
4 0.697 0.7693333333333333 0.0312 0.1829333333333333
4 0.636 0.792 0.043199999999999995 0.2613333333333333
5 0.664 0.7373333333333333 0.1104 0.35519999999999996
0 0.674 0.588 0.2016 0.7135999999999999
