1 0.59375 0.5525525525525525 0.015 0.08648648648648648
2 0.59375 0.5705705705705706 0.015 0.05045045045045044
2 0.5875 0.5165165165165165 0.0 0.0
3 0.59140625 0.5135135135135135 0.024375 0.18018018018018017
4 0.59453125 0.5195195195195195 0.016874999999999998 0.19339339339339337
4 0.584375 0.4774774774774775 0.0075 0.10930930930930931
5 0.590625 0.4624624624624625 0.041249999999999995 0.3027027027027027
0 0.5890625 0.36486486486486486 0.09 0.5369369369369369
1 0.66875 0.7882882882882883 0.033749999999999995 0.09009009009009009
2 0.671875 0.8063063063063063 0.026250000000000002 0.054654654654654654
2 0.6671875 0.7777777777777778 0.03 0.07567567567567568
3 0.65859375 0.7672672672672672 0.058124999999999996 0.14054054054054052
4 0.671875 0.7717717717717718 0.026250000000000002 0.15135135135135136
4 0.65703125 0.7567567567567568 0.05437499999999999 0.13453453453453454
5 0.65859375 0.7162162162162162 0.058124999999999996 0.26306306306306304
0 0.63125 0.6291291291291291 0.12375 0.472072072072072
1 0.4828125 0.8318318318318318 0.0975 0.14414414414414414
2 0.45625 0.8828828828828829 0.033749999999999995 0.02522522522522522
2 0.5171875 0.8033033033033034 0.015 0.08828828828828829
3 0.4828125 0.8213213213213213 0.0975 0.16936936936936936
4 0.45625 0.8288288288288288 0.033749999999999995 0.17657657657657658
4 0.4953125 0.7927927927927928 0.06749999999999999 0.1177177177177177
5 0.4828125 0.7462462462462462 0.0975 0.34954954954954953
0 0.47734375 0.6576576576576577 0.110625 0.5621621621621621
1 0.796875 0.8033033033033034 0.045 0.09009009009009009
2 0.80859375 0.7912912912912913 0.016874999999999998 0.03783783783783784
2 0.78515625 0.8033033033033034 0.016874999999999998 0.10510510510510511
3 0.79921875 0.7432432432432432 0.050624999999999996 0.23423423423423423
4 0.80703125 0.7252252252252253 0.020624999999999998 0.22282282282282279
4 0.79921875 0.7492492492492493 0.050624999999999996 0.2564564564564564
5 0.79921875 0.7012012012012012 0.050624999999999996 0.3351351351351351
0 0.80859375 0.5855855855855856 0.110625 0.6126126126126126
