1 0.41796875 0.6859375 0.343125 0.06
2 0.309375 0.6796875 0.08249999999999999 0.05249999999999999
2 0.55 0.6953125 0.026250000000000002 0.04375
3 0.41796875 0.646875 0.343125 0.15375
4 0.32109375 0.640625 0.110625 0.161875
4 0.52890625 0.65234375 0.076875 0.1640625
5 0.41796875 0.60234375 0.343125 0.260625
0 0.41875 0.5421875 0.345 0.40499999999999997
1 0.71953125 0.77109375 0.118125 0.031875
2 0.72890625 0.759375 0.09562499999999999 0.0043749999999999995
2 0.71796875 0.771875 0.114375 0.034999999999999996
3 0.7203125 0.72265625 0.12 0.148125
4 0.72890625 0.7109375 0.09562499999999999 0.13999999999999999
4 0.7203125 0.7234375 0.12 0.17062499999999997
5 0.7203125 0.66171875 0.12 0.294375
0 0.7671875 0.54140625 0.23249999999999998 0.583125
