1 0.2125 0.7197916666666667 0.03 0.0125
2 0.20625 0.7197916666666667 0.015 0.014583333333333334
2 0.22109375 0.7208333333333333 0.009375 0.005833333333333333
3 0.21328125 0.7072916666666667 0.031875 0.042499999999999996
4 0.20625 0.7072916666666667 0.015 0.049583333333333326
4 0.221875 0.70625 0.01125 0.04666666666666666
5 0.2140625 0.6895833333333333 0.033749999999999995 0.08499999999999999
0 0.2296875 0.6666666666666666 0.07125000000000001 0.14
1 0.190625 0.775 0.03 0.01
2 0.17890625 0.7729166666666667 0.001875 0.005833333333333333
2 0.20078125 0.7770833333333333 0.005625 0.005833333333333333
3 0.190625 0.7510416666666667 0.03 0.06749999999999999
4 0.17890625 0.7489583333333333 0.001875 0.07291666666666667
4 0.19765625 0.7541666666666667 0.013125000000000001 0.06999999999999999
5 0.1890625 0.734375 0.033749999999999995 0.1075
0 0.1859375 0.6989583333333333 0.10124999999999999 0.19249999999999998
