1 0.295 0.8668639053254438 0.1128 0.08520710059171596
2 0.315 0.878698224852071 0.0648 0.06627218934911243
2 0.275 0.8550295857988166 0.0648 0.06627218934911243
3 0.295 0.8002958579881657 0.1128 0.24497041420118343
4 0.315 0.8002958579881657 0.0648 0.28579881656804734
4 0.275 0.7914201183431953 0.0648 0.24437869822485206
5 0.321 0.7840236686390533 0.1752 0.28402366863905326
0 0.324 0.7100591715976331 0.1824 0.46153846153846156
1 0.406 0.36538461538461536 0.1008 0.06035502958579881
2 0.377 0.3609467455621302 0.0312 0.057988165680473366
2 0.432 0.3742603550295858 0.0384 0.04556213017751479
3 0.412 0.31952662721893493 0.11519999999999998 0.17041420118343192
4 0.379 0.3150887573964497 0.036 0.18639053254437868
4 0.438 0.33875739644970415 0.0528 0.14497041420118342
5 0.412 0.28994082840236685 0.11519999999999998 0.24142011834319524
0 0.448 0.26627218934911245 0.23039999999999997 0.2982248520710059
