1 0.222 0.6510574018126888 0.048 0.20664652567975828
2 0.213 0.7190332326283988 0.0264 0.050755287009063434
2 0.228 0.5845921450151057 0.033600000000000005 0.05498489425981873
3 0.24 0.6314199395770392 0.0912 0.2537764350453172
4 0.213 0.6706948640483383 0.0264 0.1861027190332326
4 0.246 0.5649546827794562 0.0768 0.10996978851963746
5 0.236 0.6163141993957704 0.1008 0.29003021148036257
0 0.229 0.5362537764350453 0.1176 0.4821752265861027
1 0.41 0.46827794561933533 0.024 0.1015105740181269
2 0.403 0.5060422960725075 0.007199999999999999 0.012688821752265858
2 0.417 0.44108761329305135 0.007199999999999999 0.04229607250755287
3 0.42 0.46827794561933533 0.048 0.1015105740181269
4 0.403 0.48338368580060426 0.007199999999999999 0.07613293051359517
4 0.427 0.44108761329305135 0.0312 0.04229607250755287
5 0.42 0.45317220543806647 0.048 0.1377643504531722
0 0.416 0.41842900302114805 0.05759999999999999 0.22114803625377644
1 0.612 0.6132930513595166 0.072 0.021752265861027187
2 0.628 0.6072507552870091 0.033600000000000005 0.008459214501510574
2 0.591 0.6178247734138973 0.021599999999999998 0.012688821752265858
3 0.612 0.5725075528700906 0.072 0.11963746223564956
4 0.628 0.5740181268882175 0.033600000000000005 0.10151057401812687
4 0.594 0.5725075528700906 0.028799999999999996 0.13957703927492446
5 0.612 0.5392749244712991 0.072 0.19939577039274925
0 0.59 0.4637462235649547 0.1248 0.3806646525679758
1 0.769 0.648036253776435 0.156 0.01812688821752266
2 0.72 0.6465256797583081 0.0384 0.016918429003021148
2 0.819 0.649546827794562 0.036 0.016918429003021148
3 0.766 0.6042296072507553 0.16319999999999998 0.12326283987915407
4 0.717 0.6087613293051359 0.0456 0.1226586102719033
4 0.819 0.6042296072507553 0.036 0.14380664652567973
5 0.766 0.6042296072507553 0.16319999999999998 0.12326283987915407
0 0.766 0.552870090634441 0.16319999999999998 0.24652567975830814
