1 0.1359375 0.8278688524590164 0.04875 0.04215456674473068
2 0.1203125 0.8384074941451991 0.01125 0.013114754098360656
2 0.14921875 0.8278688524590164 0.016874999999999998 0.04918032786885246
3 0.1375 0.7833723653395784 0.052500000000000005 0.14894613583138172
4 0.121875 0.7833723653395784 0.015 0.16721311475409834
4 0.15078125 0.7833723653395784 0.020624999999999998 0.17377049180327866
5 0.1375 0.7447306791569087 0.052500000000000005 0.24168618266978922
0 0.15234375 0.6405152224824356 0.110625 0.4918032786885246
1 0.6390625 0.8266978922716628 0.1725 0.02810304449648712
2 0.69453125 0.8266978922716628 0.039375 0.03278688524590164
2 0.5859375 0.8231850117096019 0.045 0.022950819672131147
3 0.6390625 0.7728337236533958 0.1725 0.15737704918032788
4 0.69453125 0.7763466042154566 0.039375 0.17377049180327866
4 0.59140625 0.7693208430913349 0.058124999999999996 0.17377049180327866
5 0.6390625 0.7353629976580797 0.1725 0.24730679156908664
0 0.6390625 0.6346604215456675 0.1725 0.48899297423887583
1 0.76328125 0.7084309133489461 0.121875 0.13770491803278687
2 0.715625 0.752927400468384 0.0075 0.0360655737704918
2 0.8 0.6756440281030445 0.033749999999999995 0.06885245901639343
3 0.7625 0.702576112412178 0.12375 0.15175644028103044
4 0.71484375 0.702576112412178 0.009375 0.17704918032786884
4 0.778125 0.6744730679156908 0.08625 0.0721311475409836
5 0.7625 0.6545667447306791 0.12375 0.26697892271662765
0 0.76171875 0.5714285714285714 0.125625 0.4665105386416862
1 0.77890625 0.7412177985948478 0.043125 0.0927400468384075
2 0.79140625 0.7177985948477752 0.013125000000000001 0.04262295081967213
2 0.778125 0.7728337236533958 0.041249999999999995 0.019672131147540982
3 0.76328125 0.7213114754098361 0.080625 0.1405152224824356
4 0.76328125 0.6978922716627635 0.080625 0.09836065573770492
4 0.77421875 0.7259953161592506 0.050624999999999996 0.15081967213114753
5 0.76328125 0.6791569086651054 0.080625 0.24168618266978922
0 0.76328125 0.5925058548009368 0.080625 0.4496487119437939
1 0.3359375 0.7611241217798594 0.033749999999999995 0.05058548009367681
2 0.34609375 0.7716627634660421 0.009375 0.029508196721311476
2 0.3265625 0.7552693208430913 0.01125 0.04262295081967213
3 0.3359375 0.7201405152224825 0.033749999999999995 0.14894613583138172
4 0.34609375 0.7201405152224825 0.009375 0.17377049180327866
4 0.3265625 0.7213114754098361 0.01125 0.13770491803278687
5 0.32890625 0.6768149882903981 0.050624999999999996 0.2529274004683841
0 0.3234375 0.5819672131147541 0.09375 0.4805620608899297
