1 0.578 0.8880597014925373 0.1008 0.19701492537313434
2 0.555 0.9537313432835821 0.0456 0.045970149253731336
2 0.613 0.835820895522388 0.016800000000000002 0.08358208955223881
3 0.578 0.8746268656716418 0.1008 0.22925373134328358
4 0.556 0.8746268656716418 0.048 0.2507462686567164
4 0.586 0.8283582089552238 0.08159999999999999 0.1044776119402985
5 0.578 0.8283582089552238 0.1008 0.3402985074626866
0 0.573 0.7313432835820896 0.156 0.5373134328358209
1 0.241 0.5388059701492537 0.06 0.01791044776119403
2 0.263 0.5417910447761194 0.007199999999999999 0.012537313432835819
2 0.222 0.5373134328358209 0.014399999999999998 0.01671641791044776
3 0.243 0.5 0.0648 0.11104477611940297
4 0.265 0.5029850746268657 0.012 0.12119402985074625
4 0.227 0.49850746268656715 0.0264 0.1253731343283582
5 0.245 0.4701492537313433 0.0696 0.18268656716417908
0 0.262 0.4208955223880597 0.1104 0.30089552238805967
