1 0.2359375 0.8583333333333333 0.07125000000000001 0.035
2 0.2515625 0.8520833333333333 0.033749999999999995 0.02333333333333333
2 0.21328125 0.8614583333333333 0.016874999999999998 0.03208333333333333
3 0.2359375 0.809375 0.07125000000000001 0.1525
4 0.2515625 0.803125 0.033749999999999995 0.16041666666666668
4 0.21328125 0.8135416666666667 0.016874999999999998 0.16624999999999998
5 0.2359375 0.7375 0.07125000000000001 0.325
0 0.2203125 0.6416666666666667 0.12 0.5549999999999999
1 0.7046875 0.8364583333333333 0.1125 0.0475
2 0.7421875 0.840625 0.0225 0.04375
2 0.67734375 0.8239583333333333 0.046875 0.020416666666666663
3 0.7046875 0.7927083333333333 0.1125 0.1525
4 0.73828125 0.7927083333333333 0.031875 0.17791666666666664
4 0.67734375 0.7802083333333333 0.046875 0.14291666666666666
5 0.7046875 0.7364583333333333 0.1125 0.2875
0 0.6953125 0.6208333333333333 0.13874999999999998 0.565
