1 0.61328125 0.7473460721868365 0.189375 0.035668789808917196
2 0.68046875 0.7420382165605095 0.028125 0.014861995753715499
2 0.5484375 0.7473460721868365 0.033749999999999995 0.041613588110403395
3 0.61328125 0.6985138004246284 0.189375 0.15286624203821655
4 0.678125 0.6910828025477707 0.033749999999999995 0.15753715498938425
4 0.5484375 0.7070063694267515 0.033749999999999995 0.15456475583864118
5 0.61328125 0.6613588110403397 0.189375 0.24203821656050956
0 0.61328125 0.5700636942675159 0.189375 0.4611464968152866
1 0.39609375 0.7399150743099787 0.200625 0.05350318471337579
2 0.4671875 0.7346072186836518 0.03 0.04755838641188959
2 0.32109375 0.7452229299363057 0.020624999999999998 0.04755838641188959
3 0.39609375 0.6857749469214437 0.200625 0.18343949044585986
4 0.4640625 0.6804670912951167 0.0375 0.19915074309978767
4 0.32265625 0.6910828025477707 0.024375 0.19915074309978767
5 0.39609375 0.6571125265392781 0.200625 0.2522292993630573
0 0.39609375 0.5732484076433121 0.200625 0.4535031847133758
