1 0.41484375 0.5372960372960373 0.125625 0.05314685314685315
2 0.44296875 0.5407925407925408 0.058124999999999996 0.052214452214452214
2 0.37890625 0.5303030303030303 0.039375 0.04242424242424242
3 0.41484375 0.47435897435897434 0.125625 0.2041958041958042
4 0.44296875 0.47435897435897434 0.058124999999999996 0.2382284382284382
4 0.37890625 0.46736596736596736 0.039375 0.21864801864801864
5 0.41484375 0.41025641025641024 0.125625 0.35804195804195804
0 0.4421875 0.3414918414918415 0.19124999999999998 0.5230769230769231
1 0.65546875 0.31002331002331 0.028125 0.022377622377622378
2 0.665625 0.31002331002331 0.00375 0.026107226107226107
2 0.6453125 0.31002331002331 0.00375 0.026107226107226107
3 0.65546875 0.28088578088578087 0.028125 0.09230769230769231
4 0.665625 0.28321678321678323 0.00375 0.10116550116550116
4 0.6453125 0.28088578088578087 0.00375 0.10769230769230768
5 0.65546875 0.25524475524475526 0.028125 0.15384615384615385
0 0.6625 0.20279720279720279 0.07125000000000001 0.27972027972027974
