1 0.6145833333333334 0.87421875 0.255 0.065625
2 0.6895833333333333 0.87421875 0.075 0.0765625
2 0.5354166666666667 0.87421875 0.065 0.0765625
3 0.6145833333333334 0.8234375 0.255 0.1875
4 0.6895833333333333 0.8234375 0.075 0.21875
4 0.540625 0.83125 0.07749999999999999 0.19687499999999997
5 0.6145833333333334 0.7671875 0.255 0.3225
0 0.6197916666666666 0.64453125 0.27749999999999997 0.6168750000000001
1 0.33541666666666664 0.94765625 0.26 0.09937499999999999
2 0.2677083333333333 0.92421875 0.09749999999999999 0.050312499999999996
2 0.396875 0.975 0.1125 0.039375
3 0.33541666666666664 0.903125 0.26 0.19375
4 0.2864583333333333 0.8796875 0.1425 0.175
4 0.396875 0.90546875 0.1125 0.1890625
5 0.33541666666666664 0.85234375 0.26 0.2953125
0 0.34791666666666665 0.69453125 0.29 0.6109375
