1 0.23282442748091603 0.88828125 0.16946564885496182 0.076875
2 0.2929389312977099 0.878125 0.025190839694656488 0.06124999999999999
2 0.18416030534351144 0.89296875 0.05267175572519084 0.0765625
3 0.23282442748091603 0.85625 0.16946564885496182 0.15375
4 0.2814885496183206 0.84609375 0.05267175572519084 0.1509375
4 0.18416030534351144 0.85625 0.05267175572519084 0.179375
5 0.23282442748091603 0.80703125 0.16946564885496182 0.271875
0 0.2318702290076336 0.671875 0.24045801526717558 0.59625
1 0.7051526717557252 0.86015625 0.16259541984732825 0.114375
2 0.7519083969465649 0.85390625 0.050381679389312976 0.11593749999999999
2 0.6708015267175572 0.8890625 0.08015267175572519 0.05249999999999999
3 0.7051526717557252 0.83359375 0.16259541984732825 0.178125
4 0.7099236641221374 0.8375 0.15114503816793895 0.161875
4 0.6708015267175572 0.83359375 0.08015267175572519 0.2078125
5 0.7051526717557252 0.771875 0.16259541984732825 0.32625
0 0.6889312977099237 0.6453125 0.28396946564885495 0.63
1 0.4685114503816794 0.909375 0.1946564885496183 0.11624999999999999
2 0.5343511450381679 0.9234375 0.0366412213740458 0.09624999999999999
2 0.43225190839694655 0.89140625 0.10763358778625953 0.08531249999999999
3 0.4685114503816794 0.81953125 0.1946564885496183 0.33187500000000003
4 0.5343511450381679 0.82734375 0.0366412213740458 0.3453125
4 0.43225190839694655 0.8015625 0.10763358778625953 0.336875
5 0.47041984732824427 0.74921875 0.19923664122137402 0.500625
0 0.5248091603053435 0.57734375 0.3847328244274809 0.8453125
