1 0.43203125 0.8117647058823529 0.09937499999999999 0.03952941176470588
2 0.46484375 0.8152941176470588 0.020624999999999998 0.03623529411764705
2 0.4015625 0.8117647058823529 0.026250000000000002 0.04611764705882353
3 0.43203125 0.7411764705882353 0.09937499999999999 0.20894117647058824
4 0.46484375 0.7411764705882353 0.020624999999999998 0.24376470588235294
4 0.4015625 0.7411764705882353 0.026250000000000002 0.24376470588235294
5 0.43203125 0.6576470588235294 0.09937499999999999 0.40941176470588236
0 0.43046875 0.5611764705882353 0.163125 0.6409411764705882
1 0.62421875 0.4717647058823529 0.080625 0.02541176470588235
2 0.65390625 0.4764705882352941 0.009375 0.01647058823529412
2 0.5953125 0.46941176470588236 0.01125 0.023058823529411764
3 0.62421875 0.4505882352941176 0.080625 0.07623529411764705
4 0.65390625 0.4505882352941176 0.009375 0.08894117647058823
4 0.60390625 0.44823529411764707 0.031875 0.08235294117647059
5 0.62421875 0.4223529411764706 0.080625 0.144
0 0.63671875 0.3835294117647059 0.110625 0.2371764705882353
