1 0.60703125 0.8960612691466083 0.020624999999999998 0.028884026258205686
2 0.615625 0.8840262582056893 0.0 0.0
2 0.60078125 0.9026258205689278 0.005625 0.015317286652078774
3 0.63046875 0.8271334792122538 0.076875 0.19431072210065645
4 0.6390625 0.8183807439824945 0.05625 0.1838074398249453
4 0.6125 0.8271334792122538 0.033749999999999995 0.22669584245076585
5 0.62890625 0.7560175054704595 0.080625 0.36498905908096274
0 0.6671875 0.6258205689277899 0.1725 0.6774617067833697
1 0.51484375 0.7964989059080962 0.133125 0.01050328227571116
2 0.559375 0.7964989059080962 0.026250000000000002 0.012253829321663018
2 0.46015625 0.7954048140043763 0.001875 0.0030634573304157546
3 0.51484375 0.737417943107221 0.133125 0.15229759299781181
4 0.55 0.7396061269146609 0.04875 0.17155361050328224
4 0.4671875 0.7352297592997812 0.01875 0.17155361050328224
5 0.51484375 0.688183807439825 0.133125 0.27045951859956235
0 0.5078125 0.5929978118161926 0.15 0.4989059080962801
