1 0.314 0.6839430894308943 0.0768 0.09024390243902439
2 0.322 0.6951219512195121 0.05759999999999999 0.039837398373983736
2 0.299 0.6839430894308943 0.040799999999999996 0.10528455284552846
3 0.318 0.6443089430894309 0.08639999999999999 0.18536585365853658
4 0.322 0.6422764227642277 0.05759999999999999 0.18780487804878046
4 0.318 0.6443089430894309 0.08639999999999999 0.216260162601626
5 0.305 0.5833333333333334 0.1176 0.3317073170731707
0 0.341 0.49085365853658536 0.204 0.5536585365853658
1 0.089 0.45934959349593496 0.1128 0.03414634146341464
2 0.05 0.4684959349593496 0.0192 0.014227642276422764
2 0.127 0.45121951219512196 0.021599999999999998 0.017073170731707315
3 0.089 0.44613821138211385 0.1128 0.06585365853658537
4 0.05 0.4481707317073171 0.0192 0.07113821138211382
4 0.118 0.4380081300813008 0.043199999999999995 0.0540650406504065
5 0.089 0.42378048780487804 0.1128 0.11951219512195121
0 0.089 0.3861788617886179 0.1128 0.2097560975609756
