1 0.771875 0.775175644028103 0.22875 0.01686182669789227
2 0.7 0.7775175644028103 0.05625 0.013114754098360656
2 0.85 0.7728337236533958 0.041249999999999995 0.013114754098360656
3 0.771875 0.7037470725995316 0.22875 0.18829039812646367
4 0.70625 0.7037470725995316 0.07125000000000001 0.21967213114754097
4 0.84375 0.7154566744730679 0.05625 0.17377049180327866
5 0.771875 0.6323185011709602 0.22875 0.35971896955503513
0 0.771875 0.5515222482435597 0.22875 0.5536299765807962
1 0.03125 0.5585480093676815 0.033749999999999995 0.025292740046838406
2 0.03671875 0.5573770491803278 0.020624999999999998 0.02622950819672131
2 0.02734375 0.5620608899297423 0.024375 0.019672131147540982
3 0.03125 0.5281030444964872 0.033749999999999995 0.09836065573770492
4 0.0359375 0.5269320843091335 0.0225 0.11147540983606556
4 0.02734375 0.5292740046838408 0.024375 0.11147540983606556
5 0.02734375 0.49414519906323184 0.043125 0.17985948477751756
0 0.0375 0.47540983606557374 0.06749999999999999 0.22482435597189696
