1 0.4707112970711297 0.81953125 0.2209205020920502 0.035625000000000004
2 0.5125523012552301 0.821875 0.12050209205020919 0.021875
2 0.4246861924686193 0.81953125 0.1104602510460251 0.041562499999999995
3 0.4707112970711297 0.759375 0.2209205020920502 0.18
4 0.5125523012552301 0.75703125 0.12050209205020919 0.2034375
4 0.4246861924686193 0.76171875 0.1104602510460251 0.2034375
5 0.4707112970711297 0.70703125 0.2209205020920502 0.305625
0 0.4675732217573222 0.55390625 0.2284518828451883 0.673125
1 0.3002092050209205 0.33125 0.06276150627615062 0.015
2 0.3138075313807531 0.3328125 0.030125523012552297 0.013124999999999998
2 0.2897489539748954 0.33046875 0.03765690376569038 0.015312499999999998
3 0.3002092050209205 0.3125 0.06276150627615062 0.06
4 0.3138075313807531 0.3140625 0.030125523012552297 0.065625
4 0.2897489539748954 0.31171875 0.03765690376569038 0.0678125
5 0.3002092050209205 0.29609375 0.06276150627615062 0.09937499999999999
0 0.3002092050209205 0.23515625 0.06276150627615062 0.24562499999999998
