1 0.546875 0.8512880562060889 0.15 0.14894613583138172
2 0.51953125 0.8559718969555035 0.084375 0.160655737704918
2 0.5875 0.832552693208431 0.052500000000000005 0.12131147540983606
3 0.54296875 0.7564402810304449 0.159375 0.37658079625292734
4 0.515625 0.7599531615925058 0.09375 0.4295081967213114
4 0.56875 0.7377049180327869 0.0975 0.3868852459016393
5 0.575 0.7564402810304449 0.23625 0.37658079625292734
0 0.58046875 0.6065573770491803 0.43687499999999996 0.7362997658079625
1 0.48203125 0.4882903981264637 0.151875 0.04215456674473068
2 0.52890625 0.4918032786885246 0.039375 0.039344262295081964
2 0.44765625 0.477751756440281 0.06937499999999999 0.019672131147540982
3 0.48203125 0.4098360655737705 0.151875 0.23044496487119437
4 0.52890625 0.4168618266978923 0.039375 0.24918032786885244
4 0.4484375 0.3992974238875878 0.07125000000000001 0.23934426229508193
5 0.48203125 0.33489461358313816 0.151875 0.41030444964871193
0 0.48203125 0.2962529274004684 0.151875 0.5030444964871194
1 0.215625 0.4309133489461358 0.14250000000000002 0.05620608899297424
2 0.25859375 0.43676814988290397 0.039375 0.04918032786885246
2 0.190625 0.4203747072599532 0.08249999999999999 0.0360655737704918
3 0.215625 0.34543325526932084 0.14250000000000002 0.2613583138173302
4 0.25859375 0.351288056206089 0.039375 0.2885245901639344
4 0.190625 0.33489461358313816 0.08249999999999999 0.27540983606557373
5 0.215625 0.265807962529274 0.14250000000000002 0.4524590163934426
0 0.221875 0.2306791569086651 0.1575 0.4613583138173302
