1 0.1984375 0.6814254859611231 0.32999999999999996 0.27732181425485963
2 0.27109375 0.7678185745140389 0.15562499999999999 0.0816414686825054
2 0.08359375 0.6533477321814255 0.05437499999999999 0.24492440604751617
3 0.1984375 0.6490280777537797 0.32999999999999996 0.35507559395248384
4 0.27109375 0.6490280777537797 0.15562499999999999 0.41425485961123104
4 0.19609375 0.642548596112311 0.32437499999999997 0.2751619870410367
5 0.1984375 0.5032397408207343 0.32999999999999996 0.7049676025917926
0 0.2796875 0.42332613390928725 0.525 0.8466522678185745
1 0.74140625 0.9146868250539957 0.421875 0.14773218142548594
2 0.63046875 0.9146868250539957 0.15562499999999999 0.17062634989200864
2 0.8984375 0.9535637149028078 0.045 0.05140388768898488
3 0.7359375 0.7386609071274298 0.43499999999999994 0.5226781857451404
4 0.625 0.7386609071274298 0.16875 0.5226781857451404
4 0.83046875 0.7818574514038877 0.20812499999999998 0.43628509719222464
5 0.7359375 0.5863930885529157 0.43499999999999994 0.8272138228941684
0 0.7359375 0.5291576673866091 0.43499999999999994 0.9416846652267818
