1 0.377 0.7948717948717948 0.0504 0.26666666666666666
2 0.371 0.6858974358974359 0.036 0.0059829059829059825
2 0.378 0.8824786324786325 0.048 0.0658119658119658
3 0.389 0.7264957264957265 0.0792 0.43076923076923074
4 0.386 0.6175213675213675 0.072 0.19743589743589743
4 0.39 0.7970085470085471 0.0768 0.3051282051282051
5 0.404 0.6923076923076923 0.11519999999999998 0.5128205128205128
0 0.5 0.49786324786324787 0.34559999999999996 0.9794871794871794
1 0.131 0.6282051282051282 0.0456 0.11282051282051281
2 0.124 0.6538461538461539 0.028799999999999996 0.05982905982905983
2 0.133 0.6025641025641025 0.040799999999999996 0.05982905982905983
3 0.121 0.5854700854700855 0.0696 0.21538461538461537
4 0.124 0.5854700854700855 0.028799999999999996 0.2512820512820513
4 0.121 0.5683760683760684 0.0696 0.15555555555555556
5 0.121 0.5170940170940171 0.0696 0.37948717948717947
0 0.115 0.3974358974358974 0.1128 0.6666666666666666
