1 0.381 0.910958904109589 0.156 0.07123287671232877
2 0.331 0.9166666666666666 0.036 0.06712328767123288
2 0.426 0.908675799086758 0.048 0.07671232876712328
3 0.381 0.8447488584474886 0.156 0.23013698630136986
4 0.333 0.8447488584474886 0.040799999999999996 0.2684931506849315
4 0.394 0.8710045662100456 0.1248 0.1821917808219178
5 0.381 0.8116438356164384 0.156 0.3095890410958904
0 0.311 0.7226027397260274 0.324 0.5232876712328767
1 0.752 0.8767123287671232 0.1488 0.15342465753424658
2 0.709 0.9372146118721462 0.0456 0.00958904109589041
2 0.788 0.839041095890411 0.0624 0.0735159817351598
3 0.752 0.8721461187214612 0.1488 0.1643835616438356
4 0.709 0.8721461187214612 0.0456 0.1917808219178082
4 0.761 0.839041095890411 0.12719999999999998 0.0735159817351598
5 0.752 0.8059360730593608 0.1488 0.3232876712328767
0 0.746 0.7054794520547946 0.2112 0.5643835616438356
