1 0.3671875 0.8401015228426396 0.08249999999999999 0.030456852791878174
2 0.34375 0.8439086294416244 0.026250000000000002 0.024873096446700504
2 0.39375 0.8401015228426396 0.01875 0.03553299492385787
3 0.3671875 0.7753807106598984 0.08249999999999999 0.18578680203045686
4 0.34375 0.7753807106598984 0.026250000000000002 0.21675126903553296
4 0.39375 0.7829949238578681 0.01875 0.19543147208121828
5 0.36796875 0.7068527918781726 0.084375 0.350253807106599
0 0.40546875 0.5774111675126904 0.174375 0.6609137055837563
1 0.15546875 0.7144670050761421 0.065625 0.05786802030456853
2 0.17265625 0.7220812182741116 0.024375 0.04619289340101523
2 0.14296875 0.7093908629441624 0.035625000000000004 0.0532994923857868
3 0.15859375 0.6675126903553299 0.073125 0.17055837563451778
4 0.17578125 0.6725888324873096 0.031875 0.1847715736040609
4 0.14296875 0.6624365482233503 0.035625000000000004 0.1847715736040609
5 0.16953125 0.6154822335025381 0.09937499999999999 0.2954314720812182
0 0.2 0.5076142131979695 0.1725 0.5543147208121828
1 0.59921875 0.7538071065989848 0.039375 0.11573604060913706
2 0.60390625 0.7931472081218274 0.028125 0.024873096446700504
2 0.58828125 0.7208121827411168 0.013125000000000001 0.04263959390862943
3 0.5953125 0.7347715736040609 0.04875 0.1614213197969543
4 0.60390625 0.7360406091370558 0.028125 0.1847715736040609
4 0.584375 0.7017766497461929 0.0225 0.09593908629441623
5 0.596875 0.6738578680203046 0.052500000000000005 0.3076142131979695
0 0.59453125 0.5596446700507615 0.136875 0.581725888324873
1 0.875 0.6015228426395939 0.075 0.06091370558375635
2 0.8875 0.616751269035533 0.045 0.02842639593908629
2 0.8578125 0.5913705583756346 0.033749999999999995 0.04263959390862943
3 0.875 0.5431472081218274 0.075 0.20101522842639594
4 0.8875 0.5609137055837563 0.045 0.1847715736040609
4 0.8578125 0.5329949238578681 0.033749999999999995 0.20609137055837562
5 0.875 0.5139593908629442 0.075 0.27106598984771574
0 0.875 0.4137055837563452 0.075 0.5116751269035533
