1 0.49921875 0.7885416666666667 0.189375 0.09749999999999999
2 0.53984375 0.8041666666666667 0.091875 0.06999999999999999
2 0.4296875 0.75625 0.0225 0.02333333333333333
3 0.44609375 0.7177083333333333 0.31687499999999996 0.2675
4 0.5046875 0.71875 0.17625 0.30916666666666665
4 0.3765625 0.6854166666666667 0.15 0.22166666666666665
5 0.44609375 0.6479166666666667 0.31687499999999996 0.43499999999999994
0 0.41015625 0.5135416666666667 0.403125 0.7575
1 0.89140625 0.109375 0.043125 0.0375
2 0.896875 0.11875 0.03 0.017499999999999998
2 0.88359375 0.10729166666666666 0.024375 0.03791666666666667
3 0.8859375 0.07395833333333333 0.05625 0.1225
4 0.896875 0.075 0.03 0.13999999999999999
4 0.878125 0.071875 0.0375 0.13708333333333333
0 0.8859375 0.07395833333333333 0.05625 0.1225
