1 0.6072916666666667 0.734375 0.2125 0.0975
2 0.6708333333333333 0.72734375 0.05999999999999999 0.0940625
2 0.540625 0.740625 0.0525 0.09624999999999999
3 0.6072916666666667 0.69609375 0.2125 0.189375
4 0.6708333333333333 0.6890625 0.05999999999999999 0.20124999999999998
4 0.540625 0.69765625 0.0525 0.2165625
5 0.6072916666666667 0.640625 0.2125 0.3225
0 0.63125 0.50546875 0.26999999999999996 0.646875
1 0.39791666666666664 0.790625 0.215 0.08625
2 0.44895833333333335 0.77421875 0.0925 0.0546875
2 0.35104166666666664 0.8046875 0.1025 0.06124999999999999
3 0.39791666666666664 0.721875 0.215 0.25125
4 0.44895833333333335 0.70546875 0.0925 0.24718749999999998
4 0.35104166666666664 0.73359375 0.1025 0.2603125
5 0.39791666666666664 0.65234375 0.215 0.41812499999999997
0 0.39791666666666664 0.48984375 0.33499999999999996 0.8081249999999999
