1 0.4453125 0.7103718199608611 0.16499999999999998 0.075146771037182
2 0.4921875 0.700587084148728 0.052500000000000005 0.06027397260273972
2 0.39453125 0.7181996086105675 0.043125 0.06575342465753424
3 0.4453125 0.6418786692759295 0.16499999999999998 0.2395303326810176
4 0.484375 0.6438356164383562 0.07125000000000001 0.2191780821917808
4 0.39453125 0.6418786692759295 0.043125 0.2794520547945205
5 0.4453125 0.5714285714285714 0.16499999999999998 0.40861056751467706
0 0.428125 0.4315068493150685 0.23249999999999998 0.7444227005870842
1 0.5953125 0.7397260273972602 0.13874999999999998 0.11272015655577299
2 0.58359375 0.761252446183953 0.110625 0.07123287671232877
2 0.6171875 0.7201565557729941 0.08625 0.07671232876712328
3 0.5953125 0.6829745596868885 0.13874999999999998 0.24892367906066534
4 0.58359375 0.6908023483365949 0.110625 0.26849315068493146
4 0.6171875 0.6634050880626223 0.08625 0.23561643835616436
5 0.6203125 0.5949119373776908 0.19874999999999998 0.4602739726027397
0 0.6421875 0.4070450097847358 0.315 0.8140900195694716
