1 0.26062091503267976 0.7516339869281046 0.1392156862745098 0.07058823529411765
2 0.25 0.7516339869281046 0.11372549019607842 0.08235294117647059
2 0.31862745098039214 0.7320261437908496 0.0 0.0
3 0.29330065359477125 0.6895424836601307 0.2176470588235294 0.2196078431372549
4 0.27941176470588236 0.6985294117647058 0.18431372549019606 0.23104575163398688
4 0.35130718954248363 0.6650326797385621 0.0784313725490196 0.18758169934640523
5 0.33986928104575165 0.6895424836601307 0.32941176470588235 0.2196078431372549
0 0.4027777777777778 0.6462418300653595 0.4803921568627451 0.3509803921568627
1 0.7745098039215687 0.4305555555555556 0.10588235294117647 0.013725490196078431
2 0.7908496732026143 0.42892156862745096 0.06666666666666667 0.011437908496732025
2 0.7303921568627451 0.4338235294117647 0.0 0.006862745098039215
3 0.7745098039215687 0.38562091503267976 0.10588235294117647 0.12156862745098038
4 0.7908496732026143 0.3839869281045752 0.06666666666666667 0.13725490196078433
4 0.7532679738562091 0.38562091503267976 0.054901960784313725 0.14183006535947712
5 0.7745098039215687 0.33986928104575165 0.10588235294117647 0.23137254901960783
0 0.8022875816993464 0.28022875816993464 0.17254901960784313 0.37450980392156863
