1 0.64375 0.8181818181818182 0.0225 0.028458498023715414
2 0.63984375 0.8201581027667985 0.013125000000000001 0.02766798418972332
2 0.65078125 0.8122529644268774 0.005625 0.01660079051383399
3 0.6453125 0.7855731225296443 0.026250000000000002 0.1067193675889328
4 0.63984375 0.7855731225296443 0.013125000000000001 0.12450592885375493
4 0.65234375 0.7796442687747036 0.009375 0.10790513833992094
5 0.64375 0.758893280632411 0.03 0.17075098814229248
0 0.63671875 0.7223320158102767 0.065625 0.25849802371541497
1 0.259375 0.8221343873517787 0.08249999999999999 0.028458498023715414
2 0.2890625 0.8162055335968379 0.01125 0.01660079051383399
2 0.2296875 0.8270750988142292 0.01125 0.019367588932806323
3 0.259375 0.7875494071146245 0.08249999999999999 0.11146245059288537
4 0.28359375 0.7816205533596838 0.024375 0.11343873517786561
4 0.23125 0.7895256916996047 0.015 0.12450592885375493
5 0.259375 0.7569169960474308 0.08249999999999999 0.18498023715415018
0 0.26875 0.7065217391304348 0.1125 0.30592885375494067
1 0.57890625 0.7549407114624506 0.028125 0.028458498023715414
2 0.5859375 0.7519762845849802 0.01125 0.024901185770750987
2 0.5734375 0.7598814229249012 0.015 0.019367588932806323
3 0.57890625 0.741106719367589 0.028125 0.0616600790513834
4 0.5859375 0.7381422924901185 0.01125 0.06363636363636363
4 0.5734375 0.741106719367589 0.015 0.07193675889328063
5 0.57890625 0.7124505928853755 0.028125 0.13043478260869565
0 0.58125 0.6571146245059288 0.041249999999999995 0.26324110671936757
