1 0.60390625 0.5831381733021077 0.114375 0.06744730679156909
2 0.63203125 0.5702576112412178 0.046875 0.04262295081967213
2 0.5625 0.5925058548009368 0.015 0.05245901639344262
3 0.59921875 0.5187353629976581 0.125625 0.22201405152224823
4 0.6234375 0.5058548009367682 0.06749999999999999 0.22295081967213112
4 0.5578125 0.5257611241217799 0.026250000000000002 0.23934426229508193
5 0.5859375 0.5105386416861827 0.1575 0.24168618266978922
0 0.559375 0.41569086651053866 0.22125 0.4693208430913349
1 0.41171875 0.5925058548009368 0.084375 0.06744730679156909
2 0.43203125 0.5831381733021077 0.035625000000000004 0.05245901639344262
2 0.39296875 0.6112412177985949 0.039375 0.02622950819672131
3 0.43984375 0.563231850117096 0.151875 0.13770491803278687
4 0.46015625 0.5538641686182669 0.103125 0.13442622950819672
4 0.3984375 0.5667447306791569 0.052500000000000005 0.15081967213114753
5 0.43984375 0.5421545667447307 0.151875 0.18829039812646367
0 0.4484375 0.4203747072599532 0.1725 0.4805620608899297
