1 0.59296875 0.8435294117647059 0.234375 0.08188235294117646
2 0.659375 0.8305882352941176 0.075 0.059294117647058824
2 0.51796875 0.8541176470588235 0.05437499999999999 0.06588235294117648
3 0.59296875 0.7670588235294118 0.234375 0.26541176470588235
4 0.659375 0.7705882352941177 0.075 0.2272941176470588
4 0.51796875 0.7670588235294118 0.05437499999999999 0.3096470588235294
5 0.59296875 0.7141176470588235 0.234375 0.39247058823529407
0 0.51875 0.5729411764705883 0.4125 0.7312941176470589
1 0.70390625 0.8752941176470588 0.31687499999999996 0.08470588235294117
2 0.815625 0.8682352941176471 0.04875 0.07905882352941175
2 0.5890625 0.8870588235294118 0.041249999999999995 0.06588235294117648
3 0.70390625 0.7988235294117647 0.31687499999999996 0.26823529411764707
4 0.796875 0.8035294117647059 0.09375 0.26023529411764706
4 0.603125 0.7988235294117647 0.075 0.3129411764705882
5 0.70390625 0.7294117647058823 0.31687499999999996 0.43482352941176466
0 0.659375 0.5447058823529412 0.42374999999999996 0.8781176470588234
