1 0.6296875 0.8212616822429907 0.06749999999999999 0.10934579439252336
2 0.61171875 0.8212616822429907 0.024375 0.1275700934579439
2 0.64140625 0.8376168224299065 0.039375 0.04906542056074766
3 0.6296875 0.7710280373831776 0.06749999999999999 0.22990654205607475
4 0.61171875 0.7710280373831776 0.024375 0.26822429906542056
4 0.64140625 0.7710280373831776 0.039375 0.23551401869158878
5 0.6296875 0.7161214953271028 0.06749999999999999 0.36168224299065416
0 0.64296875 0.6004672897196262 0.09937499999999999 0.639252336448598
1 0.153125 0.8492990654205608 0.075 0.019626168224299065
2 0.1265625 0.8422897196261683 0.01125 0.0032710280373831773
2 0.1609375 0.852803738317757 0.05625 0.01308411214953271
3 0.153125 0.7827102803738317 0.075 0.17943925233644858
4 0.13359375 0.7757009345794392 0.028125 0.18971962616822427
4 0.1609375 0.7827102803738317 0.05625 0.20934579439252335
5 0.153125 0.719626168224299 0.075 0.3308411214953271
0 0.1828125 0.6133177570093458 0.14625 0.5859813084112149
