1 0.32578125 0.8372365339578455 0.121875 0.09836065573770492
2 0.3390625 0.8302107728337237 0.09 0.09508196721311474
2 0.290625 0.8641686182669789 0.0375 0.039344262295081964
3 0.32578125 0.7494145199063232 0.121875 0.3091334894613583
4 0.3390625 0.7892271662763466 0.09 0.2098360655737705
4 0.290625 0.7494145199063232 0.0375 0.36065573770491804
5 0.31875 0.6697892271662763 0.13874999999999998 0.5002341920374707
0 0.30078125 0.5257611241217799 0.361875 0.8459016393442623
1 0.7921875 0.8067915690866511 0.1125 0.12646370023419204
2 0.80546875 0.8337236533957846 0.080625 0.0721311475409836
2 0.76171875 0.7985948477751756 0.039375 0.12459016393442622
3 0.759375 0.7388758782201406 0.19124999999999998 0.2894613583138173
4 0.80234375 0.7505854800936768 0.088125 0.30491803278688523
4 0.72890625 0.7306791569086651 0.118125 0.3147540983606557
5 0.759375 0.6651053864168618 0.19124999999999998 0.4665105386416862
0 0.7359375 0.531615925058548 0.2475 0.7868852459016393
