1 0.20390625 0.871875 0.028125 0.0375
2 0.20078125 0.8604166666666667 0.020624999999999998 0.011666666666666665
2 0.20625 0.8854166666666666 0.0225 0.005833333333333333
3 0.20390625 0.8583333333333333 0.028125 0.07
4 0.20078125 0.846875 0.020624999999999998 0.049583333333333326
4 0.20625 0.8614583333333333 0.0225 0.07291666666666667
5 0.20390625 0.8375 0.028125 0.11999999999999998
0 0.19921875 0.7916666666666666 0.039375 0.22999999999999998
1 0.28984375 0.86875 0.035625000000000004 0.01
2 0.278125 0.8677083333333333 0.0075 0.008749999999999999
2 0.29765625 0.8697916666666666 0.016874999999999998 0.008749999999999999
3 0.28984375 0.8447916666666667 0.035625000000000004 0.06749999999999999
4 0.278125 0.8458333333333333 0.0075 0.06999999999999999
4 0.29765625 0.8447916666666667 0.016874999999999998 0.07875
5 0.28828125 0.8208333333333333 0.039375 0.125
0 0.2828125 0.7916666666666666 0.07125000000000001 0.19499999999999998
1 0.446875 0.8822916666666667 0.0375 0.0225
2 0.43828125 0.8822916666666667 0.016874999999999998 0.02625
2 0.459375 0.8802083333333334 0.0075 0.014583333333333334
3 0.446875 0.8614583333333333 0.0375 0.0725
4 0.44296875 0.8614583333333333 0.028125 0.08458333333333332
4 0.459375 0.8583333333333333 0.0075 0.07583333333333334
5 0.4484375 0.840625 0.041249999999999995 0.1225
0 0.46015625 0.8010416666666667 0.06937499999999999 0.21749999999999997
1 0.5046875 0.89375 0.026250000000000002 0.035
2 0.5140625 0.9041666666666667 0.00375 0.011666666666666665
2 0.4984375 0.8895833333333333 0.01125 0.029166666666666667
3 0.50859375 0.88125 0.035625000000000004 0.065
4 0.5140625 0.8833333333333333 0.00375 0.06999999999999999
4 0.50859375 0.8770833333333333 0.035625000000000004 0.06416666666666666
5 0.509375 0.8572916666666667 0.0375 0.1225
0 0.53359375 0.8114583333333333 0.09562499999999999 0.23249999999999998
