1 0.53984375 0.9543325526932084 0.140625 0.03091334894613583
2 0.49375 0.949648711943794 0.03 0.022950819672131147
2 0.5828125 0.9543325526932084 0.0375 0.0360655737704918
3 0.53984375 0.8840749414519906 0.140625 0.19953161592505855
4 0.496875 0.8793911007025761 0.0375 0.21967213114754097
4 0.58203125 0.8840749414519906 0.039375 0.23185011709601874
5 0.53984375 0.7939110070257611 0.140625 0.41217798594847777
0 0.53046875 0.6592505854800936 0.215625 0.6814988290398126
1 0.36328125 0.9110070257611241 0.05437499999999999 0.03372365339578454
2 0.36875 0.9039812646370023 0.041249999999999995 0.019672131147540982
2 0.3625 0.9180327868852459 0.052500000000000005 0.019672131147540982
3 0.36328125 0.8395784543325527 0.05437499999999999 0.20515222482435597
4 0.36796875 0.8337236533957846 0.043125 0.2163934426229508
4 0.3625 0.8395784543325527 0.052500000000000005 0.23934426229508193
5 0.36328125 0.7681498829039812 0.05437499999999999 0.37658079625292734
0 0.36796875 0.6440281030444965 0.114375 0.6744730679156908
