1 0.21328125 0.9086651053864169 0.050624999999999996 0.005620608899297424
2 0.19609375 0.9086651053864169 0.009375 0.006557377049180328
2 0.2296875 0.9098360655737705 0.01125 0.003278688524590164
3 0.21328125 0.8817330210772834 0.050624999999999996 0.0702576112412178
4 0.19921875 0.8817330210772834 0.016874999999999998 0.08196721311475409
4 0.2296875 0.882903981264637 0.01125 0.07868852459016393
5 0.21328125 0.8489461358313818 0.050624999999999996 0.14894613583138172
0 0.215625 0.797423887587822 0.05625 0.27259953161592504
1 0.5015625 0.9074941451990632 0.026250000000000002 0.019672131147540985
2 0.5015625 0.9074941451990632 0.026250000000000002 0.022950819672131147
2 0.503125 0.9098360655737705 0.0075 0.01639344262295082
3 0.5015625 0.8875878220140515 0.026250000000000002 0.06744730679156909
4 0.5015625 0.8875878220140515 0.026250000000000002 0.07868852459016393
4 0.503125 0.8899297423887588 0.0075 0.0721311475409836
5 0.5015625 0.8559718969555035 0.026250000000000002 0.1433255269320843
0 0.50078125 0.810304449648712 0.028125 0.2529274004683841
1 0.57265625 0.9180327868852459 0.06937499999999999 0.022482435597189696
2 0.5515625 0.9238875878220141 0.01875 0.009836065573770491
2 0.59609375 0.9168618266978923 0.013125000000000001 0.022950819672131147
3 0.57265625 0.8946135831381733 0.06937499999999999 0.07868852459016394
4 0.5515625 0.8969555035128806 0.01875 0.08524590163934426
4 0.59296875 0.8934426229508197 0.020624999999999998 0.08852459016393442
5 0.57265625 0.8641686182669789 0.06937499999999999 0.15175644028103044
0 0.57265625 0.8149882903981265 0.06937499999999999 0.26978922716627635
1 0.63359375 0.927400468384075 0.065625 0.03372365339578454
2 0.65546875 0.927400468384075 0.013125000000000001 0.039344262295081964
2 0.61484375 0.9332552693208431 0.020624999999999998 0.003278688524590164
3 0.63359375 0.9086651053864169 0.065625 0.07868852459016394
4 0.6453125 0.9086651053864169 0.0375 0.09180327868852459
4 0.61484375 0.905152224824356 0.020624999999999998 0.08196721311475409
5 0.63359375 0.8653395784543325 0.065625 0.18266978922716628
0 0.6265625 0.8126463700234192 0.08249999999999999 0.3091334894613583
