1 0.664 0.6693333333333333 0.13440000000000002 0.1088
2 0.683 0.68 0.0888 0.09706666666666666
2 0.616 0.6426666666666667 0.0192 0.05226666666666666
3 0.596 0.7 0.2976 0.18239999999999998
4 0.619 0.7106666666666667 0.24239999999999998 0.1829333333333333
4 0.548 0.6973333333333334 0.1824 0.20533333333333334
5 0.587 0.7 0.3192 0.18239999999999998
0 0.489 0.728 0.5544 0.352
1 0.76 0.5186666666666667 0.08639999999999999 0.4384
2 0.781 0.6613333333333333 0.036 0.112
2 0.737 0.396 0.0312 0.16799999999999998
3 0.753 0.5186666666666667 0.1032 0.4384
4 0.753 0.5866666666666667 0.1032 0.32106666666666667
5 0.651 0.492 0.348 0.5024000000000001
0 0.602 0.5613333333333334 0.46559999999999996 0.6688
