1 0.509367681498829 0.9296875 0.3625292740046838 0.08249999999999999
2 0.5995316159250585 0.92890625 0.14613583138173303 0.0940625
2 0.3770491803278688 0.93046875 0.04496487119437939 0.0940625
3 0.509367681498829 0.8578125 0.3625292740046838 0.255
4 0.5995316159250585 0.86171875 0.14613583138173303 0.2765625
4 0.3770491803278688 0.8578125 0.04496487119437939 0.284375
5 0.509367681498829 0.77421875 0.3625292740046838 0.4515625
0 0.47892271662763464 0.5984375 0.43559718969555034 0.803125
1 0.689695550351288 0.25234375 0.0702576112412178 0.043125
2 0.7014051522248244 0.25234375 0.04215456674473068 0.050312499999999996
2 0.6709601873536299 0.25625 0.025292740046838406 0.021875
3 0.689695550351288 0.24453125 0.0702576112412178 0.061875
4 0.7014051522248244 0.24453125 0.04215456674473068 0.07218749999999999
4 0.6733021077283372 0.2421875 0.03091334894613583 0.06124999999999999
5 0.689695550351288 0.234375 0.0702576112412178 0.08625
0 0.680327868852459 0.21640625 0.0927400468384075 0.129375
1 0.8044496487119438 0.25390625 0.053395784543325525 0.020624999999999998
2 0.8266978922716628 0.2515625 0.0 0.017499999999999998
2 0.7822014051522248 0.2625 0.0 0.0
3 0.8044496487119438 0.24765625 0.053395784543325525 0.035625000000000004
4 0.8079625292740047 0.2453125 0.04496487119437939 0.034999999999999996
4 0.788056206088993 0.24765625 0.01405152224824356 0.041562499999999995
5 0.8044496487119438 0.234375 0.053395784543325525 0.06749999999999999
0 0.8032786885245902 0.21328125 0.05620608899297424 0.118125
