1 0.38028169014084506 0.85078125 0.23661971830985915 0.084375
2 0.4518779342723005 0.86796875 0.0647887323943662 0.050312499999999996
2 0.2992957746478873 0.8390625 0.04225352112676056 0.065625
3 0.3884976525821596 0.778125 0.2563380281690141 0.25875
4 0.460093896713615 0.7875 0.08450704225352113 0.27562499999999995
4 0.318075117370892 0.76640625 0.08732394366197183 0.2690625
5 0.4084507042253521 0.69765625 0.30422535211267604 0.45187499999999997
0 0.5305164319248826 0.571875 0.5971830985915493 0.7537499999999999
1 0.7828638497652582 0.5703125 0.14929577464788732 0.01875
2 0.8427230046948356 0.575 0.005633802816901408 0.008749999999999999
2 0.7417840375586855 0.5671875 0.05070422535211267 0.013124999999999998
3 0.7875586854460094 0.5296875 0.16056338028169012 0.11624999999999999
4 0.8474178403755869 0.534375 0.016901408450704224 0.12249999999999998
4 0.7546948356807511 0.5265625 0.08169014084507041 0.126875
5 0.8063380281690141 0.49765625 0.20563380281690138 0.193125
0 0.812206572769953 0.44453125 0.21971830985915491 0.320625
