1 0.12265625 0.8313817330210773 0.129375 0.12927400468384073
2 0.14296875 0.8360655737704918 0.080625 0.08524590163934426
2 0.0890625 0.8313817330210773 0.04875 0.15081967213114753
3 0.13359375 0.7540983606557377 0.15562499999999999 0.31475409836065577
4 0.14296875 0.7447306791569087 0.080625 0.34098360655737703
4 0.13359375 0.7599531615925058 0.15562499999999999 0.3508196721311475
5 0.1140625 0.6733021077283372 0.20249999999999999 0.5086651053864168
0 0.128125 0.5304449648711944 0.25625 0.8515222482435596
1 0.31328125 0.7646370023419203 0.163125 0.09836065573770492
2 0.371875 0.7903981264637002 0.0225 0.01639344262295082
2 0.271875 0.7646370023419203 0.06375 0.11475409836065574
3 0.31484375 0.6920374707259953 0.166875 0.27259953161592504
4 0.3734375 0.6932084309133489 0.026250000000000002 0.2885245901639344
4 0.3015625 0.6920374707259953 0.13499999999999998 0.3180327868852459
5 0.31484375 0.5971896955503513 0.166875 0.5002341920374707
0 0.32421875 0.4414519906323185 0.189375 0.8740046838407494
1 0.55 0.765807962529274 0.25875 0.11241217798594848
2 0.63203125 0.7868852459016393 0.061875 0.0721311475409836
2 0.4453125 0.7283372365339579 0.0075 0.02622950819672131
3 0.56484375 0.7014051522248244 0.294375 0.26697892271662765
4 0.646875 0.7014051522248244 0.0975 0.3114754098360656
4 0.49375 0.6662763466042154 0.12375 0.19999999999999998
5 0.56484375 0.6206088992974239 0.294375 0.46088992974238874
0 0.56484375 0.46252927400468385 0.294375 0.8402810304449649
1 0.73828125 0.7927400468384075 0.238125 0.19953161592505855
2 0.66484375 0.8524590163934426 0.061875 0.06557377049180328
2 0.8171875 0.7681498829039812 0.04875 0.16393442622950818
3 0.73828125 0.7740046838407494 0.238125 0.24449648711943792
4 0.66484375 0.7950819672131147 0.061875 0.2262295081967213
4 0.759375 0.7494145199063232 0.1875 0.2163934426229508
5 0.73828125 0.6744730679156908 0.238125 0.48337236533957845
0 0.73046875 0.5245901639344263 0.290625 0.8430913348946136
1 0.5140625 0.7400468384074942 0.06749999999999999 0.1405152224824356
2 0.4859375 0.7985948477751756 0.0 0.0
2 0.5296875 0.734192037470726 0.03 0.14754098360655735
3 0.49765625 0.7166276346604216 0.10687499999999998 0.19672131147540983
4 0.48359375 0.7166276346604216 0.005625 0.22950819672131148
4 0.49765625 0.7154566744730679 0.10687499999999998 0.19999999999999998
5 0.490625 0.639344262295082 0.12375 0.3822014051522248
0 0.47265625 0.5152224824355972 0.166875 0.6800936768149882
1 0.8859375 0.8208430913348946 0.15 0.0702576112412178
2 0.9125 0.8278688524590164 0.08625 0.06229508196721311
2 0.8625 0.8126463700234192 0.09375 0.05901639344262295
3 0.8859375 0.7318501170960188 0.15 0.28384074941451987
4 0.9125 0.7412177985948478 0.08625 0.30491803278688523
4 0.8625 0.7236533957845434 0.09375 0.3081967213114754
5 0.8859375 0.6510538641686182 0.15 0.477751756440281
0 0.89921875 0.5081967213114754 0.18187499999999998 0.8206088992974239
