1 0.09375 0.94375 0.1875 0.095
2 0.02265625 0.9447916666666667 0.0453125 0.10791666666666666
2 0.17265625 0.934375 0.028125 0.08458333333333332
3 0.09375 0.8572916666666667 0.1875 0.28541666666666665
4 0.0421875 0.8572916666666667 0.084375 0.28541666666666665
4 0.17265625 0.85 0.028125 0.3
5 0.10078125 0.7479166666666667 0.2015625 0.5041666666666667
0 0.12890625 0.53125 0.2578125 0.9375
1 0.725 0.4 0.0375 0.029999999999999995
2 0.740625 0.4083333333333333 0.0 0.0
2 0.7140625 0.4 0.01125 0.034999999999999996
3 0.7421875 0.40625 0.07875 0.045
4 0.7578125 0.4 0.041249999999999995 0.02333333333333333
4 0.72890625 0.40625 0.046875 0.0525
5 0.7421875 0.39791666666666664 0.07875 0.065
0 0.746875 0.38229166666666664 0.09 0.1025
