1 0.439 0.7226666666666667 0.13679999999999998 0.0768
2 0.486 0.7106666666666667 0.024 0.056
2 0.391 0.7333333333333333 0.021599999999999998 0.05973333333333333
3 0.439 0.6706666666666666 0.13679999999999998 0.20159999999999997
4 0.473 0.6586666666666666 0.0552 0.20159999999999997
4 0.391 0.6746666666666666 0.021599999999999998 0.224
5 0.433 0.608 0.1512 0.352
0 0.388 0.4573333333333333 0.2592 0.7135999999999999
1 0.583 0.7053333333333334 0.0648 0.0544
2 0.596 0.7053333333333334 0.033600000000000005 0.06346666666666666
2 0.564 0.704 0.0192 0.05973333333333333
3 0.582 0.66 0.06720000000000001 0.16319999999999998
4 0.596 0.66 0.033600000000000005 0.19039999999999999
4 0.563 0.66 0.021599999999999998 0.1829333333333333
5 0.577 0.6106666666666667 0.0792 0.28159999999999996
0 0.575 0.476 0.1704 0.6048
