1 0.3050847457627119 0.681 0.2324455205811138 0.036
2 0.387409200968523 0.68 0.03486682808716707 0.0392
2 0.21912832929782083 0.682 0.0261501210653753 0.0392
3 0.3050847457627119 0.644 0.2324455205811138 0.1248
4 0.387409200968523 0.643 0.03486682808716707 0.14279999999999998
4 0.21912832929782083 0.647 0.0261501210653753 0.1372
5 0.3050847457627119 0.644 0.2324455205811138 0.1248
0 0.3050847457627119 0.601 0.2324455205811138 0.228
1 0.5266343825665859 0.335 0.25278450363196125 0.0312
2 0.5351089588377724 0.335 0.2324455205811138 0.0364
2 0.5036319612590799 0.333 0.19757869249394672 0.0196
3 0.5266343825665859 0.378 0.25278450363196125 0.13440000000000002
4 0.513317191283293 0.38 0.22082324455205812 0.1512
5 0.5266343825665859 0.38 0.25278450363196125 0.1392
0 0.5266343825665859 0.511 0.25278450363196125 0.45359999999999995
