1 0.283 0.94 0.19440000000000002 0.0736
2 0.33 0.9586666666666667 0.08159999999999999 0.0336
2 0.236 0.92 0.08159999999999999 0.029866666666666666
3 0.278 0.84 0.2064 0.3136
4 0.33 0.84 0.08159999999999999 0.32
4 0.231 0.824 0.09359999999999999 0.2986666666666667
5 0.296 0.84 0.2496 0.3136
0 0.296 0.692 0.2496 0.616
1 0.826 0.9466666666666667 0.1056 0.064
2 0.87 0.9613333333333334 0.0 0.0336
2 0.811 0.9426666666666667 0.0696 0.06346666666666666
3 0.83 0.8506666666666667 0.11519999999999998 0.2944
4 0.874 0.856 0.0096 0.288
4 0.811 0.8466666666666667 0.0696 0.30666666666666664
5 0.84 0.7373333333333333 0.1392 0.5253333333333333
0 0.822 0.5306666666666666 0.19679999999999997 0.9386666666666666
