1 0.3328125 0.9 0.06749999999999999 0.08499999999999999
2 0.34453125 0.8708333333333333 0.039375 0.017499999999999998
2 0.328125 0.9291666666666667 0.05625 0.017499999999999998
3 0.3328125 0.84375 0.06749999999999999 0.22
4 0.34453125 0.8145833333333333 0.039375 0.175
4 0.328125 0.8572916666666667 0.05625 0.21875
5 0.3328125 0.79375 0.06749999999999999 0.33999999999999997
0 0.340625 0.6802083333333333 0.08625 0.6125
1 0.43828125 0.6583333333333333 0.050624999999999996 0.025
2 0.4484375 0.6552083333333333 0.026250000000000002 0.020416666666666663
2 0.4234375 0.6614583333333334 0.015 0.020416666666666663
3 0.43828125 0.63125 0.050624999999999996 0.09
4 0.4484375 0.628125 0.026250000000000002 0.09624999999999999
4 0.428125 0.63125 0.026250000000000002 0.105
5 0.44140625 0.596875 0.058124999999999996 0.1725
0 0.44453125 0.5354166666666667 0.065625 0.32
1 0.696875 0.6104166666666667 0.041249999999999995 0.014999999999999998
2 0.70078125 0.6083333333333333 0.031875 0.011666666666666665
2 0.68515625 0.6104166666666667 0.013125000000000001 0.017499999999999998
3 0.69765625 0.5791666666666667 0.043125 0.09
4 0.7015625 0.5770833333333333 0.033749999999999995 0.09916666666666665
4 0.68671875 0.5791666666666667 0.016874999999999998 0.105
5 0.70234375 0.546875 0.05437499999999999 0.16749999999999998
0 0.7109375 0.4822916666666667 0.08625 0.32249999999999995
1 0.371875 0.740625 0.01875 0.0325
2 0.371875 0.7489583333333333 0.01875 0.014583333333333334
2 0.37578125 0.7302083333333333 0.009375 0.008749999999999999
3 0.38125 0.734375 0.041249999999999995 0.0475
4 0.38125 0.7489583333333333 0.041249999999999995 0.014583333333333334
4 0.38046875 0.7239583333333334 0.020624999999999998 0.02625
5 0.39453125 0.734375 0.073125 0.0475
0 0.4234375 0.7260416666666667 0.14250000000000002 0.06749999999999999
1 0.2765625 0.7375 0.07875 0.045
2 0.30546875 0.7260416666666667 0.009375 0.020416666666666663
2 0.253125 0.7375 0.0225 0.0525
3 0.278125 0.709375 0.08249999999999999 0.1125
4 0.30703125 0.7 0.013125000000000001 0.09333333333333332
4 0.253125 0.709375 0.0225 0.13124999999999998
5 0.278125 0.6760416666666667 0.08249999999999999 0.19249999999999998
0 0.275 0.596875 0.09 0.3825
1 0.5578125 0.6145833333333334 0.04875 0.025
2 0.57421875 0.6145833333333334 0.009375 0.029166666666666667
2 0.54140625 0.6135416666666667 0.009375 0.020416666666666663
3 0.5578125 0.5916666666666667 0.04875 0.08
4 0.57421875 0.5916666666666667 0.009375 0.09333333333333332
4 0.54296875 0.5895833333333333 0.013125000000000001 0.0875
5 0.5578125 0.5645833333333333 0.04875 0.145
0 0.5484375 0.5104166666666666 0.09375 0.275
