1 0.679814385150812 0.83671875 0.12807424593967517 0.020624999999999998
2 0.6716937354988399 0.83359375 0.10858468677494199 0.015312499999999998
2 0.6879350348027842 0.83671875 0.10858468677494199 0.024062499999999997
3 0.679814385150812 0.80390625 0.12807424593967517 0.09937499999999999
4 0.6716937354988399 0.80078125 0.10858468677494199 0.10718749999999999
4 0.6879350348027842 0.80390625 0.10858468677494199 0.11593749999999999
5 0.679814385150812 0.759375 0.12807424593967517 0.20625
0 0.6740139211136891 0.68515625 0.1419953596287703 0.384375
1 0.3109048723897912 0.82578125 0.07795823665893271 0.024375
2 0.3306264501160093 0.82421875 0.030626450116009278 0.024062499999999997
2 0.3039443155452436 0.8265625 0.061252900232018556 0.026249999999999996
3 0.3109048723897912 0.78984375 0.07795823665893271 0.110625
4 0.3306264501160093 0.78828125 0.030626450116009278 0.12468749999999999
4 0.3039443155452436 0.78984375 0.061252900232018556 0.1290625
5 0.31322505800464034 0.73671875 0.08352668213457076 0.238125
0 0.3213457076566125 0.675 0.10301624129930394 0.38625
