1 0.7609375 0.775175644028103 0.05625 0.03934426229508197
2 0.746875 0.7798594847775175 0.0225 0.03278688524590164
2 0.7734375 0.7740046838407494 0.026250000000000002 0.04262295081967213
3 0.7609375 0.7259953161592506 0.05625 0.15737704918032788
4 0.7484375 0.7259953161592506 0.026250000000000002 0.18360655737704917
4 0.765625 0.7259953161592506 0.045 0.17704918032786884
5 0.759375 0.6615925058548009 0.06 0.311943793911007
0 0.74609375 0.5538641686182669 0.129375 0.5704918032786885
1 0.303125 0.7728337236533958 0.15 0.022482435597189696
2 0.3578125 0.7763466042154566 0.01875 0.01639344262295082
2 0.2578125 0.7716627634660421 0.041249999999999995 0.022950819672131147
3 0.303125 0.7154566744730679 0.15 0.16018735362997655
4 0.3578125 0.7154566744730679 0.01875 0.18688524590163932
4 0.271875 0.7142857142857143 0.075 0.18360655737704917
5 0.303125 0.6545667447306791 0.15 0.3063231850117096
0 0.31328125 0.5398126463700235 0.174375 0.5817330210772833
