1 0.3703125 0.8016431924882629 0.21000000000000002 0.08169014084507041
2 0.32890625 0.7934272300469484 0.110625 0.06572769953051644
2 0.421875 0.8016431924882629 0.08625 0.09530516431924882
3 0.3703125 0.6983568075117371 0.21000000000000002 0.3295774647887324
4 0.32890625 0.6889671361502347 0.110625 0.35821596244131454
4 0.40078125 0.7406103286384976 0.136875 0.2661971830985915
5 0.3703125 0.676056338028169 0.21000000000000002 0.38309859154929576
0 0.3859375 0.6232394366197183 0.375 0.5098591549295775
1 0.8046875 0.8544600938967136 0.26999999999999996 0.06197183098591549
2 0.87734375 0.8591549295774648 0.09562499999999999 0.059154929577464786
2 0.7078125 0.8509389671361502 0.0375 0.06244131455399061
3 0.8046875 0.7183098591549296 0.26999999999999996 0.38873239436619716
4 0.87734375 0.7758215962441315 0.09562499999999999 0.2924882629107981
4 0.7265625 0.7147887323943662 0.08249999999999999 0.44366197183098594
5 0.8046875 0.6795774647887324 0.26999999999999996 0.4816901408450704
0 0.75390625 0.6044600938967136 0.399375 0.6619718309859155
