1 0.61953125 0.7564402810304449 0.118125 0.15737704918032788
2 0.59140625 0.8067915690866511 0.050624999999999996 0.04262295081967213
2 0.65859375 0.724824355971897 0.024375 0.09508196721311474
3 0.61953125 0.7295081967213115 0.118125 0.22201405152224823
4 0.59296875 0.7377049180327869 0.05437499999999999 0.2360655737704918
4 0.653125 0.6978922716627635 0.0375 0.17049180327868851
5 0.61953125 0.6932084309133489 0.118125 0.3091334894613583
0 0.62421875 0.6030444964871194 0.129375 0.5255269320843091
1 0.1859375 0.775175644028103 0.06375 0.03934426229508197
2 0.209375 0.7728337236533958 0.0075 0.039344262295081964
2 0.16640625 0.7833723653395784 0.016874999999999998 0.022950819672131147
3 0.1859375 0.7423887587822015 0.06375 0.1180327868852459
4 0.209375 0.7517564402810304 0.0075 0.09836065573770492
4 0.16640625 0.7423887587822015 0.016874999999999998 0.13770491803278687
5 0.1859375 0.7131147540983607 0.06375 0.18829039812646367
0 0.18828125 0.6510538641686182 0.06937499999999999 0.3372365339578454
