1 0.314 0.8963963963963963 0.1776 0.08288288288288288
2 0.259 0.8738738738738738 0.0456 0.033633633633633635
2 0.35 0.9159159159159159 0.0912 0.042042042042042045
3 0.311 0.8093093093093093 0.1848 0.2918918918918919
4 0.256 0.7867867867867868 0.0528 0.2774774774774775
4 0.334 0.8153153153153153 0.1296 0.3237237237237237
5 0.278 0.7012012012012012 0.264 0.5513513513513514
0 0.308 0.5405405405405406 0.336 0.918918918918919
1 0.611 0.8333333333333334 0.1032 0.10450450450450449
2 0.622 0.8588588588588588 0.0768 0.05045045045045044
2 0.592 0.8108108108108109 0.05759999999999999 0.05885885885885885
3 0.626 0.7402402402402403 0.1392 0.3279279279279279
4 0.637 0.7567567567567568 0.1128 0.33633633633633636
4 0.606 0.7177177177177178 0.0912 0.3195195195195195
5 0.697 0.7117117117117117 0.3096 0.3963963963963964
0 0.697 0.6006006006006006 0.3096 0.6630630630630631
