1 0.303 0.6350974930362117 0.24719999999999998 0.7298050139275766
2 0.292 0.6183844011142061 0.2208 0.7632311977715878
2 0.389 0.9846796657381616 0.040799999999999996 0.019498607242339833
3 0.303 0.6350974930362117 0.24719999999999998 0.7298050139275766
4 0.292 0.6183844011142061 0.2208 0.7632311977715878
4 0.389 0.9220055710306406 0.040799999999999996 0.15598885793871867
5 0.303 0.6350974930362117 0.24719999999999998 0.7298050139275766
0 0.326 0.6350974930362117 0.3024 0.7298050139275766
1 0.669 0.9693593314763231 0.1464 0.033426183844011144
2 0.716 0.9749303621169917 0.033600000000000005 0.023398328690807796
2 0.63 0.9623955431754875 0.0528 0.019498607242339833
3 0.669 0.9066852367688022 0.1464 0.18384401114206128
4 0.714 0.9080779944289693 0.0384 0.18384401114206128
4 0.63 0.8997214484679665 0.0528 0.19498607242339833
5 0.669 0.8370473537604457 0.1464 0.32590529247910865
0 0.65 0.7284122562674095 0.2016 0.5431754874651811
1 0.565 0.9122562674094707 0.09839999999999999 0.08356545961002786
2 0.593 0.9261838440111421 0.0312 0.0584958217270195
2 0.54 0.8997214484679665 0.0384 0.06239554317548746
3 0.565 0.8662952646239555 0.09839999999999999 0.1938718662952646
4 0.593 0.8662952646239555 0.0312 0.22618384401114203
4 0.54 0.8551532033426184 0.0384 0.18718662952646237
5 0.565 0.7966573816155988 0.09839999999999999 0.36100278551532033
0 0.567 0.6880222841225627 0.1224 0.6217270194986072
1 0.142 0.8983286908077994 0.06720000000000001 0.0969359331476323
2 0.16 0.9289693593314763 0.024 0.027298050139275762
2 0.12 0.8774373259052924 0.014399999999999998 0.054596100278551524
3 0.149 0.8690807799442897 0.084 0.1671309192200557
4 0.167 0.8690807799442897 0.040799999999999996 0.19498607242339833
4 0.121 0.8593314763231198 0.016800000000000002 0.1052924791086351
5 0.149 0.8133704735376045 0.084 0.3008356545961003
0 0.178 0.6810584958217271 0.1536 0.6183844011142061
