1 0.7375 0.905152224824356 0.041249999999999995 0.0477751756440281
2 0.75 0.905152224824356 0.01125 0.05573770491803278
2 0.728125 0.9180327868852459 0.01875 0.006557377049180328
3 0.7328125 0.870023419203747 0.052500000000000005 0.13208430913348945
4 0.7328125 0.870023419203747 0.052500000000000005 0.1540983606557377
4 0.7328125 0.8723653395784543 0.03 0.13442622950819672
5 0.73828125 0.8255269320843092 0.065625 0.2388758782201405
0 0.73671875 0.7224824355971897 0.09937499999999999 0.48618266978922714
1 0.97734375 0.8864168618266979 0.039375 0.01405152224824356
2 0.9890625 0.8875878220140515 0.01125 0.013114754098360656
2 0.96875 0.8864168618266979 0.01875 0.01639344262295082
3 0.97734375 0.8688524590163934 0.039375 0.05620608899297424
4 0.9890625 0.8688524590163934 0.01125 0.06557377049180328
4 0.96875 0.8688524590163934 0.01875 0.06557377049180328
5 0.97734375 0.8489461358313818 0.039375 0.10398126463700234
0 0.97890625 0.8032786885245902 0.0421875 0.2135831381733021
1 0.5734375 0.8770491803278688 0.0375 0.01405152224824356
2 0.57265625 0.8758782201405152 0.035625000000000004 0.013114754098360656
2 0.5796875 0.8770491803278688 0.0225 0.01639344262295082
3 0.5734375 0.8583138173302107 0.0375 0.05901639344262295
4 0.57265625 0.8571428571428571 0.035625000000000004 0.06557377049180328
4 0.57734375 0.860655737704918 0.028125 0.06229508196721311
5 0.5734375 0.8407494145199064 0.0375 0.10117096018735362
0 0.57265625 0.788056206088993 0.039375 0.22763466042154568
