1 0.09921875 0.8427083333333333 0.110625 0.0325
2 0.134375 0.8416666666666667 0.026250000000000002 0.029166666666666667
2 0.06875 0.8427083333333333 0.0375 0.03791666666666667
3 0.09921875 0.8010416666666667 0.110625 0.13249999999999998
4 0.134375 0.8 0.026250000000000002 0.14583333333333334
4 0.075 0.8010416666666667 0.052500000000000005 0.15458333333333332
5 0.09921875 0.765625 0.110625 0.21749999999999997
0 0.14140625 0.6729166666666667 0.21187499999999998 0.44
1 0.1796875 0.84375 0.041249999999999995 0.02
2 0.19296875 0.84375 0.009375 0.02333333333333333
2 0.17109375 0.84375 0.020624999999999998 0.02333333333333333
3 0.1796875 0.8166666666666667 0.041249999999999995 0.08499999999999999
4 0.19296875 0.8166666666666667 0.009375 0.09916666666666665
4 0.17109375 0.8166666666666667 0.020624999999999998 0.09916666666666665
5 0.1796875 0.7895833333333333 0.041249999999999995 0.15
0 0.1578125 0.7375 0.09375 0.275
