1 0.688 0.684 0.028799999999999996 0.048
2 0.682 0.672 0.014399999999999998 0.022399999999999996
2 0.694 0.6853333333333333 0.014399999999999998 0.05226666666666666
3 0.669 0.684 0.0744 0.048
4 0.663 0.672 0.06 0.022399999999999996
4 0.674 0.6853333333333333 0.0624 0.05226666666666666
5 0.649 0.6906666666666667 0.1224 0.064
0 0.649 0.6733333333333333 0.1224 0.1056
1 0.369 0.6293333333333333 0.0648 0.0384
2 0.382 0.6253333333333333 0.033600000000000005 0.0336
2 0.353 0.6373333333333333 0.0264 0.022399999999999996
3 0.369 0.6013333333333334 0.0648 0.1056
4 0.382 0.5973333333333334 0.033600000000000005 0.112
4 0.353 0.6053333333333333 0.0264 0.112
5 0.367 0.5653333333333334 0.0696 0.192
0 0.353 0.49733333333333335 0.1032 0.35519999999999996
1 0.768 0.64 0.043199999999999995 0.0192
2 0.768 0.6413333333333333 0.043199999999999995 0.018666666666666668
2 0.774 0.632 0.0 0.0
3 0.768 0.616 0.043199999999999995 0.0768
4 0.768 0.616 0.043199999999999995 0.08959999999999999
4 0.768 0.6093333333333333 0.014399999999999998 0.06346666666666666
5 0.768 0.5853333333333334 0.043199999999999995 0.1504
0 0.766 0.5386666666666666 0.048 0.26239999999999997
