1 0.34453125 0.7885416666666667 0.421875 0.13249999999999998
2 0.51015625 0.7822916666666667 0.024375 0.13708333333333333
2 0.19453125 0.8166666666666667 0.061875 0.07583333333333334
3 0.34453125 0.7541666666666667 0.421875 0.215
4 0.45390625 0.7583333333333333 0.159375 0.20416666666666666
4 0.22265625 0.7541666666666667 0.129375 0.2508333333333333
5 0.34453125 0.678125 0.421875 0.39749999999999996
0 0.34453125 0.54375 0.421875 0.72
1 0.946875 0.8770833333333333 0.09375 0.125
2 0.946875 0.909375 0.09375 0.05541666666666666
2 0.9796875 0.825 0.0 0.0
3 0.93125 0.815625 0.13125 0.27249999999999996
4 0.93125 0.846875 0.13125 0.23041666666666666
4 0.9390625 0.7635416666666667 0.0975 0.1720833333333333
5 0.93515625 0.815625 0.1296875 0.27249999999999996
0 0.8734375 0.709375 0.253125 0.5275
