1 0.08671875 0.23140495867768596 0.046875 0.05950413223140495
2 0.08984375 0.2369146005509642 0.039375 0.030853994490358125
2 0.08046875 0.23140495867768596 0.031875 0.06942148760330578
3 0.096875 0.1652892561983471 0.07125000000000001 0.2181818181818182
4 0.08984375 0.16115702479338842 0.039375 0.2429752066115702
4 0.096875 0.19421487603305784 0.07125000000000001 0.17355371900826444
5 0.0859375 0.1349862258953168 0.0975 0.2699724517906336
0 0.0859375 0.1349862258953168 0.0975 0.2699724517906336
1 0.675 0.4256198347107438 0.10874999999999999 0.09586776859504131
2 0.678125 0.4256198347107438 0.10124999999999999 0.11184573002754819
2 0.65546875 0.4049586776859504 0.061875 0.030853994490358125
3 0.65625 0.3181818181818182 0.15375 0.35371900826446284
4 0.65625 0.3526170798898072 0.15375 0.3162534435261708
4 0.65546875 0.29338842975206614 0.061875 0.3432506887052341
5 0.67421875 0.2603305785123967 0.196875 0.4925619834710743
0 0.6703125 0.24380165289256198 0.20625 0.48760330578512395
