1 0.459375 0.94375 0.13499999999999998 0.07
2 0.4875 0.94375 0.06749999999999999 0.08166666666666665
2 0.41875 0.946875 0.0375 0.008749999999999999
3 0.459375 0.884375 0.13499999999999998 0.2125
4 0.4875 0.884375 0.06749999999999999 0.23125
4 0.425 0.8802083333333334 0.052500000000000005 0.19541666666666666
5 0.459375 0.8041666666666667 0.13499999999999998 0.39166666666666666
0 0.48125 0.6864583333333333 0.21000000000000002 0.6270833333333333
1 0.34296875 0.48020833333333335 0.035625000000000004 0.0275
2 0.35 0.478125 0.01875 0.02625
2 0.340625 0.48020833333333335 0.03 0.03208333333333333
3 0.34296875 0.45729166666666665 0.035625000000000004 0.0825
4 0.35 0.4552083333333333 0.01875 0.09041666666666666
4 0.340625 0.45729166666666665 0.03 0.09624999999999999
5 0.34296875 0.4427083333333333 0.035625000000000004 0.1175
0 0.34296875 0.4114583333333333 0.035625000000000004 0.19249999999999998
