1 0.4640625 0.9063231850117096 0.2625 0.12365339578454332
2 0.375 0.9063231850117096 0.04875 0.1442622950819672
2 0.5484375 0.949648711943794 0.06 0.022950819672131147
3 0.4640625 0.8348946135831382 0.2625 0.29508196721311475
4 0.38984375 0.8348946135831382 0.084375 0.33021077283372363
4 0.5484375 0.84192037470726 0.06 0.3161592505854801
5 0.4640625 0.7482435597189696 0.2625 0.5030444964871194
0 0.5421875 0.5784543325526932 0.45 0.8430913348946136
1 0.08515625 0.747072599531616 0.061875 0.02810304449648712
2 0.0640625 0.7447306791569087 0.01125 0.02622950819672131
2 0.10703125 0.7552693208430913 0.009375 0.009836065573770491
3 0.08515625 0.6920374707259953 0.061875 0.16018735362997655
4 0.065625 0.689695550351288 0.015 0.18032786885245902
4 0.10703125 0.6967213114754098 0.009375 0.17377049180327866
5 0.08515625 0.6416861826697893 0.061875 0.2810304449648712
0 0.09140625 0.5690866510538641 0.084375 0.45526932084309135
