1 0.46171875 0.98125 0.170625 0.035
2 0.5140625 0.9833333333333333 0.045 0.03333333333333333
2 0.39140625 0.9708333333333333 0.001875 0.011666666666666665
3 0.45625 0.9385416666666667 0.18375 0.12291666666666666
4 0.51328125 0.9447916666666667 0.046875 0.11041666666666666
4 0.3859375 0.928125 0.015 0.13124999999999998
5 0.45625 0.8760416666666667 0.18375 0.24791666666666667
0 0.45625 0.7260416666666667 0.18375 0.5479166666666667
1 0.08984375 0.978125 0.080625 0.0225
2 0.1234375 0.96875 0.0 0.0
2 0.07265625 0.9791666666666666 0.039375 0.02333333333333333
3 0.11015625 0.8520833333333333 0.129375 0.29583333333333334
4 0.1375 0.8427083333333333 0.033749999999999995 0.3145833333333333
4 0.11015625 0.8520833333333333 0.129375 0.29583333333333334
5 0.11171875 0.684375 0.133125 0.63125
0 0.1296875 0.6020833333333333 0.17625 0.7958333333333333
1 0.88984375 0.9541666666666667 0.18562499999999998 0.075
2 0.91875 0.9677083333333333 0.11624999999999999 0.049583333333333326
2 0.86484375 0.9416666666666667 0.125625 0.0525
3 0.88984375 0.803125 0.18562499999999998 0.39375
4 0.91875 0.803125 0.11624999999999999 0.39375
4 0.86484375 0.79375 0.125625 0.4125
5 0.88984375 0.6604166666666667 0.18562499999999998 0.6791666666666667
0 0.88984375 0.5166666666666667 0.18562499999999998 0.9666666666666667
