1 0.4887005649717514 0.7640625 0.0655367231638418 0.27749999999999997
2 0.4971751412429379 0.71328125 0.04519774011299435 0.1815625
2 0.4783427495291902 0.84453125 0.04067796610169491 0.09843749999999998
3 0.4585687382297552 0.740625 0.13785310734463277 0.33375
4 0.4642184557438795 0.68984375 0.12429378531073447 0.24718749999999998
4 0.448210922787194 0.77578125 0.11299435028248588 0.29093749999999996
5 0.4105461393596987 0.6609375 0.25310734463276835 0.525
0 0.3766478342749529 0.49296875 0.3344632768361582 0.928125
1 0.7410546139359698 0.803125 0.07457627118644068 0.27749999999999997
2 0.7419962335216572 0.884375 0.05875706214689266 0.09624999999999999
2 0.7410546139359698 0.73359375 0.07457627118644068 0.1290625
3 0.711864406779661 0.7765625 0.14463276836158193 0.34125
4 0.7306967984934086 0.7765625 0.08587570621468926 0.39812499999999995
4 0.711864406779661 0.73359375 0.14463276836158193 0.1290625
5 0.6713747645951036 0.69296875 0.24180790960451978 0.541875
0 0.7062146892655368 0.540625 0.4790960451977401 0.9075
