1 0.6064453125 0.52890625 0.07734375 0.031875
2 0.6259765625 0.525 0.03046875 0.026249999999999996
2 0.5908203125 0.5328125 0.03984375 0.026249999999999996
3 0.6064453125 0.49140625 0.07734375 0.121875
4 0.6259765625 0.4875 0.03046875 0.13125
4 0.5908203125 0.49140625 0.03984375 0.1421875
5 0.60546875 0.45546875 0.0796875 0.20812499999999998
0 0.6103515625 0.38828125 0.09140625 0.36937499999999995
1 0.3203125 0.59375 0.121875 0.0375
2 0.37109375 0.578125 0.0 0.0
2 0.2890625 0.59609375 0.046875 0.0371875
3 0.3662109375 0.590625 0.23203125 0.045
4 0.4169921875 0.575 0.11015625 0.008749999999999999
4 0.3310546875 0.59609375 0.14765625 0.0371875
5 0.3662109375 0.57265625 0.23203125 0.088125
0 0.3662109375 0.52109375 0.23203125 0.21187499999999998
