1 0.4375 0.7114583333333333 0.07875 0.0475
2 0.425 0.7135416666666666 0.04875 0.049583333333333326
2 0.44140625 0.7114583333333333 0.06937499999999999 0.05541666666666666
3 0.4375 0.66875 0.07875 0.15
4 0.4375 0.6729166666666667 0.07875 0.1633333333333333
4 0.44140625 0.66875 0.06937499999999999 0.175
5 0.4375 0.6197916666666666 0.07875 0.2675
0 0.475 0.5604166666666667 0.16875 0.41
1 0.04375 0.9270833333333334 0.052500000000000005 0.13499999999999998
2 0.053125 0.9114583333333334 0.03 0.11374999999999999
2 0.03984375 0.9739583333333334 0.043125 0.02625
3 0.07421875 0.8645833333333334 0.125625 0.2708333333333333
4 0.08359375 0.8489583333333334 0.103125 0.28875
4 0.03984375 0.8760416666666667 0.043125 0.24791666666666667
5 0.07421875 0.7979166666666667 0.125625 0.4041666666666667
0 0.06875 0.64375 0.1375 0.7125
