1 0.49609375 0.8169014084507042 0.05437499999999999 0.12394366197183097
2 0.50859375 0.7922535211267606 0.024375 0.07558685446009389
2 0.48359375 0.8556338028169014 0.024375 0.03615023474178403
3 0.5015625 0.7758215962441315 0.06749999999999999 0.22253521126760561
4 0.5140625 0.7511737089201878 0.0375 0.19061032863849764
4 0.48359375 0.7852112676056338 0.024375 0.2333333333333333
5 0.5 0.7194835680751174 0.07125000000000001 0.35774647887323946
0 0.4953125 0.6009389671361502 0.22875 0.6422535211267605
1 0.64140625 0.7981220657276995 0.103125 0.056338028169014086
2 0.6765625 0.8075117370892019 0.01875 0.039436619718309855
2 0.60546875 0.7887323943661971 0.016874999999999998 0.039436619718309855
3 0.64140625 0.7476525821596244 0.103125 0.17746478873239435
4 0.66953125 0.7476525821596244 0.035625000000000004 0.20704225352112673
4 0.60546875 0.7394366197183099 0.016874999999999998 0.17746478873239435
5 0.64140625 0.681924882629108 0.103125 0.33521126760563374
0 0.61328125 0.5762910798122066 0.170625 0.5887323943661972
