1 0.7078125 0.3458333333333333 0.026250000000000002 0.014999999999999998
2 0.7171875 0.346875 0.00375 0.014583333333333334
2 0.7 0.3458333333333333 0.0075 0.017499999999999998
3 0.7078125 0.32916666666666666 0.026250000000000002 0.055
4 0.7171875 0.3302083333333333 0.00375 0.06125
4 0.7 0.32916666666666666 0.0075 0.06416666666666666
5 0.7078125 0.315625 0.026250000000000002 0.0875
0 0.70703125 0.2833333333333333 0.05437499999999999 0.165
1 0.571875 0.42604166666666665 0.033749999999999995 0.0275
2 0.58203125 0.428125 0.009375 0.02625
2 0.56015625 0.42291666666666666 0.005625 0.02333333333333333
3 0.57109375 0.40520833333333334 0.035625000000000004 0.07749999999999999
4 0.58203125 0.40520833333333334 0.009375 0.09041666666666666
4 0.559375 0.40208333333333335 0.0075 0.08166666666666665
5 0.57109375 0.3802083333333333 0.035625000000000004 0.1375
0 0.5640625 0.33229166666666665 0.07875 0.2525
1 0.4484375 0.6114583333333333 0.04875 0.0475
2 0.4453125 0.6104166666666667 0.041249999999999995 0.0525
2 0.4515625 0.6166666666666667 0.041249999999999995 0.040833333333333326
3 0.446875 0.56875 0.052500000000000005 0.15
4 0.4453125 0.5708333333333333 0.041249999999999995 0.1633333333333333
4 0.446875 0.56875 0.052500000000000005 0.175
5 0.440625 0.5145833333333333 0.06749999999999999 0.28
0 0.43203125 0.4375 0.136875 0.46499999999999997
