1 0.36875 0.7065727699530516 0.14250000000000002 0.05070422535211267
2 0.42265625 0.6948356807511737 0.013125000000000001 0.02629107981220657
2 0.32890625 0.7136150234741784 0.046875 0.039436619718309855
3 0.36875 0.681924882629108 0.14250000000000002 0.10985915492957746
4 0.41875 0.67018779342723 0.0225 0.09530516431924882
4 0.3296875 0.6854460093896714 0.04875 0.11830985915492957
5 0.36875 0.6396713615023474 0.14250000000000002 0.2112676056338028
0 0.378125 0.5492957746478874 0.16499999999999998 0.4281690140845071
1 0.19453125 0.8603286384976526 0.163125 0.08169014084507041
2 0.234375 0.8392018779342723 0.06749999999999999 0.03615023474178403
2 0.15546875 0.8802816901408451 0.06937499999999999 0.039436619718309855
3 0.19453125 0.7828638497652582 0.163125 0.2676056338028169
4 0.234375 0.7617370892018779 0.06749999999999999 0.25305164319248824
4 0.15546875 0.7969483568075117 0.06937499999999999 0.27276995305164314
5 0.19453125 0.7253521126760564 0.163125 0.40563380281690137
0 0.19453125 0.5586854460093896 0.163125 0.8056338028169013
1 0.590625 0.7946009389671361 0.07875 0.059154929577464786
2 0.609375 0.7769953051643192 0.033749999999999995 0.019718309859154928
2 0.58515625 0.8110328638497653 0.065625 0.02300469483568075
3 0.590625 0.7429577464788732 0.07875 0.18309859154929578
4 0.609375 0.7253521126760564 0.033749999999999995 0.1643192488262911
4 0.58515625 0.7453051643192489 0.065625 0.20704225352112673
5 0.590625 0.6960093896713615 0.07875 0.29577464788732394
0 0.61640625 0.5762910798122066 0.140625 0.5830985915492958
