1 0.1875 0.70625 0.11624999999999999 0.16
2 0.1796875 0.7458333333333333 0.0975 0.07583333333333334
2 0.21484375 0.6770833333333334 0.050624999999999996 0.105
3 0.2484375 0.6833333333333333 0.2625 0.215
4 0.240625 0.7333333333333333 0.24375 0.11083333333333333
4 0.27578125 0.6541666666666667 0.196875 0.16916666666666663
5 0.31015625 0.6833333333333333 0.410625 0.215
0 0.35234375 0.6 0.511875 0.415
1 0.3484375 0.4427083333333333 0.06749999999999999 0.06749999999999999
2 0.36640625 0.4479166666666667 0.024375 0.06416666666666666
2 0.33203125 0.4354166666666667 0.028125 0.058333333333333334
3 0.3484375 0.3885416666666667 0.06749999999999999 0.19749999999999998
4 0.36328125 0.3885416666666667 0.031875 0.23041666666666666
4 0.33203125 0.38333333333333336 0.028125 0.20416666666666666
5 0.3484375 0.3333333333333333 0.06749999999999999 0.33
0 0.34765625 0.2520833333333333 0.103125 0.5041666666666667
1 0.09140625 0.24270833333333333 0.043125 0.0375
2 0.09140625 0.24583333333333332 0.043125 0.034999999999999996
2 0.0921875 0.240625 0.03 0.03791666666666667
3 0.11015625 0.24166666666666667 0.088125 0.04
4 0.11015625 0.24583333333333332 0.088125 0.034999999999999996
4 0.1109375 0.23958333333333334 0.075 0.040833333333333326
5 0.1375 0.24166666666666667 0.15375 0.04
0 0.1375 0.20625 0.15375 0.125
1 0.0359375 0.2916666666666667 0.06375 0.04
2 0.04921875 0.290625 0.031875 0.008749999999999999
2 0.01640625 0.2916666666666667 0.016874999999999998 0.04666666666666666
3 0.0359375 0.2635416666666667 0.06375 0.1075
4 0.0453125 0.25625 0.041249999999999995 0.105
4 0.02578125 0.2635416666666667 0.039375 0.12541666666666665
5 0.0359375 0.228125 0.06375 0.19249999999999998
0 0.04765625 0.15833333333333333 0.091875 0.31666666666666665
