1 0.0140625 0.4890625 0.028125 0.033749999999999995
2 0.0203125 0.48671875 0.015 0.0328125
2 0.009375 0.490625 0.01875 0.034999999999999996
3 0.01484375 0.4640625 0.0296875 0.09375
4 0.02109375 0.46171875 0.016874999999999998 0.1028125
4 0.009375 0.465625 0.01875 0.10499999999999998
5 0.0171875 0.4359375 0.034375 0.16125
0 0.0203125 0.39296875 0.040625 0.26437499999999997
1 0.4890625 0.59765625 0.12 0.024375
2 0.52421875 0.59453125 0.035625000000000004 0.0196875
2 0.45703125 0.5984375 0.043125 0.026249999999999996
3 0.4890625 0.571875 0.12 0.08625
4 0.52421875 0.56875 0.035625000000000004 0.091875
4 0.45703125 0.575 0.043125 0.091875
5 0.4890625 0.54921875 0.12 0.140625
0 0.4890625 0.49296875 0.12 0.275625
1 0.06875 0.4984375 0.075 0.015
2 0.08515625 0.49609375 0.035625000000000004 0.0109375
2 0.04765625 0.50078125 0.024375 0.0109375
3 0.06875 0.4765625 0.075 0.06749999999999999
4 0.08515625 0.47421875 0.035625000000000004 0.07218749999999999
4 0.04765625 0.47734375 0.024375 0.0765625
5 0.06875 0.45390625 0.075 0.121875
0 0.06875 0.41484375 0.075 0.215625
