1 0.402088772845953 0.853125 0.3258485639686684 0.07875
2 0.4255874673629243 0.84921875 0.2694516971279373 0.050312499999999996
2 0.35509138381201044 0.853125 0.21305483028720626 0.091875
3 0.402088772845953 0.78046875 0.3258485639686684 0.253125
4 0.4255874673629243 0.7734375 0.2694516971279373 0.2625
4 0.35509138381201044 0.78046875 0.21305483028720626 0.2953125
5 0.391644908616188 0.7203125 0.35091383812010446 0.39749999999999996
0 0.3668407310704961 0.59765625 0.410443864229765 0.691875
1 0.5234986945169713 0.7703125 0.0783289817232376 0.3075
2 0.5052219321148825 0.665625 0.028198433420365532 0.065625
2 0.5234986945169713 0.8765625 0.0783289817232376 0.06124999999999999
3 0.5939947780678851 0.7703125 0.2725848563968668 0.3075
4 0.6005221932114883 0.665625 0.2569190600522193 0.065625
4 0.5182767624020888 0.81484375 0.0908616187989556 0.23406249999999998
5 0.5718015665796344 0.72109375 0.3258485639686684 0.425625
0 0.6214099216710183 0.52578125 0.5075718015665797 0.8943749999999999
1 0.9634464751958225 0.66328125 0.03759791122715404 0.043125
2 0.9751958224543081 0.65546875 0.00939947780678851 0.028437499999999998
2 0.9556135770234987 0.675 0.01879895561357702 0.017499999999999998
3 0.9699738903394256 0.64453125 0.053263707571801565 0.088125
4 0.9817232375979112 0.63671875 0.02506527415143603 0.0809375
4 0.9556135770234987 0.64453125 0.01879895561357702 0.1028125
5 0.9673629242819843 0.6125 0.05953002610966058 0.16499999999999998
0 0.9399477806788512 0.5546875 0.12010443864229765 0.30375
