1 0.33671875 0.7326139088729017 0.088125 0.04892086330935252
2 0.36640625 0.7230215827338129 0.016874999999999998 0.030215827338129497
2 0.303125 0.7398081534772182 0.0075 0.036930455635491605
3 0.33671875 0.7086330935251799 0.088125 0.10647482014388489
4 0.36640625 0.6990407673860911 0.016874999999999998 0.09736211031175059
4 0.31171875 0.7122302158273381 0.028125 0.11414868105515587
5 0.33671875 0.6786570743405276 0.088125 0.17841726618705034
0 0.353125 0.6211031175059952 0.1275 0.31654676258992803
1 0.19453125 0.815347721822542 0.031875 0.034532374100719423
2 0.1890625 0.8009592326139089 0.0 0.0
2 0.19453125 0.8189448441247003 0.031875 0.030215827338129497
3 0.20859375 0.7853717026378897 0.065625 0.10647482014388489
4 0.20859375 0.7709832134292566 0.046875 0.08393285371702638
4 0.20859375 0.802158273381295 0.065625 0.07721822541966426
5 0.2078125 0.7853717026378897 0.06749999999999999 0.10647482014388489
0 0.2078125 0.7613908872901679 0.06749999999999999 0.16402877697841725
1 0.096875 0.8081534772182254 0.04875 0.0920863309352518
2 0.1078125 0.7733812949640287 0.0225 0.010071942446043165
2 0.08828125 0.8381294964028777 0.028125 0.023501199040767383
3 0.096875 0.7817745803357314 0.04875 0.1553956834532374
4 0.1078125 0.7470023980815348 0.0225 0.08393285371702638
4 0.08828125 0.7961630695443646 0.028125 0.1410071942446043
5 0.090625 0.7685851318944844 0.06375 0.18705035971223022
0 0.0984375 0.7290167865707434 0.08249999999999999 0.2820143884892086
