1 0.47754137115839246 0.8265625 0.9550827423167849 0.28874999999999995
2 0.8794326241134752 0.91953125 0.11914893617021276 0.0765625
2 0.054373522458628844 0.7390625 0.06808510638297871 0.091875
3 0.47754137115839246 0.8265625 0.9550827423167849 0.28874999999999995
4 0.8404255319148937 0.86171875 0.2127659574468085 0.2384375
4 0.1938534278959811 0.7390625 0.3877068557919622 0.091875
5 0.47754137115839246 0.77890625 0.9550827423167849 0.403125
0 0.47754137115839246 0.61875 0.9550827423167849 0.7625
1 0.34278959810874704 0.88125 0.2553191489361702 0.10500000000000001
2 0.40543735224586286 0.88984375 0.1049645390070922 0.09843749999999998
2 0.2647754137115839 0.865625 0.06808510638297871 0.07875
3 0.3463356973995272 0.8046875 0.26382978723404255 0.28874999999999995
4 0.408983451536643 0.80546875 0.11347517730496454 0.33468749999999997
4 0.2907801418439716 0.7890625 0.13049645390070921 0.29312499999999997
5 0.37706855791962174 0.7109375 0.33758865248226944 0.51375
0 0.37706855791962174 0.50625 0.33758865248226944 0.9875
