1 0.4763157894736842 0.233 0.22736842105263155 0.2712
2 0.5447368421052632 0.127 0.06315789473684211 0.0196
2 0.3894736842105263 0.339 0.01894736842105263 0.0196
3 0.47368421052631576 0.233 0.23368421052631577 0.2712
4 0.5328947368421053 0.16 0.09157894736842105 0.112
4 0.3868421052631579 0.307 0.02526315789473684 0.10919999999999999
5 0.4631578947368421 0.233 0.2589473684210526 0.2712
0 0.425 0.232 0.35052631578947363 0.27359999999999995
1 0.7171052631578947 0.184 0.16105263157894736 0.0192
2 0.7776315789473685 0.187 0.015789473684210527 0.014
2 0.6657894736842105 0.182 0.03789473684210526 0.016799999999999995
3 0.7171052631578947 0.163 0.16105263157894736 0.0696
4 0.7697368421052632 0.163 0.034736842105263156 0.0812
4 0.6723684210526316 0.161 0.053684210526315786 0.0756
5 0.7171052631578947 0.15 0.16105263157894736 0.1008
0 0.7171052631578947 0.123 0.16105263157894736 0.1656
1 0.6 0.938 0.32210526315789473 0.033600000000000005
2 0.4776315789473684 0.931 0.028421052631578944 0.0196
2 0.6973684210526315 0.947 0.08842105263157896 0.014
3 0.6 0.87 0.32210526315789473 0.19679999999999997
4 0.48157894736842105 0.863 0.03789473684210526 0.21
4 0.6973684210526315 0.88 0.08842105263157896 0.2016
5 0.6 0.816 0.32210526315789473 0.32639999999999997
0 0.6 0.739 0.32210526315789473 0.5112
1 0.425 0.796 0.04105263157894737 0.1296
2 0.4131578947368421 0.743 0.00631578947368421 0.0028
2 0.425 0.814 0.04105263157894737 0.1008
3 0.4342105263157895 0.782 0.06315789473684211 0.16319999999999998
4 0.4131578947368421 0.729 0.00631578947368421 0.042
4 0.4342105263157895 0.792 0.06315789473684211 0.1624
5 0.4144736842105263 0.734 0.11052631578947368 0.2784
0 0.45394736842105265 0.646 0.20526315789473684 0.4896
1 0.6828947368421052 0.904 0.3568421052631579 0.0384
2 0.5342105263157895 0.904 0.0 0.0448
2 0.8026315789473685 0.909 0.06947368421052631 0.030799999999999998
3 0.6828947368421052 0.843 0.3568421052631579 0.1848
4 0.5565789473684211 0.843 0.053684210526315786 0.21559999999999999
4 0.8026315789473685 0.852 0.06947368421052631 0.19039999999999999
5 0.6828947368421052 0.843 0.3568421052631579 0.1848
0 0.6828947368421052 0.809 0.3568421052631579 0.26639999999999997
