1 0.4109375 0.7593896713615024 0.10874999999999999 0.025352112676056335
2 0.45625 0.7699530516431925 0.0 0.0
2 0.38515625 0.7570422535211268 0.046875 0.02300469483568075
3 0.41875 0.7171361502347418 0.1275 0.1267605633802817
4 0.4640625 0.7241784037558685 0.01875 0.12816901408450704
4 0.390625 0.7147887323943662 0.06 0.14131455399061033
5 0.41875 0.676056338028169 0.1275 0.22535211267605634
0 0.4203125 0.5903755868544601 0.13125 0.4309859154929577
1 0.69921875 0.7546948356807511 0.039375 0.01971830985915493
2 0.69921875 0.755868544600939 0.039375 0.019718309859154928
2 0.7 0.7464788732394366 0.0 0.0
3 0.69453125 0.715962441314554 0.050624999999999996 0.11267605633802817
4 0.69921875 0.715962441314554 0.039375 0.13145539906103287
4 0.68671875 0.7147887323943662 0.031875 0.08873239436619718
5 0.68671875 0.6842723004694836 0.06937499999999999 0.18873239436619715
0 0.684375 0.5868544600938967 0.12 0.4225352112676056
1 0.653125 0.7652582159624414 0.07125000000000001 0.03943661971830986
2 0.6703125 0.7640845070422535 0.03 0.03615023474178403
2 0.6375 0.7652582159624414 0.033749999999999995 0.0460093896713615
3 0.65234375 0.7194835680751174 0.073125 0.14929577464788732
4 0.6671875 0.7171361502347418 0.0375 0.16760563380281687
4 0.63671875 0.7288732394366197 0.035625000000000004 0.14788732394366194
5 0.65078125 0.6772300469483568 0.076875 0.2507042253521127
0 0.64375 0.5880281690140845 0.09375 0.4647887323943662
