1 0.41328125 0.8202416918429003 0.10687499999999998 0.10513595166163141
2 0.43515625 0.850453172205438 0.020624999999999998 0.038066465256797584
2 0.41328125 0.8172205438066465 0.10687499999999998 0.11419939577039274
3 0.4421875 0.7960725075528701 0.17625 0.16314199395770393
4 0.45 0.7960725075528701 0.05625 0.19033232628398788
4 0.4421875 0.8141993957703928 0.17625 0.1226586102719033
5 0.4421875 0.7537764350453172 0.17625 0.2646525679758308
0 0.41796875 0.554380664652568 0.339375 0.743202416918429
1 0.840625 0.8806646525679759 0.31875 0.09788519637462235
2 0.97421875 0.8897280966767371 0.043125 0.08882175226586102
2 0.70625 0.8580060422960725 0.041249999999999995 0.050755287009063434
3 0.840625 0.7945619335347432 0.31875 0.30453172205438067
4 0.97421875 0.7945619335347432 0.043125 0.35528700906344407
4 0.73828125 0.7764350453172205 0.118125 0.2791540785498489
5 0.840625 0.6933534743202417 0.31875 0.5474320241691842
0 0.840625 0.5060422960725075 0.31875 0.9879154078549849
