1 0.5853333333333334 0.537 0.13119999999999998 0.016800000000000002
2 0.6266666666666667 0.539 0.032 0.014
2 0.548 0.533 0.0416 0.008399999999999998
3 0.5853333333333334 0.513 0.13119999999999998 0.0744
4 0.6266666666666667 0.514 0.032 0.084
4 0.552 0.509 0.051199999999999996 0.0756
5 0.5853333333333334 0.488 0.13119999999999998 0.13440000000000002
0 0.5853333333333334 0.438 0.13119999999999998 0.25439999999999996
1 0.43333333333333335 0.533 0.048 0.012
2 0.4493333333333333 0.532 0.0096 0.0112
2 0.42133333333333334 0.533 0.0192 0.014
3 0.43466666666666665 0.522 0.051199999999999996 0.0384
4 0.45066666666666666 0.524 0.012799999999999999 0.03359999999999999
4 0.42133333333333334 0.522 0.0192 0.0448
5 0.43866666666666665 0.522 0.0608 0.0384
0 0.44133333333333336 0.487 0.08 0.1224
1 0.264 0.544 0.064 0.0192
2 0.276 0.539 0.035199999999999995 0.008399999999999998
2 0.248 0.546 0.025599999999999998 0.016799999999999995
3 0.264 0.518 0.064 0.08159999999999999
4 0.276 0.514 0.035199999999999995 0.0784
4 0.248 0.518 0.025599999999999998 0.09519999999999999
5 0.264 0.498 0.064 0.1296
0 0.276 0.45 0.0928 0.2448
1 0.668 0.531 0.112 0.036
2 0.6973333333333334 0.541 0.0416 0.014
2 0.6426666666666667 0.52 0.051199999999999996 0.0112
3 0.6693333333333333 0.507 0.11519999999999998 0.09359999999999999
4 0.6986666666666667 0.514 0.0448 0.0896
4 0.644 0.496 0.0544 0.0784
5 0.672 0.481 0.1216 0.156
0 0.6853333333333333 0.438 0.1536 0.2592
1 0.3506666666666667 0.542 0.035199999999999995 0.0096
2 0.36 0.542 0.012799999999999999 0.0112
2 0.3413333333333333 0.541 0.012799999999999999 0.008399999999999998
3 0.3506666666666667 0.53 0.035199999999999995 0.0384
4 0.36 0.532 0.012799999999999999 0.0392
4 0.3413333333333333 0.529 0.012799999999999999 0.042
5 0.3506666666666667 0.519 0.035199999999999995 0.0648
0 0.3426666666666667 0.492 0.0544 0.1296
