1 0.8578125 0.6194379391100703 0.01125 0.03653395784543326
2 0.859375 0.6112412177985949 0.0075 0.019672131147540982
2 0.8578125 0.6311475409836066 0.01125 0.009836065573770491
3 0.86171875 0.6065573770491803 0.020624999999999998 0.06744730679156909
4 0.86328125 0.5983606557377049 0.016874999999999998 0.05573770491803278
4 0.8578125 0.6065573770491803 0.01125 0.07868852459016393
5 0.86171875 0.585480093676815 0.020624999999999998 0.1180327868852459
0 0.85859375 0.5339578454332553 0.065625 0.24168618266978922
1 0.29375 0.4426229508196721 0.03 0.02810304449648712
2 0.3015625 0.4484777517564403 0.01125 0.01639344262295082
2 0.28515625 0.44028103044496486 0.009375 0.02622950819672131
3 0.29453125 0.42505854800936765 0.031875 0.0702576112412178
4 0.30234375 0.4262295081967213 0.013125000000000001 0.07868852459016393
4 0.2875 0.42271662763466045 0.015 0.07540983606557376
5 0.2953125 0.4016393442622951 0.033749999999999995 0.12646370023419204
0 0.3015625 0.3583138173302108 0.07125000000000001 0.23044496487119437
