1 0.6046875 0.8278688524590164 0.10124999999999999 0.05901639344262295
2 0.56953125 0.8185011709601874 0.016874999999999998 0.029508196721311476
2 0.6140625 0.8278688524590164 0.07875 0.06885245901639343
3 0.6046875 0.7447306791569087 0.10124999999999999 0.25854800936768146
4 0.57265625 0.7505854800936768 0.024375 0.21967213114754097
4 0.6140625 0.7447306791569087 0.07875 0.30163934426229505
5 0.6046875 0.6967213114754098 0.10124999999999999 0.37377049180327865
0 0.625 0.5995316159250585 0.15 0.6070257611241218
1 0.85234375 0.7377049180327869 0.215625 0.04496487119437939
2 0.93046875 0.747072599531616 0.028125 0.02622950819672131
2 0.77109375 0.7365339578454333 0.020624999999999998 0.04918032786885246
3 0.85234375 0.6920374707259953 0.215625 0.15456674473067916
4 0.92421875 0.6932084309133489 0.043125 0.17704918032786884
4 0.7859375 0.6908665105386417 0.05625 0.17704918032786884
5 0.85234375 0.6463700234192038 0.215625 0.2641686182669789
0 0.85234375 0.5409836065573771 0.215625 0.5170960187353629
1 0.128125 0.7611241217798594 0.18375 0.02810304449648712
2 0.18671875 0.7587822014051522 0.043125 0.02622950819672131
2 0.0578125 0.7634660421545667 0.015 0.02622950819672131
3 0.128125 0.7201405152224825 0.18375 0.12646370023419204
4 0.18046875 0.7177985948477752 0.058124999999999996 0.14098360655737704
4 0.0703125 0.7201405152224825 0.045 0.14754098360655735
5 0.128125 0.6850117096018735 0.18375 0.2107728337236534
0 0.128125 0.5983606557377049 0.18375 0.41873536299765807
1 0.38125 0.6440281030444965 0.0225 0.05058548009367681
2 0.3875 0.6358313817330211 0.0075 0.0360655737704918
2 0.37578125 0.6545667447306791 0.009375 0.029508196721311476
3 0.37734375 0.6217798594847775 0.031875 0.10398126463700234
4 0.38359375 0.6135831381733021 0.016874999999999998 0.09836065573770492
4 0.371875 0.6334894613583139 0.01875 0.08852459016393442
5 0.37734375 0.5889929742388759 0.031875 0.18266978922716628
0 0.3671875 0.5433255269320844 0.06 0.29227166276346606
