1 0.25625 0.5899532710280374 0.09 0.047663551401869154
2 0.2375 0.5829439252336449 0.045 0.02289719626168224
2 0.28046875 0.5899532710280374 0.031875 0.05560747663551401
3 0.25625 0.5455607476635514 0.09 0.1542056074766355
4 0.2375 0.5362149532710281 0.045 0.15373831775700933
4 0.2765625 0.5502336448598131 0.041249999999999995 0.16682242990654203
5 0.25625 0.5105140186915887 0.09 0.2383177570093458
0 0.2484375 0.433411214953271 0.13125 0.4233644859813084
1 0.50234375 0.7628504672897196 0.080625 0.019626168224299065
2 0.5265625 0.7628504672897196 0.0225 0.02289719626168224
2 0.478125 0.764018691588785 0.0225 0.01308411214953271
3 0.50234375 0.7266355140186916 0.080625 0.10654205607476636
4 0.5265625 0.7266355140186916 0.0225 0.12429906542056074
4 0.478125 0.7254672897196262 0.0225 0.12102803738317756
5 0.50234375 0.6670560747663551 0.080625 0.24953271028037383
0 0.4625 0.5887850467289719 0.17625 0.43738317757009343
1 0.6359375 0.8364485981308412 0.0375 0.033644859813084106
2 0.64609375 0.8364485981308412 0.013125000000000001 0.03925233644859812
2 0.62578125 0.8387850467289719 0.013125000000000001 0.02616822429906542
3 0.6359375 0.802570093457944 0.0375 0.11495327102803737
4 0.6453125 0.8037383177570093 0.015 0.1308411214953271
4 0.62578125 0.8014018691588785 0.013125000000000001 0.1308411214953271
5 0.63515625 0.7628504672897196 0.039375 0.2102803738317757
0 0.621875 0.7091121495327103 0.10874999999999999 0.3392523364485981
1 0.7203125 0.9030373831775701 0.015 0.02523364485981308
2 0.7203125 0.9042056074766355 0.015 0.02616822429906542
2 0.7140625 0.8925233644859814 0.0 0.0
3 0.71796875 0.875 0.020624999999999998 0.09252336448598131
4 0.7203125 0.8808411214953271 0.015 0.09158878504672896
4 0.71171875 0.8644859813084113 0.005625 0.07850467289719625
5 0.715625 0.844626168224299 0.026250000000000002 0.16542056074766354
0 0.70703125 0.7955607476635514 0.084375 0.2831775700934579
