1 0.42734375 0.828125 0.091875 0.0475
2 0.43125 0.8291666666666667 0.08249999999999999 0.0525
2 0.4 0.8208333333333333 0.026250000000000002 0.034999999999999996
3 0.43125 0.75 0.10124999999999999 0.235
4 0.43515625 0.759375 0.091875 0.24791666666666665
4 0.4171875 0.7427083333333333 0.06749999999999999 0.25375
5 0.43125 0.69375 0.10124999999999999 0.37
0 0.46875 0.5770833333333333 0.19124999999999998 0.65
1 0.34375 0.6052083333333333 0.075 0.1025
2 0.36015625 0.5979166666666667 0.035625000000000004 0.09916666666666665
2 0.32109375 0.628125 0.020624999999999998 0.05541666666666666
3 0.346875 0.5614583333333333 0.08249999999999999 0.2075
4 0.36328125 0.5541666666666667 0.043125 0.22166666666666665
4 0.32109375 0.5677083333333334 0.020624999999999998 0.22458333333333333
5 0.34609375 0.4895833333333333 0.084375 0.38
0 0.34140625 0.34270833333333334 0.196875 0.6854166666666667
1 0.875 0.6708333333333333 0.045 0.245
2 0.875 0.6708333333333333 0.045 0.28583333333333333
2 0.878125 0.7583333333333333 0.0 0.0
3 0.87734375 0.6708333333333333 0.050624999999999996 0.245
4 0.87734375 0.6708333333333333 0.050624999999999996 0.28583333333333333
4 0.86953125 0.690625 0.020624999999999998 0.18958333333333333
5 0.88203125 0.6447916666666667 0.06937499999999999 0.3075
0 0.8765625 0.5302083333333333 0.16499999999999998 0.5824999999999999
