1 0.50859375 0.7066276803118908 0.110625 0.02573099415204678
2 0.48984375 0.7066276803118908 0.065625 0.03001949317738791
2 0.55234375 0.702729044834308 0.005625 0.008187134502923975
3 0.50859375 0.6442495126705653 0.110625 0.17543859649122806
4 0.48984375 0.6442495126705653 0.065625 0.2046783625730994
4 0.51640625 0.6549707602339181 0.091875 0.1419103313840156
5 0.5203125 0.6062378167641326 0.13874999999999998 0.2666666666666666
0 0.4984375 0.5175438596491229 0.19124999999999998 0.47953216374269003
1 0.15625 0.6910331384015594 0.18375 0.10058479532163743
2 0.1984375 0.7115009746588694 0.08249999999999999 0.06003898635477582
2 0.11875 0.6734892787524367 0.09375 0.0682261208576998
3 0.1703125 0.6345029239766082 0.21749999999999997 0.23625730994152044
4 0.2125 0.6461988304093568 0.11624999999999999 0.2428849902534113
4 0.146875 0.6169590643274854 0.16125 0.22651072124756333
5 0.2265625 0.6257309941520468 0.3525 0.2573099415204678
0 0.2640625 0.49707602339181284 0.4425 0.5660818713450292
1 0.82734375 0.557504873294347 0.046875 0.023391812865497075
2 0.8109375 0.5614035087719298 0.0075 0.01637426900584795
2 0.846875 0.5526315789473685 0.0 0.01364522417153996
3 0.8015625 0.5350877192982456 0.10874999999999999 0.07719298245614035
4 0.78515625 0.5350877192982456 0.06937499999999999 0.09005847953216374
4 0.809375 0.5370370370370371 0.09 0.05730994152046783
5 0.7953125 0.49122807017543857 0.12375 0.18245614035087718
0 0.75546875 0.42105263157894735 0.21937500000000001 0.3508771929824561
