1 0.526 0.8653333333333333 0.2064 0.0608
2 0.592 0.86 0.048 0.056
2 0.456 0.8653333333333333 0.0384 0.07093333333333333
3 0.526 0.8053333333333333 0.2064 0.20479999999999998
4 0.592 0.8 0.048 0.224
4 0.467 0.8066666666666666 0.0648 0.23519999999999996
5 0.526 0.7426666666666667 0.2064 0.35519999999999996
0 0.522 0.576 0.216 0.7552
1 0.368 0.8733333333333333 0.1296 0.0608
2 0.403 0.8666666666666667 0.0456 0.05226666666666666
2 0.326 0.88 0.028799999999999996 0.05226666666666666
3 0.368 0.82 0.1296 0.1888
4 0.403 0.8146666666666667 0.0456 0.19786666666666664
4 0.329 0.82 0.036 0.22026666666666664
5 0.368 0.7346666666666667 0.1296 0.3936
0 0.35 0.592 0.2208 0.736
