1 0.3935546875 0.73515625 0.11015625 0.039375
2 0.4306640625 0.7328125 0.021093749999999998 0.039375
2 0.3603515625 0.7375 0.03046875 0.039375
3 0.3935546875 0.68125 0.11015625 0.16875
4 0.4287109375 0.6828125 0.02578125 0.179375
4 0.3603515625 0.68125 0.03046875 0.19687499999999997
5 0.388671875 0.625 0.121875 0.30375
0 0.39453125 0.528125 0.4125 0.53625
1 0.56640625 0.54453125 0.0375 0.005625
2 0.5791015625 0.54453125 0.007031249999999999 0.006562499999999999
2 0.5546875 0.54453125 0.009375 0.006562499999999999
3 0.56640625 0.5265625 0.0375 0.04875
4 0.5791015625 0.5265625 0.007031249999999999 0.056874999999999995
4 0.5556640625 0.5265625 0.01171875 0.056874999999999995
5 0.56640625 0.509375 0.0375 0.09
0 0.5703125 0.47578125 0.046875 0.170625
