1 0.41875 0.6825259515570934 0.255 0.14740484429065745
2 0.51796875 0.6591695501730104 0.016874999999999998 0.10657439446366782
2 0.34609375 0.736159169550173 0.080625 0.02179930795847751
3 0.41875 0.6695501730103807 0.255 0.17854671280276818
4 0.46484375 0.653114186851211 0.14437499999999998 0.12352941176470587
4 0.34609375 0.6695501730103807 0.080625 0.20830449826989617
5 0.41875 0.6055363321799307 0.255 0.33217993079584773
0 0.41875 0.4610726643598616 0.255 0.6788927335640138
1 0.5890625 0.8460207612456747 0.40499999999999997 0.07058823529411765
2 0.45234375 0.8365051903114187 0.076875 0.03633217993079585
2 0.74921875 0.8460207612456747 0.020624999999999998 0.08235294117647057
3 0.5890625 0.7802768166089965 0.40499999999999997 0.22837370242214533
4 0.45703125 0.7673010380622838 0.088125 0.2301038062283737
4 0.70859375 0.8027681660899654 0.118125 0.20346020761245673
5 0.5890625 0.7491349480968859 0.40499999999999997 0.30311418685121105
0 0.5890625 0.6237024221453287 0.40499999999999997 0.604152249134948
