1 0.7125 0.7833333333333333 0.0375 0.045
2 0.72109375 0.7760416666666666 0.016874999999999998 0.03208333333333333
2 0.7046875 0.7927083333333333 0.01875 0.02625
3 0.71171875 0.7510416666666667 0.039375 0.1225
4 0.71171875 0.74375 0.039375 0.1225
4 0.71171875 0.7541666666666667 0.035625000000000004 0.13416666666666666
5 0.7265625 0.7125 0.075 0.215
0 0.7296875 0.6427083333333333 0.13499999999999998 0.3825
1 0.27109375 0.790625 0.020624999999999998 0.0225
2 0.26796875 0.79375 0.013125000000000001 0.017499999999999998
2 0.2765625 0.7833333333333333 0.0075 0.005833333333333333
3 0.2625 0.75625 0.041249999999999995 0.105
4 0.2671875 0.75625 0.015 0.1225
4 0.2625 0.75625 0.041249999999999995 0.08166666666666665
5 0.25859375 0.7208333333333333 0.050624999999999996 0.19
0 0.2453125 0.6375 0.12 0.38999999999999996
