1 0.778125 0.6416666666666667 0.06749999999999999 0.01
2 0.7984375 0.6416666666666667 0.01875 0.011666666666666665
2 0.75859375 0.6416666666666667 0.020624999999999998 0.011666666666666665
3 0.778125 0.621875 0.06749999999999999 0.057499999999999996
4 0.79453125 0.6260416666666667 0.028125 0.05541666666666666
4 0.76015625 0.621875 0.024375 0.06708333333333333
5 0.778125 0.6041666666666666 0.06749999999999999 0.1
0 0.778125 0.596875 0.06749999999999999 0.1175
1 0.17109375 0.678125 0.043125 0.0225
2 0.1796875 0.671875 0.0225 0.008749999999999999
2 0.16171875 0.684375 0.020624999999999998 0.008749999999999999
3 0.17109375 0.659375 0.043125 0.06749999999999999
4 0.1796875 0.653125 0.0225 0.06125
4 0.16171875 0.6604166666666667 0.020624999999999998 0.07583333333333334
5 0.17109375 0.634375 0.043125 0.1275
0 0.17109375 0.5979166666666667 0.043125 0.215
