1 0.5359375 0.575 0.26999999999999996 0.029999999999999995
2 0.43671875 0.5708333333333333 0.031875 0.02333333333333333
2 0.63515625 0.5791666666666667 0.031875 0.02333333333333333
3 0.5359375 0.50625 0.26999999999999996 0.19499999999999998
4 0.44921875 0.5020833333333333 0.061875 0.21583333333333332
4 0.625 0.50625 0.05625 0.22749999999999998
5 0.5359375 0.45416666666666666 0.26999999999999996 0.32
0 0.5359375 0.346875 0.26999999999999996 0.5775
1 0.32421875 0.41770833333333335 0.170625 0.042499999999999996
2 0.26640625 0.41354166666666664 0.031875 0.03791666666666667
2 0.3828125 0.41770833333333335 0.03 0.049583333333333326
3 0.32421875 0.3625 0.170625 0.175
4 0.26640625 0.35833333333333334 0.031875 0.19249999999999998
4 0.3828125 0.3645833333333333 0.03 0.1983333333333333
5 0.32421875 0.3625 0.170625 0.175
0 0.3265625 0.271875 0.17625 0.3925
