1 0.934375 0.8067915690866511 0.13125 0.0702576112412178
2 0.90546875 0.8278688524590164 0.061875 0.022950819672131147
2 0.97109375 0.7868852459016393 0.043125 0.02622950819672131
3 0.934375 0.7494145199063232 0.13125 0.2079625292740047
4 0.90546875 0.7517564402810304 0.061875 0.2360655737704918
4 0.9703125 0.7295081967213115 0.045 0.18688524590163932
5 0.934375 0.6908665105386417 0.13125 0.34847775175644025
0 0.934375 0.607728337236534 0.13125 0.5480093676814989
1 0.453125 0.819672131147541 0.27375 0.022482435597189696
2 0.346875 0.8185011709601874 0.01875 0.022950819672131147
2 0.56171875 0.8208430913348946 0.013125000000000001 0.022950819672131147
3 0.453125 0.7622950819672131 0.27375 0.16018735362997655
4 0.37109375 0.7611241217798594 0.076875 0.18360655737704917
4 0.54296875 0.7622950819672131 0.058124999999999996 0.18688524590163932
5 0.453125 0.7166276346604216 0.27375 0.26978922716627635
0 0.453125 0.5843091334894613 0.27375 0.5873536299765808
1 0.771875 0.7365339578454333 0.0975 0.0927400468384075
2 0.75703125 0.7681498829039812 0.061875 0.019672131147540982
2 0.8 0.7318501170960188 0.03 0.09508196721311474
3 0.77109375 0.7014051522248244 0.09937499999999999 0.17704918032786884
4 0.75625 0.711943793911007 0.06375 0.17704918032786884
4 0.775 0.6967213114754098 0.09 0.19344262295081965
5 0.78203125 0.6932084309133489 0.125625 0.19672131147540983
0 0.76328125 0.6311475409836066 0.170625 0.34566744730679155
