1 0.46328125 0.7704918032786885 0.433125 0.20234192037470725
2 0.61171875 0.8407494145199064 0.076875 0.039344262295081964
2 0.30234375 0.7084309133489461 0.046875 0.06229508196721311
3 0.46328125 0.7213114754098361 0.433125 0.3203747072599531
4 0.61015625 0.7505854800936768 0.080625 0.29180327868852457
4 0.346875 0.6592505854800936 0.15375 0.19999999999999998
5 0.46328125 0.6686182669789227 0.433125 0.44683840749414516
0 0.4859375 0.5140515222482436 0.4875 0.8177985948477752
1 0.46953125 0.8114754098360656 0.21187499999999998 0.08149882903981263
2 0.39453125 0.8067915690866511 0.031875 0.08196721311475409
2 0.5375 0.8313817330210773 0.04875 0.039344262295081964
3 0.46953125 0.7728337236533958 0.21187499999999998 0.17423887587822012
4 0.42578125 0.788056206088993 0.10687499999999998 0.13442622950819672
4 0.53203125 0.7728337236533958 0.061875 0.20327868852459016
5 0.46953125 0.7283372365339579 0.21187499999999998 0.2810304449648712
0 0.46953125 0.617096018735363 0.21187499999999998 0.5480093676814989
1 0.74296875 0.702576112412178 0.125625 0.08992974238875878
2 0.69296875 0.7271662763466042 0.005625 0.0360655737704918
2 0.76875 0.6955503512880562 0.06375 0.08524590163934426
3 0.728125 0.6487119437939111 0.16125 0.21920374707259951
4 0.678125 0.6686182669789227 0.041249999999999995 0.19999999999999998
4 0.74609375 0.6416861826697893 0.118125 0.2360655737704918
5 0.678125 0.6147540983606558 0.28125 0.3007025761124122
0 0.678125 0.5187353629976581 0.28125 0.5311475409836065
1 0.153125 0.8501170960187353 0.2625 0.14613583138173303
2 0.13203125 0.8337236533957846 0.21187499999999998 0.12459016393442622
2 0.17109375 0.8583138173302107 0.21937500000000001 0.14754098360655735
3 0.153125 0.8302107728337237 0.2625 0.1939110070257611
4 0.140625 0.8138173302107728 0.23249999999999998 0.18032786885245902
4 0.17109375 0.8454332552693209 0.21937500000000001 0.18360655737704917
5 0.153125 0.7798594847775175 0.2625 0.31475409836065577
0 0.153125 0.6194379391100703 0.2625 0.6997658079625293
