1 0.3958333333333333 0.727 0.225 0.0504
2 0.4552083333333333 0.739 0.0825 0.0252
2 0.3375 0.712 0.08499999999999999 0.016799999999999995
3 0.3958333333333333 0.669 0.225 0.1896
4 0.4552083333333333 0.679 0.0825 0.19319999999999998
4 0.340625 0.654 0.0925 0.1792
5 0.3958333333333333 0.608 0.225 0.336
0 0.40520833333333334 0.505 0.2475 0.5831999999999999
1 0.6041666666666666 0.693 0.2 0.0552
2 0.6583333333333333 0.7 0.07 0.0448
2 0.5270833333333333 0.682 0.014999999999999998 0.03359999999999999
3 0.6041666666666666 0.64 0.2 0.1824
4 0.6520833333333333 0.64 0.08499999999999999 0.2128
4 0.5270833333333333 0.633 0.014999999999999998 0.17079999999999998
5 0.6041666666666666 0.591 0.2 0.3
0 0.5947916666666667 0.491 0.2225 0.54
