1 0.6265625 0.944954128440367 0.07875 0.04403669724770642
2 0.60703125 0.9461009174311926 0.031875 0.04174311926605504
2 0.6453125 0.944954128440367 0.033749999999999995 0.05137614678899082
3 0.6265625 0.8967889908256881 0.07875 0.15963302752293576
4 0.60859375 0.8956422018348624 0.035625000000000004 0.1830275229357798
4 0.6453125 0.9013761467889908 0.033749999999999995 0.17339449541284402
5 0.6265625 0.8474770642201835 0.07875 0.2779816513761468
0 0.6265625 0.8474770642201835 0.07875 0.2779816513761468
1 0.5 0.9644495412844036 0.06 0.030275229357798163
2 0.48125 0.9655963302752294 0.015 0.02568807339449541
2 0.52109375 0.9644495412844036 0.009375 0.03532110091743119
3 0.5 0.9334862385321101 0.06 0.10458715596330276
4 0.48125 0.9334862385321101 0.015 0.11559633027522935
4 0.5203125 0.9334862385321101 0.01125 0.1220183486238532
5 0.5 0.9013761467889908 0.06 0.181651376146789
0 0.5 0.9013761467889908 0.06 0.181651376146789
