1 0.1625 0.86640625 0.08499999999999999 0.016874999999999998
2 0.14375 0.8671875 0.04 0.0043749999999999995
2 0.16666666666666666 0.86640625 0.075 0.0196875
3 0.1625 0.83515625 0.08499999999999999 0.091875
4 0.14375 0.83359375 0.04 0.09843749999999998
4 0.165625 0.83515625 0.07749999999999999 0.10718749999999999
5 0.1625 0.79921875 0.08499999999999999 0.178125
0 0.16145833333333334 0.74140625 0.1025 0.31687499999999996
1 0.4791666666666667 0.896875 0.125 0.01125
2 0.440625 0.89921875 0.0325 0.006562499999999999
2 0.5177083333333333 0.896875 0.0325 0.013124999999999998
3 0.4791666666666667 0.8640625 0.125 0.09
4 0.440625 0.8640625 0.0325 0.10499999999999998
4 0.5177083333333333 0.86484375 0.0325 0.1028125
5 0.4791666666666667 0.82265625 0.125 0.189375
0 0.5104166666666666 0.76328125 0.2 0.33187500000000003
