1 0.84140625 0.8676814988290398 0.114375 0.0477751756440281
2 0.88046875 0.8723653395784543 0.020624999999999998 0.04262295081967213
2 0.80703125 0.8629976580796253 0.031875 0.04262295081967213
3 0.84140625 0.7962529274004684 0.114375 0.21920374707259951
4 0.88046875 0.7997658079625293 0.020624999999999998 0.2459016393442623
4 0.80703125 0.7915690866510539 0.031875 0.2426229508196721
5 0.84140625 0.7060889929742389 0.114375 0.43559718969555034
0 0.8515625 0.5644028103044496 0.225 0.7756440281030444
1 0.575 0.5737704918032787 0.0375 0.06182669789227166
2 0.56796875 0.5866510538641686 0.020624999999999998 0.0360655737704918
2 0.5875 0.5608899297423887 0.0075 0.0360655737704918
3 0.575 0.5398126463700235 0.0375 0.1433255269320843
4 0.56796875 0.5468384074941453 0.020624999999999998 0.14754098360655735
4 0.5796875 0.5269320843091335 0.026250000000000002 0.13114754098360656
5 0.575 0.5058548009367682 0.0375 0.22482435597189696
0 0.55234375 0.43676814988290397 0.129375 0.3906323185011709
