1 0.1990632318501171 0.53671875 0.11241217798594848 0.009375
2 0.24473067915690866 0.53359375 0.002810304449648712 0.0021874999999999998
2 0.1557377049180328 0.53671875 0.008430913348946136 0.0109375
3 0.20023419203747073 0.5109375 0.11522248243559718 0.07125000000000001
4 0.2459016393442623 0.5078125 0.005620608899297424 0.074375
4 0.1557377049180328 0.5109375 0.008430913348946136 0.08312499999999999
5 0.20023419203747073 0.4984375 0.11522248243559718 0.10124999999999999
0 0.22014051522248243 0.47421875 0.16299765807962527 0.159375
1 0.5562060889929742 0.21171875 0.08149882903981263 0.024375
2 0.5831381733021077 0.21875 0.01686182669789227 0.008749999999999999
2 0.5304449648711944 0.20546875 0.019672131147540985 0.0109375
3 0.5597189695550351 0.1984375 0.08992974238875878 0.05625
4 0.5866510538641686 0.20390625 0.025292740046838406 0.050312499999999996
4 0.5398126463700235 0.1921875 0.04215456674473068 0.048124999999999994
5 0.5597189695550351 0.1921875 0.08992974238875878 0.07125000000000001
0 0.5749414519906323 0.17109375 0.12646370023419204 0.121875
