1 0.23203125 0.837995337995338 0.09937499999999999 0.13706293706293707
2 0.25 0.8065268065268065 0.05625 0.07179487179487179
2 0.20390625 0.8426573426573427 0.031875 0.14685314685314685
3 0.23203125 0.789044289044289 0.09937499999999999 0.2545454545454546
4 0.2359375 0.7575757575757576 0.09 0.20885780885780886
4 0.20859375 0.8076923076923077 0.043125 0.24475524475524477
5 0.2015625 0.7412587412587412 0.1725 0.36923076923076925
0 0.1828125 0.6317016317016317 0.26625 0.6321678321678321
1 0.72265625 0.837995337995338 0.09562499999999999 0.1258741258741259
2 0.7421875 0.8076923076923077 0.04875 0.062004662004662
2 0.69609375 0.8473193473193473 0.031875 0.12074592074592073
3 0.72265625 0.7925407925407926 0.09562499999999999 0.23496503496503496
4 0.7296875 0.7622377622377622 0.07875 0.18927738927738924
4 0.696875 0.8053613053613053 0.033749999999999995 0.2382284382284382
5 0.6921875 0.7400932400932401 0.16875 0.3608391608391608
0 0.67265625 0.6188811188811189 0.26437499999999997 0.6517482517482517
1 0.33203125 0.32284382284382285 0.088125 0.03636363636363636
2 0.3625 0.32517482517482516 0.015 0.035897435897435895
2 0.30546875 0.32284382284382285 0.024375 0.04242424242424242
3 0.34453125 0.3111888111888112 0.118125 0.06433566433566433
4 0.375 0.3111888111888112 0.045 0.07505827505827505
4 0.3203125 0.3111888111888112 0.06 0.07505827505827505
5 0.34453125 0.2703962703962704 0.118125 0.16223776223776223
0 0.34921875 0.21678321678321677 0.129375 0.2909090909090909
1 0.8125 0.32284382284382285 0.09 0.030769230769230767
2 0.840625 0.32400932400932403 0.0225 0.03263403263403263
2 0.784375 0.32284382284382285 0.0225 0.035897435897435895
3 0.82265625 0.31002331002331 0.114375 0.061538461538461535
4 0.85078125 0.3111888111888112 0.046875 0.06853146853146853
4 0.79921875 0.31002331002331 0.058124999999999996 0.07179487179487179
5 0.82265625 0.28088578088578087 0.114375 0.13146853146853146
0 0.8265625 0.21561771561771562 0.12375 0.2881118881118881
