1 0.3453125 0.8552083333333333 0.052500000000000005 0.057499999999999996
2 0.35 0.840625 0.033749999999999995 0.02625
2 0.3453125 0.86875 0.052500000000000005 0.029166666666666667
3 0.3453125 0.8208333333333333 0.052500000000000005 0.14
4 0.35 0.8072916666666666 0.033749999999999995 0.11958333333333333
4 0.3453125 0.8208333333333333 0.052500000000000005 0.1633333333333333
5 0.3453125 0.7833333333333333 0.052500000000000005 0.22999999999999998
0 0.3453125 0.6916666666666667 0.052500000000000005 0.45
1 0.41015625 0.8083333333333333 0.084375 0.014999999999999998
2 0.4328125 0.8083333333333333 0.03 0.017499999999999998
2 0.390625 0.8052083333333333 0.0375 0.008749999999999999
3 0.41015625 0.771875 0.084375 0.1025
4 0.4328125 0.7770833333333333 0.03 0.105
4 0.390625 0.76875 0.0375 0.11083333333333333
5 0.41015625 0.7364583333333333 0.084375 0.1875
0 0.42734375 0.6625 0.125625 0.365
