1 0.632 0.7297297297297297 0.1056 0.07207207207207207
2 0.604 0.7552552552552553 0.0384 0.01261261261261261
2 0.67 0.7282282282282282 0.014399999999999998 0.07987987987987988
3 0.632 0.6801801801801802 0.1056 0.19099099099099098
4 0.604 0.6831831831831832 0.0384 0.2144144144144144
4 0.65 0.6786786786786787 0.0624 0.21861861861861862
5 0.632 0.6111111111111112 0.1056 0.3567567567567567
0 0.621 0.5180180180180181 0.132 0.5801801801801801
1 0.466 0.7732732732732732 0.043199999999999995 0.08288288288288288
2 0.464 0.7717717717717718 0.0384 0.09249249249249249
2 0.483 0.7957957957957958 0.0024 0.033633633633633635
3 0.458 0.7357357357357357 0.0624 0.17297297297297295
4 0.456 0.7342342342342343 0.05759999999999999 0.1975975975975976
4 0.483 0.7357357357357357 0.0024 0.20180180180180177
5 0.465 0.6801801801801802 0.0792 0.3063063063063063
0 0.493 0.5540540540540541 0.1464 0.609009009009009
1 0.223 0.8108108108108109 0.108 0.06486486486486485
2 0.251 0.8243243243243243 0.040799999999999996 0.03783783783783784
2 0.19 0.7957957957957958 0.028799999999999996 0.033633633633633635
3 0.223 0.7492492492492493 0.108 0.2126126126126126
4 0.251 0.7507507507507507 0.040799999999999996 0.2438438438438438
4 0.199 0.7342342342342343 0.0504 0.206006006006006
5 0.223 0.6726726726726727 0.108 0.3963963963963964
0 0.21 0.5555555555555556 0.168 0.6774774774774774
