1 0.775 0.8969555035128806 0.12 0.05620608899297424
2 0.73125 0.9110070257611241 0.015 0.02622950819672131
2 0.81640625 0.8946135831381733 0.020624999999999998 0.05901639344262295
3 0.775 0.8302107728337237 0.12 0.2163934426229508
4 0.73125 0.8384074941451991 0.015 0.22950819672131148
4 0.803125 0.8278688524590164 0.052500000000000005 0.2459016393442623
5 0.76796875 0.7412177985948478 0.136875 0.4299765807962529
0 0.75390625 0.5655737704918032 0.170625 0.8515222482435596
1 0.47890625 0.8875878220140515 0.046875 0.022482435597189696
2 0.48125 0.8852459016393442 0.041249999999999995 0.019672131147540982
2 0.471875 0.8911007025761124 0.03 0.01639344262295082
3 0.47890625 0.8536299765807962 0.046875 0.10398126463700234
4 0.48125 0.8512880562060889 0.041249999999999995 0.11475409836065574
4 0.471875 0.8548009367681498 0.03 0.1180327868852459
5 0.47890625 0.8138173302107728 0.046875 0.19953161592505855
0 0.48125 0.7681498829039812 0.052500000000000005 0.3091334894613583
