1 0.50234375 0.9707259953161592 0.361875 0.019672131147540985
2 0.64453125 0.9718969555035128 0.020624999999999998 0.019672131147540982
2 0.3515625 0.9625292740046838 0.0 0.0
3 0.50234375 0.8583138173302107 0.361875 0.28337236533957844
4 0.6 0.8899297423887588 0.1275 0.22014051522248243
4 0.35390625 0.8501170960187353 0.005625 0.2997658079625293
5 0.50234375 0.7646370023419203 0.361875 0.4707259953161593
0 0.50234375 0.5655737704918032 0.361875 0.8688524590163934
1 0.76015625 0.7552693208430913 0.20812499999999998 0.0477751756440281
2 0.83125 0.7599531615925058 0.0375 0.04262295081967213
2 0.6984375 0.7412177985948478 0.06 0.01639344262295082
3 0.76015625 0.6826697892271663 0.20812499999999998 0.22201405152224823
4 0.82734375 0.6908665105386417 0.046875 0.2360655737704918
4 0.6984375 0.6686182669789227 0.06 0.21967213114754097
5 0.76015625 0.6358313817330211 0.20812499999999998 0.33442622950819667
0 0.76015625 0.5128805620608899 0.20812499999999998 0.6295081967213115
