1 0.5046875 0.734375 0.10874999999999999 0.06749999999999999
2 0.534375 0.7427083333333333 0.0375 0.05541666666666666
2 0.475 0.7229166666666667 0.0375 0.04666666666666666
3 0.50078125 0.671875 0.118125 0.21749999999999997
4 0.5328125 0.671875 0.041249999999999995 0.25375
4 0.47109375 0.6614583333333334 0.046875 0.21875
5 0.49375 0.596875 0.13499999999999998 0.39749999999999996
0 0.4828125 0.43854166666666666 0.16125 0.7775
1 0.36953125 0.7260416666666667 0.14437499999999998 0.0925
2 0.41875 0.7427083333333333 0.026250000000000002 0.06125
2 0.31640625 0.7166666666666667 0.016874999999999998 0.08166666666666665
3 0.36953125 0.6864583333333333 0.14437499999999998 0.1875
4 0.41796875 0.6947916666666667 0.028125 0.19541666666666666
4 0.31953125 0.6770833333333334 0.024375 0.19249999999999998
5 0.36953125 0.6270833333333333 0.14437499999999998 0.33
0 0.3703125 0.525 0.14625 0.575
1 0.621875 0.7854166666666667 0.075 0.095
2 0.64453125 0.7864583333333334 0.020624999999999998 0.10791666666666666
2 0.59765625 0.778125 0.016874999999999998 0.09041666666666666
3 0.6171875 0.725 0.08625 0.23999999999999996
4 0.64453125 0.7270833333333333 0.020624999999999998 0.27416666666666667
4 0.59296875 0.7177083333333333 0.028125 0.25958333333333333
5 0.6140625 0.6395833333333333 0.09375 0.445
0 0.6203125 0.5 0.1725 0.7799999999999999
