1 0.26796875 0.5058548009367682 0.136875 0.08430913348946135
2 0.309375 0.477751756440281 0.0375 0.019672131147540982
2 0.21796875 0.5304449648711944 0.016874999999999998 0.029508196721311476
3 0.26796875 0.4718969555035129 0.136875 0.165807962529274
4 0.309375 0.44379391100702575 0.0375 0.11475409836065574
4 0.24296875 0.4894613583138173 0.076875 0.1442622950819672
5 0.26796875 0.4718969555035129 0.136875 0.165807962529274
0 0.296875 0.41217798594847777 0.20625 0.3091334894613583
1 0.1453125 0.5421545667447307 0.05625 0.10398126463700234
2 0.128125 0.5023419203747073 0.015 0.009836065573770491
2 0.14765625 0.5737704918032787 0.050624999999999996 0.03278688524590164
3 0.14765625 0.49063231850117095 0.061875 0.22763466042154568
4 0.14765625 0.45081967213114754 0.061875 0.1540983606557377
4 0.15 0.5163934426229508 0.05625 0.19344262295081965
5 0.14140625 0.47306791569086654 0.076875 0.26978922716627635
0 0.15390625 0.41920374707259955 0.10687499999999998 0.3990632318501171
1 0.59296875 0.5585480093676815 0.286875 0.03091334894613583
2 0.48203125 0.5655737704918032 0.020624999999999998 0.01639344262295082
2 0.70859375 0.5526932084309133 0.009375 0.019672131147540982
3 0.59296875 0.5175644028103045 0.286875 0.12927400468384073
4 0.5 0.5245901639344263 0.06375 0.13114754098360656
4 0.6890625 0.5117096018735363 0.05625 0.13442622950819672
5 0.59296875 0.4918032786885246 0.286875 0.1911007025761124
0 0.59296875 0.39695550351288056 0.286875 0.41873536299765807
