1 0.309375 0.7875647668393783 0.05625 0.06217616580310881
2 0.296875 0.7849740932642487 0.026250000000000002 0.06528497409326425
2 0.31796875 0.7901554404145078 0.035625000000000004 0.06528497409326425
3 0.309375 0.7253886010362695 0.05625 0.21139896373056993
4 0.2984375 0.7227979274611399 0.03 0.2393782383419689
4 0.31796875 0.7318652849740933 0.035625000000000004 0.22849740932642484
5 0.31171875 0.6606217616580311 0.061875 0.36683937823834195
0 0.31328125 0.47020725388601037 0.065625 0.8238341968911918
1 0.13046875 0.616580310880829 0.028125 0.024870466321243522
2 0.1375 0.6191709844559585 0.01125 0.02176165803108808
2 0.12265625 0.6152849740932642 0.009375 0.02538860103626943
3 0.13125 0.5919689119170984 0.03 0.08393782383419689
4 0.13828125 0.5919689119170984 0.013125000000000001 0.09792746113989637
4 0.12421875 0.5906735751295337 0.013125000000000001 0.09430051813471502
5 0.13203125 0.5660621761658031 0.031875 0.1461139896373057
0 0.134375 0.5103626943005182 0.06 0.27979274611398963
