1 0.51796875 0.6997663551401869 0.196875 0.014018691588785047
2 0.440625 0.7009345794392523 0.01125 0.01308411214953271
2 0.58984375 0.6997663551401869 0.024375 0.016355140186915886
3 0.51796875 0.6565420560747663 0.196875 0.11775700934579439
4 0.4578125 0.6647196261682243 0.052500000000000005 0.11448598130841121
4 0.5875 0.6565420560747663 0.03 0.13738317757009344
5 0.51796875 0.6530373831775701 0.196875 0.1261682242990654
0 0.51796875 0.5899532710280374 0.196875 0.2775700934579439
1 0.228125 0.6845794392523364 0.04875 0.028037383177570093
2 0.2390625 0.677570093457944 0.0225 0.01308411214953271
2 0.2171875 0.6939252336448598 0.0225 0.006542056074766355
3 0.22109375 0.6507009345794392 0.065625 0.10934579439252336
4 0.234375 0.6436915887850467 0.033749999999999995 0.10794392523364485
4 0.21015625 0.6670560747663551 0.039375 0.08177570093457943
5 0.1984375 0.633177570093458 0.12 0.1514018691588785
0 0.1859375 0.5584112149532711 0.15 0.3308411214953271
1 0.48046875 0.4205607476635514 0.09562499999999999 0.022429906542056073
2 0.5046875 0.42289719626168226 0.0375 0.01308411214953271
2 0.4484375 0.4205607476635514 0.01875 0.02616822429906542
3 0.48046875 0.38901869158878505 0.09562499999999999 0.09813084112149532
4 0.5046875 0.3878504672897196 0.0375 0.11121495327102802
4 0.45546875 0.38901869158878505 0.035625000000000004 0.11448598130841121
5 0.48046875 0.3516355140186916 0.09562499999999999 0.1878504672897196
0 0.48046875 0.2827102803738318 0.09562499999999999 0.35327102803738314
