1 0.4739583333333333 0.8 0.1125 0.01875
2 0.459375 0.8 0.07749999999999999 0.021875
2 0.5166666666666667 0.796875 0.01 0.013124999999999998
3 0.47708333333333336 0.75546875 0.11999999999999998 0.125625
4 0.459375 0.75546875 0.07749999999999999 0.14656249999999998
4 0.5197916666666667 0.75546875 0.0175 0.1290625
5 0.48541666666666666 0.7140625 0.14 0.225
0 0.48541666666666666 0.65 0.14 0.37875
1 0.3927083333333333 0.80234375 0.09749999999999999 0.009375
2 0.43020833333333336 0.7984375 0.007499999999999999 0.0
2 0.375 0.80234375 0.055 0.0109375
3 0.4010416666666667 0.74375 0.1175 0.15
4 0.43854166666666666 0.74296875 0.0275 0.1553125
4 0.375 0.74375 0.055 0.175
5 0.40729166666666666 0.70859375 0.13249999999999998 0.234375
0 0.453125 0.625 0.2425 0.43499999999999994
1 0.20625 0.7984375 0.16 0.03
2 0.23645833333333333 0.80234375 0.0875 0.024062499999999997
2 0.18020833333333333 0.79609375 0.09749999999999999 0.028437499999999998
3 0.20625 0.75703125 0.16 0.129375
4 0.23645833333333333 0.7578125 0.0875 0.14875
4 0.18020833333333333 0.7546875 0.09749999999999999 0.14437499999999998
5 0.20625 0.71875 0.16 0.22125
0 0.20625 0.63046875 0.16 0.433125
1 0.07916666666666666 0.8171875 0.08499999999999999 0.015
2 0.07916666666666666 0.8171875 0.08499999999999999 0.017499999999999998
2 0.10625 0.8125 0.0 0.0
3 0.08020833333333334 0.775 0.0875 0.11624999999999999
4 0.08020833333333334 0.775 0.0875 0.135625
4 0.103125 0.77109375 0.007499999999999999 0.11593749999999999
5 0.084375 0.7328125 0.09749999999999999 0.21749999999999997
0 0.096875 0.646875 0.1275 0.42374999999999996
