1 0.21015625 0.7887323943661971 0.088125 0.016901408450704224
2 0.18515625 0.7887323943661971 0.028125 0.019718309859154928
2 0.23359375 0.7875586854460094 0.031875 0.009859154929577464
3 0.20859375 0.7417840375586855 0.091875 0.1295774647887324
4 0.18359375 0.7488262910798122 0.031875 0.13145539906103287
4 0.23046875 0.7394366197183099 0.039375 0.14460093896713613
5 0.20703125 0.7007042253521126 0.09562499999999999 0.22816901408450704
0 0.1984375 0.6220657276995305 0.11624999999999999 0.4169014084507042
1 0.08984375 0.784037558685446 0.05437499999999999 0.016901408450704224
2 0.06953125 0.778169014084507 0.005625 0.0032863849765258214
2 0.096875 0.7875586854460094 0.0375 0.009859154929577464
3 0.08984375 0.7382629107981221 0.05437499999999999 0.1267605633802817
4 0.0734375 0.7323943661971831 0.015 0.13145539906103287
4 0.096875 0.7406103286384976 0.0375 0.14131455399061033
5 0.08984375 0.6983568075117371 0.05437499999999999 0.22253521126760561
0 0.1015625 0.607981220657277 0.09 0.43943661971830983
