1 0.83203125 0.8504566210045662 0.031875 0.019178082191780823
2 0.8359375 0.8504566210045662 0.0225 0.022374429223744288
2 0.828125 0.8527397260273972 0.0225 0.01598173515981735
3 0.83203125 0.8310502283105022 0.031875 0.06575342465753424
4 0.8359375 0.8310502283105022 0.0225 0.07671232876712328
4 0.828125 0.8321917808219178 0.0225 0.0735159817351598
5 0.83203125 0.8093607305936074 0.031875 0.1178082191780822
0 0.8234375 0.7614155251141552 0.052500000000000005 0.2328767123287671
1 0.91796875 0.8333333333333334 0.028125 0.010958904109589041
2 0.9078125 0.8321917808219178 0.00375 0.00958904109589041
2 0.921875 0.8344748858447488 0.01875 0.00958904109589041
3 0.91796875 0.8116438356164384 0.028125 0.06301369863013698
4 0.90859375 0.8105022831050228 0.005625 0.07031963470319634
4 0.921875 0.8139269406392694 0.01875 0.06712328767123288
5 0.91796875 0.7945205479452054 0.028125 0.10410958904109589
0 0.91875 0.7568493150684932 0.03 0.19452054794520549
1 0.9703125 0.8310502283105022 0.0375 0.01643835616438356
2 0.97734375 0.8310502283105022 0.020624999999999998 0.01917808219178082
2 0.9609375 0.8321917808219178 0.015 0.00958904109589041
3 0.9703125 0.8139269406392694 0.0375 0.057534246575342465
4 0.97734375 0.8139269406392694 0.020624999999999998 0.06712328767123288
4 0.96171875 0.8127853881278538 0.016874999999999998 0.0639269406392694
5 0.97109375 0.791095890410959 0.039375 0.11232876712328767
0 0.971875 0.752283105022831 0.041249999999999995 0.2054794520547945
1 0.80625 0.8481735159817352 0.0225 0.02465753424657534
2 0.809375 0.8378995433789954 0.0 0.0
2 0.80625 0.8550228310502284 0.0225 0.00958904109589041
3 0.80625 0.8264840182648402 0.0225 0.07671232876712329
4 0.8125 0.8162100456621004 0.0075 0.060730593607305934
4 0.80625 0.8276255707762558 0.0225 0.08630136986301369
5 0.8078125 0.7990867579908676 0.026250000000000002 0.14246575342465753
0 0.80546875 0.7579908675799086 0.043125 0.24109589041095889
