1 0.6791569086651054 0.7953125 0.6416861826697893 0.16499999999999998
2 0.49882903981264637 0.8375 0.2135831381733021 0.074375
2 0.9074941451990632 0.778125 0.09836065573770492 0.14437499999999998
3 0.6791569086651054 0.725 0.6416861826697893 0.33375
4 0.5011709601873536 0.73203125 0.21920374707259951 0.3696875
4 0.8044496487119438 0.7078125 0.34566744730679155 0.34124999999999994
5 0.6791569086651054 0.6359375 0.6416861826697893 0.5475
0 0.6217798594847775 0.471875 0.7564402810304449 0.9412499999999999
1 0.35714285714285715 0.428125 0.08149882903981263 0.01125
2 0.38173302107728335 0.428125 0.022482435597189696 0.013124999999999998
2 0.32786885245901637 0.4265625 0.011241217798594848 0.008749999999999999
3 0.35714285714285715 0.40078125 0.08149882903981263 0.076875
4 0.38173302107728335 0.4015625 0.022482435597189696 0.0875
4 0.33021077283372363 0.39921875 0.01686182669789227 0.08531249999999999
5 0.35714285714285715 0.3796875 0.08149882903981263 0.1275
0 0.36416861826697894 0.34453125 0.16018735362997655 0.21187499999999998
