1 0.3541666666666667 0.85 0.15499999999999997 0.03
2 0.38958333333333334 0.84609375 0.07 0.024062499999999997
2 0.3125 0.85078125 0.055 0.0328125
3 0.3541666666666667 0.78515625 0.15499999999999997 0.18562499999999998
4 0.38958333333333334 0.78125 0.07 0.205625
4 0.3125 0.7875 0.055 0.20999999999999996
5 0.3541666666666667 0.7015625 0.15499999999999997 0.38625
0 0.35208333333333336 0.5671875 0.26499999999999996 0.70875
1 0.55625 0.81796875 0.15 0.001875
2 0.61875 0.8171875 0.0 0.0
2 0.49375 0.81875 0.0 0.0
3 0.55625 0.7515625 0.15 0.16125
4 0.615625 0.75078125 0.007499999999999999 0.18593749999999998
4 0.496875 0.75390625 0.007499999999999999 0.1815625
5 0.55625 0.68359375 0.15 0.32437499999999997
0 0.546875 0.56953125 0.27249999999999996 0.598125
