1 0.75390625 0.8155080213903744 0.125625 0.06417112299465241
2 0.73828125 0.8074866310160428 0.088125 0.05240641711229946
2 0.8015625 0.8342245989304813 0.01125 0.02245989304812834
3 0.75390625 0.7205882352941176 0.125625 0.29197860962566846
4 0.73828125 0.7125668449197861 0.088125 0.3181818181818181
4 0.7890625 0.7379679144385026 0.041249999999999995 0.2919786096256684
5 0.75390625 0.6577540106951871 0.125625 0.4427807486631016
0 0.75625 0.48663101604278075 0.13125 0.8534759358288769
1 0.66640625 0.8155080213903744 0.058124999999999996 0.025668449197860963
2 0.6734375 0.8181818181818182 0.041249999999999995 0.02245989304812834
2 0.65703125 0.8128342245989305 0.035625000000000004 0.02245989304812834
3 0.66640625 0.7366310160427807 0.058124999999999996 0.21497326203208553
4 0.6734375 0.7366310160427807 0.041249999999999995 0.25080213903743315
4 0.65703125 0.7379679144385026 0.035625000000000004 0.2320855614973262
5 0.66484375 0.6443850267379679 0.061875 0.43636363636363634
0 0.66171875 0.517379679144385 0.09937499999999999 0.7411764705882352
