1 0.78125 0.5645879732739421 0.21000000000000002 0.0775055679287305
2 0.7171875 0.5902004454342984 0.05625 0.018708240534521154
2 0.8640625 0.5623608017817372 0.01125 0.08418708240534521
3 0.78125 0.5233853006681515 0.21000000000000002 0.17639198218262808
4 0.7171875 0.5244988864142539 0.05625 0.2026726057906459
4 0.834375 0.5211581291759465 0.08249999999999999 0.199554565701559
5 0.78125 0.4665924276169265 0.21000000000000002 0.31269487750556796
0 0.78125 0.34743875278396436 0.21000000000000002 0.598663697104677
1 0.64453125 0.8429844097995546 0.354375 0.12561247216035634
2 0.7703125 0.8530066815144766 0.052500000000000005 0.11848552338530066
2 0.53359375 0.8040089086859689 0.088125 0.03741648106904231
3 0.64453125 0.7594654788418709 0.354375 0.32605790645879734
4 0.7296875 0.7895322939866369 0.15 0.2962138084632517
4 0.53359375 0.720489977728285 0.088125 0.27126948775055676
5 0.64453125 0.7015590200445434 0.354375 0.46503340757238304
0 0.6203125 0.6013363028953229 0.4125 0.7055679287305123
