1 0.40859375 0.7489583333333333 0.114375 0.0875
2 0.44609375 0.740625 0.024375 0.07875
2 0.3703125 0.7510416666666667 0.0225 0.09624999999999999
3 0.40859375 0.6572916666666667 0.114375 0.3075
4 0.4453125 0.6489583333333333 0.026250000000000002 0.33541666666666664
4 0.3703125 0.6604166666666667 0.0225 0.35
5 0.40859375 0.6520833333333333 0.114375 0.32
0 0.3859375 0.5125 0.16875 0.6549999999999999
1 0.55078125 0.7916666666666666 0.091875 0.08499999999999999
2 0.56953125 0.7989583333333333 0.046875 0.07875
2 0.5234375 0.7833333333333333 0.026250000000000002 0.07583333333333334
3 0.55078125 0.7041666666666667 0.091875 0.295
4 0.56953125 0.7072916666666667 0.046875 0.33541666666666664
4 0.53125 0.6958333333333333 0.045 0.32083333333333336
5 0.57109375 0.671875 0.140625 0.37249999999999994
0 0.6 0.5291666666666667 0.21000000000000002 0.715
