1 0.51328125 0.8032786885245902 0.148125 0.12927400468384073
2 0.54765625 0.8278688524590164 0.065625 0.08196721311475409
2 0.46953125 0.7985948477751756 0.043125 0.13770491803278687
3 0.51328125 0.7552693208430913 0.148125 0.24449648711943792
4 0.54765625 0.7552693208430913 0.065625 0.28524590163934427
4 0.48359375 0.7505854800936768 0.076875 0.27213114754098355
5 0.51484375 0.6709601873536299 0.151875 0.44683840749414516
0 0.55 0.48009367681498827 0.26999999999999996 0.9049180327868852
1 0.24453125 0.8723653395784543 0.110625 0.053395784543325525
2 0.28125 0.8770491803278688 0.0225 0.04918032786885246
2 0.21015625 0.8676814988290398 0.028125 0.04918032786885246
3 0.24453125 0.8430913348946136 0.110625 0.12365339578454332
4 0.28125 0.8430913348946136 0.0225 0.1442622950819672
4 0.215625 0.8548009367681498 0.041249999999999995 0.08524590163934426
5 0.24453125 0.8091334894613583 0.110625 0.20515222482435597
0 0.2453125 0.7259953161592506 0.12375 0.4046838407494145
