1 0.453125 0.75 0.345 0.15066079295154183
2 0.546875 0.7312775330396476 0.12 0.12334801762114538
2 0.35 0.7863436123348018 0.0975 0.07400881057268721
3 0.43984375 0.736784140969163 0.37687499999999996 0.18237885462555065
4 0.49453125 0.7180616740088106 0.24562499999999998 0.16035242290748897
4 0.33671875 0.751101321585903 0.129375 0.1726872246696035
5 0.41796875 0.7092511013215859 0.429375 0.24845814977973568
0 0.37578125 0.6574889867841409 0.5306249999999999 0.3726872246696035
1 0.88203125 0.5374449339207048 0.09562499999999999 0.09515418502202642
2 0.8984375 0.525330396475771 0.05625 0.07709251101321586
2 0.853125 0.5583700440528634 0.026250000000000002 0.05242290748898678
3 0.8875 0.47687224669603523 0.10874999999999999 0.24052863436123348
4 0.90390625 0.4647577092511013 0.06937499999999999 0.24669603524229075
4 0.853125 0.4845814977973568 0.026250000000000002 0.25903083700440527
5 0.8875 0.4052863436123348 0.10874999999999999 0.4123348017621145
0 0.878125 0.30837004405286345 0.16499999999999998 0.6167400881057269
1 0.7453125 0.7136563876651982 0.24375 0.11101321585903083
2 0.8 0.7158590308370044 0.1125 0.10484581497797356
2 0.6734375 0.7136563876651982 0.07125000000000001 0.12951541850220263
3 0.728125 0.6927312775330396 0.28500000000000003 0.16123348017621145
4 0.7828125 0.6894273127753304 0.15375 0.17885462555066076
4 0.65625 0.7015418502202643 0.1125 0.1634361233480176
5 0.7125 0.6729074889867841 0.3225 0.20881057268722467
0 0.69921875 0.6376651982378855 0.354375 0.2933920704845815
