1 0.40625 0.80234375 0.1828125 0.088125
2 0.3818359375 0.8046875 0.12421874999999999 0.09624999999999999
2 0.4697265625 0.77734375 0.03046875 0.0328125
3 0.40625 0.696875 0.1828125 0.34125
4 0.3818359375 0.696875 0.12421874999999999 0.39812499999999995
4 0.4443359375 0.68203125 0.09140625 0.2996875
5 0.41796875 0.62109375 0.2109375 0.5231250000000001
0 0.4833984375 0.46484375 0.48515624999999996 0.898125
1 0.97265625 0.5453125 0.028124999999999997 0.015
2 0.9765625 0.5421875 0.0 0.0
2 0.97265625 0.5453125 0.028124999999999997 0.017499999999999998
3 0.9697265625 0.521875 0.03515625 0.07125000000000001
4 0.9658203125 0.51875 0.02578125 0.065625
4 0.97265625 0.521875 0.028124999999999997 0.08312499999999999
5 0.966796875 0.50078125 0.042187499999999996 0.121875
0 0.951171875 0.45078125 0.09375 0.24187499999999998
1 0.8642578125 0.5015625 0.08203125 0.0075
2 0.892578125 0.5015625 0.014062499999999999 0.008749999999999999
2 0.8388671875 0.503125 0.021093749999999998 0.0043749999999999995
3 0.8642578125 0.484375 0.08203125 0.04875
4 0.892578125 0.484375 0.014062499999999999 0.056874999999999995
4 0.8427734375 0.48515625 0.03046875 0.0546875
5 0.8642578125 0.4640625 0.08203125 0.0975
0 0.8642578125 0.43359375 0.08203125 0.170625
