1 0.16640625 0.8230337078651685 0.016874999999999998 0.006741573033707865
2 0.159375 0.8258426966292135 0.0 0.0
2 0.1734375 0.8202247191011236 0.0 0.0
3 0.16796875 0.776685393258427 0.020624999999999998 0.11797752808988764
4 0.16171875 0.7794943820224719 0.005625 0.12977528089887638
4 0.175 0.773876404494382 0.00375 0.12977528089887638
5 0.16796875 0.7078651685393258 0.020624999999999998 0.28314606741573034
0 0.17734375 0.6151685393258427 0.043125 0.5056179775280899
1 0.0296875 0.8202247191011236 0.01125 0.006741573033707865
2 0.025 0.8174157303370787 0.0 0.0
2 0.034375 0.8230337078651685 0.0 0.0
3 0.0296875 0.7556179775280899 0.01125 0.16179775280898875
4 0.02578125 0.7556179775280899 0.001875 0.17303370786516853
4 0.03359375 0.7556179775280899 0.001875 0.18876404494382018
5 0.028125 0.6783707865168539 0.015 0.347191011235955
0 0.04140625 0.5926966292134831 0.050624999999999996 0.5528089887640449
