1 0.3640625 0.76875 0.075 0.025
2 0.38203125 0.7645833333333333 0.031875 0.017499999999999998
2 0.3421875 0.7708333333333334 0.0225 0.02333333333333333
3 0.38828125 0.7583333333333333 0.133125 0.05
4 0.40625 0.7552083333333334 0.09 0.04375
4 0.36484375 0.7583333333333333 0.076875 0.058333333333333334
5 0.39140625 0.7447916666666666 0.140625 0.0825
0 0.4109375 0.6958333333333333 0.1875 0.2
1 0.52578125 0.6875 0.024375 0.05
2 0.525 0.690625 0.0225 0.049583333333333326
2 0.52734375 0.6729166666666667 0.020624999999999998 0.017499999999999998
3 0.54609375 0.6729166666666667 0.073125 0.08499999999999999
4 0.54609375 0.6791666666666667 0.073125 0.08166666666666665
4 0.546875 0.6583333333333333 0.06749999999999999 0.058333333333333334
5 0.57109375 0.6729166666666667 0.133125 0.08499999999999999
0 0.57421875 0.6385416666666667 0.140625 0.16749999999999998
