1 0.2765625 0.3607068607068607 0.10874999999999999 0.04241164241164241
2 0.31015625 0.3711018711018711 0.028125 0.020374220374220372
2 0.24609375 0.3503118503118503 0.035625000000000004 0.020374220374220372
3 0.2765625 0.3212058212058212 0.10874999999999999 0.13721413721413722
4 0.309375 0.3305613305613306 0.03 0.13388773388773387
4 0.24609375 0.3108108108108108 0.035625000000000004 0.13097713097713096
5 0.2765625 0.3024948024948025 0.10874999999999999 0.1821205821205821
0 0.30859375 0.24844074844074845 0.18562499999999998 0.31185031185031187
1 0.73984375 0.35550935550935553 0.118125 0.05488565488565488
2 0.77890625 0.3731808731808732 0.024375 0.014553014553014554
2 0.6984375 0.33575883575883575 0.01875 0.00873180873180873
3 0.7375 0.31496881496881496 0.12375 0.1521829521829522
4 0.7671875 0.3316008316008316 0.052500000000000005 0.13097713097713096
4 0.69609375 0.29521829521829523 0.024375 0.12224532224532224
5 0.7375 0.31496881496881496 0.12375 0.1521829521829522
0 0.73984375 0.22557172557172558 0.129375 0.36673596673596676
