1 0.7984375 0.8490783410138248 0.37124999999999997 0.07465437788018432
2 0.93984375 0.8444700460829493 0.031875 0.07419354838709677
2 0.67578125 0.8559907834101382 0.076875 0.06774193548387096
3 0.7984375 0.7603686635944701 0.37124999999999997 0.28755760368663597
4 0.9046875 0.7569124423963134 0.11624999999999999 0.3193548387096774
4 0.67578125 0.7603686635944701 0.076875 0.3354838709677419
5 0.7984375 0.6808755760368663 0.37124999999999997 0.47834101382488475
0 0.7984375 0.5264976958525346 0.37124999999999997 0.848847926267281
1 0.3203125 0.8513824884792627 0.3675 0.08018433179723501
2 0.46015625 0.847926267281106 0.031875 0.08387096774193548
2 0.19609375 0.8629032258064516 0.06937499999999999 0.06129032258064516
3 0.3203125 0.7626728110599078 0.3675 0.2930875576036866
4 0.42109375 0.7626728110599078 0.125625 0.3225806451612903
4 0.19609375 0.7626728110599078 0.06937499999999999 0.34193548387096767
5 0.3203125 0.6670506912442397 0.3675 0.5225806451612903
0 0.3203125 0.5311059907834101 0.3675 0.848847926267281
