1 0.48046875 0.7489583333333333 0.103125 0.0325
2 0.44765625 0.753125 0.024375 0.02625
2 0.51875 0.740625 0.01125 0.014583333333333334
3 0.48046875 0.715625 0.103125 0.1125
4 0.44765625 0.721875 0.024375 0.11374999999999999
4 0.51015625 0.7072916666666667 0.031875 0.10791666666666666
5 0.48046875 0.68125 0.103125 0.19499999999999998
0 0.47421875 0.609375 0.118125 0.3675
1 0.58671875 0.6604166666666667 0.035625000000000004 0.02
2 0.578125 0.6625 0.015 0.017499999999999998
2 0.59765625 0.6572916666666667 0.009375 0.014583333333333334
3 0.58671875 0.6375 0.035625000000000004 0.075
4 0.578125 0.6375 0.015 0.0875
4 0.59765625 0.634375 0.009375 0.07875
5 0.5890625 0.6145833333333334 0.041249999999999995 0.13
0 0.6 0.565625 0.07875 0.2475
