1 0.7340425531914894 0.28515625 0.20141843971631207 0.024375
2 0.806146572104019 0.29140625 0.028368794326241134 0.0109375
2 0.6702127659574468 0.28046875 0.04822695035460992 0.015312499999999998
3 0.7340425531914894 0.2609375 0.20141843971631207 0.08249999999999999
4 0.806146572104019 0.26484375 0.028368794326241134 0.08531249999999999
4 0.6855791962174941 0.25625 0.0851063829787234 0.08312499999999999
5 0.7340425531914894 0.24296875 0.20141843971631207 0.125625
0 0.7387706855791962 0.21015625 0.2127659574468085 0.20437499999999997
1 0.5283687943262412 0.7375 0.39432624113475173 0.13874999999999998
2 0.40070921985815605 0.78828125 0.0879432624113475 0.0196875
2 0.6749408983451537 0.7015625 0.0425531914893617 0.06124999999999999
3 0.5283687943262412 0.7375 0.39432624113475173 0.13874999999999998
4 0.408983451536643 0.7375 0.10780141843971631 0.161875
4 0.6182033096926713 0.7015625 0.17872340425531913 0.06124999999999999
5 0.5283687943262412 0.703125 0.39432624113475173 0.22125
0 0.49527186761229314 0.646875 0.47375886524822697 0.35625
