1 0.81328125 0.7194444444444444 0.166875 0.03333333333333333
2 0.8640625 0.7138888888888889 0.045 0.02333333333333333
2 0.759375 0.7208333333333333 0.0375 0.034999999999999996
3 0.81328125 0.6583333333333333 0.166875 0.18
4 0.8640625 0.6527777777777778 0.045 0.19444444444444445
4 0.759375 0.6638888888888889 0.0375 0.19444444444444445
5 0.81328125 0.6041666666666666 0.166875 0.31
0 0.80625 0.49166666666666664 0.21374999999999997 0.58
1 0.25390625 0.7388888888888889 0.140625 0.039999999999999994
2 0.29375 0.7388888888888889 0.045 0.03111111111111111
2 0.21171875 0.7388888888888889 0.039375 0.04666666666666666
3 0.25390625 0.6777777777777778 0.140625 0.18666666666666668
4 0.29375 0.6805555555555556 0.045 0.19444444444444445
4 0.21171875 0.6777777777777778 0.039375 0.21777777777777776
5 0.25390625 0.6152777777777778 0.140625 0.3366666666666666
0 0.26484375 0.5138888888888888 0.174375 0.58
1 0.63203125 0.6638888888888889 0.125625 0.026666666666666665
2 0.675 0.6680555555555555 0.0225 0.019444444444444445
2 0.59140625 0.6611111111111111 0.028125 0.02333333333333333
3 0.63203125 0.6069444444444444 0.125625 0.16333333333333333
4 0.671875 0.6097222222222223 0.03 0.18277777777777776
4 0.59296875 0.6041666666666666 0.031875 0.18277777777777776
5 0.63203125 0.5625 0.125625 0.27
0 0.63203125 0.4777777777777778 0.125625 0.47333333333333333
