1 0.8265625 0.8264192139737991 0.06749999999999999 0.018340611353711792
2 0.80703125 0.8231441048034934 0.020624999999999998 0.01222707423580786
2 0.84296875 0.8318777292576419 0.028125 0.00611353711790393
3 0.82890625 0.7860262008733624 0.073125 0.11528384279475982
4 0.8078125 0.7827510917030568 0.0225 0.12532751091703057
4 0.8453125 0.7882096069868996 0.033749999999999995 0.12838427947598252
5 0.8296875 0.7489082969432315 0.075 0.20436681222707423
0 0.83828125 0.6517467248908297 0.103125 0.43755458515283846
1 0.25703125 0.8657205240174672 0.046875 0.06026200873362445
2 0.2484375 0.8657205240174672 0.026250000000000002 0.07030567685589519
2 0.26953125 0.8526200873362445 0.016874999999999998 0.021397379912663755
3 0.25703125 0.824235807860262 0.046875 0.15982532751091705
4 0.2484375 0.8275109170305677 0.026250000000000002 0.17729257641921395
4 0.26953125 0.8089519650655022 0.016874999999999998 0.14366812227074235
5 0.2578125 0.7903930131004366 0.04875 0.2410480349344978
0 0.24765625 0.7336244541484717 0.140625 0.37729257641921393
1 0.65078125 0.8144104803493449 0.039375 0.07860262008733625
2 0.63984375 0.8329694323144105 0.013125000000000001 0.03973799126637555
2 0.6609375 0.8133187772925764 0.015 0.08864628820960697
3 0.65234375 0.7794759825327511 0.043125 0.16244541484716155
4 0.63984375 0.7794759825327511 0.013125000000000001 0.18951965065502183
4 0.6625 0.7805676855895196 0.01875 0.18034934497816593
5 0.65 0.732532751091703 0.05625 0.27510917030567683
0 0.6609375 0.6179039301310044 0.12375 0.5502183406113537
1 0.52734375 0.8264192139737991 0.028125 0.03406113537117904
2 0.521875 0.8264192139737991 0.015 0.03973799126637555
2 0.53671875 0.8209606986899564 0.005625 0.01834061135371179
3 0.52421875 0.7914847161572053 0.035625000000000004 0.11790393013100436
4 0.51875 0.7914847161572053 0.0225 0.13755458515283842
4 0.53671875 0.7860262008733624 0.005625 0.11615720524017466
5 0.52109375 0.7565502183406113 0.043125 0.20174672489082968
0 0.51171875 0.6954148471615721 0.215625 0.348471615720524
