1 0.453125 0.9320843091334895 0.6075 0.03934426229508197
2 0.69375 0.9320843091334895 0.03 0.04590163934426229
2 0.22578125 0.9320843091334895 0.061875 0.04590163934426229
3 0.453125 0.810304449648712 0.6075 0.331615925058548
4 0.64296875 0.8231850117096019 0.151875 0.3508196721311475
4 0.2625 0.810304449648712 0.15 0.3793911007025761
5 0.453125 0.7189695550351288 0.6075 0.5508196721311475
0 0.453125 0.6206088992974239 0.6075 0.7587822014051522
1 0.64609375 0.6768149882903981 0.118125 0.03372365339578454
2 0.6859375 0.6756440281030445 0.0225 0.0360655737704918
2 0.61484375 0.6768149882903981 0.043125 0.039344262295081964
3 0.64609375 0.6088992974238876 0.118125 0.19672131147540983
4 0.6859375 0.607728337236534 0.0225 0.2262295081967213
4 0.61484375 0.6100702576112412 0.043125 0.2262295081967213
5 0.64609375 0.5421545667447307 0.118125 0.35690866510538644
0 0.65703125 0.3946135831381733 0.14437499999999998 0.7110070257611241
