1 0.09140625 0.7053140096618358 0.06937499999999999 0.0463768115942029
2 0.07421875 0.7210144927536232 0.028125 0.010144927536231882
2 0.11484375 0.7041062801932367 0.013125000000000001 0.050724637681159424
3 0.09140625 0.6751207729468599 0.06937499999999999 0.11884057971014492
4 0.07421875 0.678743961352657 0.028125 0.12850241545893717
4 0.11015625 0.6739130434782609 0.024375 0.13526570048309178
5 0.09140625 0.6340579710144928 0.06937499999999999 0.21739130434782608
0 0.08515625 0.572463768115942 0.084375 0.36521739130434777
1 0.03359375 0.7041062801932367 0.031875 0.043478260869565216
2 0.04140625 0.6992753623188406 0.013125000000000001 0.03719806763285024
2 0.028125 0.7210144927536232 0.01875 0.0033816425120772944
3 0.0265625 0.678743961352657 0.04875 0.10434782608695652
4 0.0265625 0.6739130434782609 0.04875 0.10821256038647342
4 0.028125 0.6823671497584541 0.01875 0.11159420289855071
5 0.0265625 0.6400966183574879 0.04875 0.1971014492753623
0 0.03046875 0.5628019323671497 0.058124999999999996 0.3826086956521739
