1 0.7333333333333333 0.769 0.20479999999999998 0.0312
2 0.796 0.77 0.0544 0.03359999999999999
2 0.6613333333333333 0.769 0.032 0.0364
3 0.7333333333333333 0.701 0.20479999999999998 0.19440000000000002
4 0.788 0.701 0.0736 0.22679999999999997
4 0.6613333333333333 0.707 0.032 0.21
5 0.7333333333333333 0.648 0.20479999999999998 0.32159999999999994
0 0.6973333333333334 0.528 0.2912 0.6096
1 0.48933333333333334 0.769 0.2912 0.0264
2 0.5973333333333334 0.769 0.032 0.030799999999999998
2 0.42133333333333334 0.77 0.128 0.0224
3 0.4666666666666667 0.696 0.34559999999999996 0.2016
4 0.56 0.696 0.1216 0.2352
4 0.39866666666666667 0.704 0.18239999999999998 0.2072
5 0.4533333333333333 0.613 0.3776 0.4008
0 0.384 0.483 0.544 0.7128
