1 0.887 0.542 0.19440000000000002 0.1248
2 0.926 0.535 0.1008 0.12599999999999997
2 0.847 0.549 0.09839999999999999 0.12599999999999997
3 0.84 0.471 0.3072 0.29519999999999996
4 0.873 0.464 0.228 0.3248
4 0.8 0.472 0.2112 0.34159999999999996
5 0.801 0.467 0.398 0.3048
0 0.78 0.354 0.44 0.576
1 0.873 0.916 0.0456 0.033600000000000005
2 0.856 0.902 0.0048 0.0
2 0.881 0.923 0.0264 0.0196
3 0.867 0.891 0.06 0.09359999999999999
4 0.85 0.877 0.0192 0.07
4 0.881 0.898 0.0264 0.0896
5 0.838 0.883 0.1296 0.1128
0 0.838 0.855 0.1296 0.18
1 0.388 0.918 0.1296 0.1008
2 0.42 0.931 0.0528 0.0812
2 0.334 0.876 0.0 0.0
3 0.388 0.835 0.1296 0.3
4 0.42 0.85 0.0528 0.3
4 0.336 0.793 0.0048 0.23239999999999997
5 0.388 0.748 0.1296 0.504
0 0.401 0.618 0.16079999999999997 0.764
