1 0.373536299765808 0.47578125 0.36814988290398126 0.043125
2 0.5140515222482436 0.4578125 0.03091334894613583 0.0
2 0.24707259953161592 0.4890625 0.06463700234192037 0.013124999999999998
3 0.373536299765808 0.43359375 0.36814988290398126 0.14437499999999998
4 0.48243559718969553 0.415625 0.10679156908665105 0.118125
4 0.24707259953161592 0.4359375 0.06463700234192037 0.161875
5 0.373536299765808 0.38828125 0.36814988290398126 0.253125
0 0.32084309133489464 0.29609375 0.4946135831381733 0.47437499999999994
1 0.6217798594847775 0.87109375 0.5142857142857142 0.15562499999999999
2 0.48243559718969553 0.91015625 0.17985948477751756 0.07218749999999999
2 0.775175644028103 0.81875 0.14613583138173303 0.034999999999999996
3 0.6217798594847775 0.8203125 0.5142857142857142 0.27749999999999997
4 0.48243559718969553 0.8203125 0.17985948477751756 0.32375
4 0.7365339578454333 0.81171875 0.2388758782201405 0.0546875
5 0.6217798594847775 0.7671875 0.5142857142857142 0.40499999999999997
0 0.6604215456674473 0.6078125 0.6070257611241218 0.784375
