1 0.44583333333333336 0.68984375 0.125 0.031875
2 0.42916666666666664 0.69765625 0.08499999999999999 0.015312499999999998
2 0.496875 0.678125 0.0025 0.0043749999999999995
3 0.44583333333333336 0.659375 0.125 0.10500000000000001
4 0.42916666666666664 0.66328125 0.08499999999999999 0.11156249999999998
4 0.4864583333333333 0.64765625 0.0275 0.0896875
5 0.44583333333333336 0.6234375 0.125 0.19124999999999998
0 0.44583333333333336 0.559375 0.125 0.345
1 0.6864583333333333 0.76796875 0.1525 0.151875
2 0.6864583333333333 0.8203125 0.1525 0.030624999999999996
2 0.7270833333333333 0.7046875 0.0 0.0
3 0.6864583333333333 0.71015625 0.1525 0.290625
4 0.6864583333333333 0.74140625 0.1525 0.2515625
4 0.7041666666666667 0.646875 0.055 0.161875
5 0.6927083333333334 0.653125 0.16749999999999998 0.42749999999999994
0 0.6135416666666667 0.53515625 0.3575 0.7106250000000001
