1 0.66171875 0.5864583333333333 0.178125 0.042499999999999996
2 0.59921875 0.5947916666666667 0.028125 0.02625
2 0.728125 0.58125 0.01875 0.034999999999999996
3 0.66171875 0.5729166666666666 0.178125 0.075
4 0.61875 0.5729166666666666 0.075 0.0875
4 0.70390625 0.571875 0.076875 0.06125
5 0.66171875 0.5447916666666667 0.178125 0.1425
0 0.66171875 0.4895833333333333 0.178125 0.275
1 0.8640625 0.540625 0.0075 0.0175
2 0.865625 0.5479166666666667 0.00375 0.0
2 0.8609375 0.5333333333333333 0.0 0.0
3 0.8515625 0.5083333333333333 0.0375 0.095
4 0.8515625 0.515625 0.0375 0.09041666666666666
4 0.8484375 0.5010416666666667 0.03 0.09041666666666666
5 0.8609375 0.5083333333333333 0.06 0.095
0 0.834375 0.48125 0.12375 0.16
1 0.96171875 0.5645833333333333 0.0765625 0.08
2 0.9828125 0.5916666666666667 0.026250000000000002 0.017499999999999998
2 0.94453125 0.534375 0.035625000000000004 0.008749999999999999
3 0.96171875 0.5458333333333333 0.0765625 0.125
4 0.9828125 0.5625 0.026250000000000002 0.09916666666666665
4 0.94453125 0.515625 0.035625000000000004 0.06125
5 0.96171875 0.534375 0.0765625 0.1525
0 0.93984375 0.49166666666666664 0.1203125 0.255
