1 0.70390625 0.5989583333333334 0.103125 0.0525
2 0.74140625 0.59375 0.013125000000000001 0.04666666666666666
2 0.6734375 0.6125 0.03 0.02333333333333333
3 0.70390625 0.5739583333333333 0.103125 0.1125
4 0.73203125 0.56875 0.035625000000000004 0.11666666666666667
4 0.6734375 0.578125 0.03 0.11958333333333333
5 0.70390625 0.5333333333333333 0.103125 0.21
0 0.69765625 0.46041666666666664 0.118125 0.38499999999999995
1 0.6375 0.5916666666666667 0.033749999999999995 0.04
2 0.6296875 0.6052083333333333 0.015 0.008749999999999999
2 0.646875 0.5875 0.01125 0.034999999999999996
3 0.63515625 0.5677083333333334 0.039375 0.09749999999999999
4 0.6296875 0.5677083333333334 0.015 0.11374999999999999
4 0.63515625 0.5635416666666667 0.039375 0.10208333333333333
5 0.63515625 0.5322916666666667 0.039375 0.1825
0 0.6359375 0.465625 0.06 0.3425
1 0.40546875 0.79375 0.110625 0.025
2 0.365625 0.7958333333333333 0.015 0.02333333333333333
2 0.44296875 0.790625 0.020624999999999998 0.020416666666666663
3 0.40546875 0.746875 0.110625 0.1375
4 0.3671875 0.7489583333333333 0.01875 0.15458333333333332
4 0.4390625 0.74375 0.03 0.15166666666666667
5 0.40546875 0.6947916666666667 0.110625 0.2625
0 0.37578125 0.6052083333333333 0.18187499999999998 0.4775
