1 0.5677083333333334 0.87265625 0.1075 0.016874999999999998
2 0.5458333333333333 0.87421875 0.055 0.015312499999999998
2 0.5989583333333334 0.87265625 0.0325 0.0196875
3 0.5677083333333334 0.83984375 0.1075 0.09562499999999999
4 0.5458333333333333 0.84140625 0.055 0.10718749999999999
4 0.5989583333333334 0.83984375 0.0325 0.11156249999999998
5 0.5677083333333334 0.8 0.1075 0.19124999999999998
0 0.5677083333333334 0.728125 0.1075 0.36374999999999996
1 0.4354166666666667 0.8859375 0.13 0.033749999999999995
2 0.384375 0.89375 0.007499999999999999 0.017499999999999998
2 0.46145833333333336 0.8828125 0.06749999999999999 0.030624999999999996
3 0.4354166666666667 0.8515625 0.13 0.11624999999999999
4 0.39166666666666666 0.85859375 0.025 0.11593749999999999
4 0.46145833333333336 0.8484375 0.06749999999999999 0.126875
5 0.4354166666666667 0.81796875 0.13 0.196875
0 0.42291666666666666 0.75703125 0.16 0.343125
