1 0.325 0.740625 0.07875 0.07749999999999999
2 0.31015625 0.73125 0.043125 0.06416666666666666
2 0.32578125 0.753125 0.076875 0.05541666666666666
3 0.30390625 0.6416666666666667 0.129375 0.315
4 0.31015625 0.6322916666666667 0.043125 0.34124999999999994
4 0.30390625 0.6520833333333333 0.129375 0.33833333333333326
5 0.26328125 0.6072916666666667 0.226875 0.39749999999999996
0 0.29921875 0.4739583333333333 0.313125 0.7174999999999999
1 0.4578125 0.49583333333333335 0.11624999999999999 0.035
2 0.49140625 0.49270833333333336 0.035625000000000004 0.03208333333333333
2 0.42421875 0.49895833333333334 0.035625000000000004 0.03208333333333333
3 0.453125 0.49375 0.1275 0.04
4 0.49140625 0.49166666666666664 0.035625000000000004 0.034999999999999996
4 0.41953125 0.49375 0.046875 0.04666666666666666
5 0.453125 0.49375 0.1275 0.04
0 0.42265625 0.41770833333333335 0.200625 0.2225
1 0.73125 0.6489583333333333 0.16875 0.2575
2 0.69140625 0.7375 0.073125 0.0525
2 0.77578125 0.5895833333333333 0.061875 0.13416666666666666
3 0.73125 0.5770833333333333 0.16875 0.43
4 0.69140625 0.5854166666666667 0.073125 0.47833333333333333
4 0.75859375 0.5177083333333333 0.103125 0.33541666666666664
5 0.73125 0.5770833333333333 0.16875 0.43
0 0.69296875 0.44166666666666665 0.361875 0.755
