1 0.403125 0.8158508158508159 0.10874999999999999 0.044755244755244755
2 0.4078125 0.8076923076923077 0.0975 0.02937062937062937
2 0.40234375 0.8251748251748252 0.10687499999999998 0.026107226107226107
3 0.403125 0.696969696969697 0.10874999999999999 0.3300699300699301
4 0.4078125 0.7354312354312355 0.0975 0.2317016317016317
4 0.40234375 0.696969696969697 0.10687499999999998 0.3850815850815851
5 0.359375 0.6503496503496503 0.21374999999999997 0.44195804195804195
0 0.3890625 0.48834498834498835 0.43875000000000003 0.8307692307692307
1 0.76484375 0.6188811188811189 0.035625000000000004 0.025174825174825173
2 0.77578125 0.6188811188811189 0.009375 0.02937062937062937
2 0.75390625 0.62004662004662 0.009375 0.026107226107226107
3 0.76484375 0.585081585081585 0.035625000000000004 0.1062937062937063
4 0.77578125 0.5874125874125874 0.009375 0.11748251748251748
4 0.75390625 0.585081585081585 0.009375 0.124009324009324
5 0.76328125 0.5571095571095571 0.039375 0.17342657342657342
0 0.7640625 0.5034965034965035 0.06 0.3020979020979021
1 0.62734375 0.7086247086247086 0.6806249999999999 0.2965034965034965
2 0.62734375 0.7027972027972028 0.6806249999999999 0.29696969696969694
2 0.6234375 0.7086247086247086 0.6375 0.34592074592074584
3 0.62890625 0.696969696969697 0.684375 0.32447552447552447
4 0.62890625 0.6853146853146853 0.684375 0.34592074592074584
4 0.628125 0.696969696969697 0.6487499999999999 0.3785547785547785
5 0.62890625 0.6666666666666666 0.684375 0.3972027972027972
0 0.6328125 0.6305361305361306 0.69375 0.48391608391608393
1 0.9609375 0.6037296037296037 0.052500000000000005 0.022377622377622378
2 0.97890625 0.6037296037296037 0.009375 0.026107226107226107
2 0.9421875 0.6048951048951049 0.0075 0.02284382284382284
3 0.9609375 0.578088578088578 0.052500000000000005 0.08391608391608392
4 0.97734375 0.578088578088578 0.013125000000000001 0.0979020979020979
4 0.94296875 0.578088578088578 0.009375 0.0979020979020979
5 0.9609375 0.5536130536130536 0.052500000000000005 0.14265734265734265
0 0.9609375 0.5058275058275058 0.052500000000000005 0.2573426573426573
