1 0.5640625 0.8579040852575488 0.06 0.0852575488454707
2 0.571875 0.8676731793960923 0.041249999999999995 0.07211367673179395
2 0.5515625 0.8552397868561279 0.03 0.09200710479573712
3 0.56328125 0.7717584369449378 0.061875 0.29200710479573716
4 0.571875 0.7797513321492007 0.041249999999999995 0.3182948490230906
4 0.55078125 0.7690941385435168 0.031875 0.33321492007104797
5 0.55078125 0.6873889875666075 0.091875 0.49449378330372995
0 0.63515625 0.5355239786856127 0.47437499999999994 0.8589698046181171
1 0.1875 0.8898756660746003 0.26625 0.07673179396092361
2 0.08984375 0.8756660746003553 0.031875 0.0497335701598579
2 0.2703125 0.9182948490230906 0.06749999999999999 0.00994671403197158
3 0.1875 0.8214920071047958 0.26625 0.2408525754884547
4 0.1109375 0.8072824156305506 0.08249999999999999 0.2412078152753108
4 0.26796875 0.8312611012433393 0.073125 0.25364120781527527
5 0.1875 0.7513321492007105 0.26625 0.4092362344582593
0 0.1921875 0.5976909413854352 0.27749999999999997 0.7779751332149201
