1 0.67890625 0.5164319248826291 0.076875 0.14084507042253522
2 0.646875 0.5352112676056338 0.0 0.0
2 0.69296875 0.5164319248826291 0.043125 0.1643192488262911
3 0.6546875 0.4624413145539906 0.13499999999999998 0.2704225352112676
4 0.65 0.4424882629107981 0.0075 0.2596244131455399
4 0.6546875 0.5164319248826291 0.13499999999999998 0.1643192488262911
5 0.62265625 0.4624413145539906 0.21187499999999998 0.2704225352112676
0 0.59140625 0.4624413145539906 0.286875 0.2704225352112676
1 0.3609375 0.5363849765258216 0.052500000000000005 0.10985915492957746
2 0.353125 0.5164319248826291 0.033749999999999995 0.05258215962441314
2 0.3734375 0.5363849765258216 0.0225 0.12816901408450704
3 0.38671875 0.5363849765258216 0.114375 0.10985915492957746
4 0.38671875 0.5129107981220657 0.114375 0.06244131455399061
4 0.3734375 0.5363849765258216 0.0225 0.12816901408450704
5 0.39140625 0.5316901408450704 0.125625 0.12112676056338029
0 0.4078125 0.45305164319248825 0.16499999999999998 0.30985915492957744
