1 0.35 0.7765625 0.165 0.05625
2 0.3854166666666667 0.771875 0.08 0.05249999999999999
2 0.30416666666666664 0.778125 0.055 0.06124999999999999
3 0.35 0.71484375 0.165 0.20437499999999997
4 0.3854166666666667 0.71015625 0.08 0.22531249999999997
4 0.3104166666666667 0.7171875 0.07 0.23187499999999997
5 0.353125 0.6390625 0.1725 0.38625
0 0.36770833333333336 0.50546875 0.2475 0.7068749999999999
1 0.534375 0.29140625 0.057499999999999996 0.013125000000000001
2 0.5458333333333333 0.2953125 0.029999999999999995 0.0043749999999999995
2 0.5104166666666666 0.290625 0.0 0.013124999999999998
3 0.534375 0.278125 0.057499999999999996 0.045
4 0.5458333333333333 0.28125 0.029999999999999995 0.04375
4 0.5135416666666667 0.27734375 0.007499999999999999 0.050312499999999996
5 0.534375 0.265625 0.057499999999999996 0.075
0 0.5354166666666667 0.2359375 0.1 0.14625
1 0.684375 0.77265625 0.1575 0.06937499999999999
2 0.734375 0.7828125 0.0375 0.05249999999999999
2 0.6552083333333333 0.76171875 0.0875 0.050312499999999996
3 0.684375 0.721875 0.1575 0.19124999999999998
4 0.734375 0.7265625 0.0375 0.20999999999999996
4 0.6552083333333333 0.7109375 0.0875 0.19249999999999998
5 0.684375 0.6703125 0.1575 0.315
0 0.6833333333333333 0.52734375 0.205 0.658125
