1 0.52890625 0.7686868686868686 0.035625000000000004 0.03636363636363636
2 0.5265625 0.7707070707070707 0.03 0.03676767676767677
2 0.5421875 0.7545454545454545 0.00375 0.0028282828282828283
3 0.52890625 0.7262626262626263 0.035625000000000004 0.13818181818181816
4 0.5265625 0.7282828282828283 0.03 0.15555555555555556
4 0.5359375 0.7121212121212122 0.01875 0.12161616161616161
5 0.5359375 0.6838383838383838 0.052500000000000005 0.24
0 0.5359375 0.6838383838383838 0.052500000000000005 0.24
1 0.60859375 0.7696969696969697 0.024375 0.03878787878787879
2 0.6046875 0.7717171717171717 0.015 0.039595959595959594
2 0.61875 0.7535353535353535 0.0 0.0
3 0.60859375 0.7282828282828283 0.024375 0.13818181818181816
4 0.6046875 0.7282828282828283 0.015 0.1612121212121212
4 0.615625 0.7121212121212122 0.0075 0.11595959595959596
5 0.60703125 0.6808080808080809 0.028125 0.25212121212121213
0 0.60859375 0.6323232323232323 0.05437499999999999 0.36848484848484847
1 0.68515625 0.7747474747474747 0.035625000000000004 0.026666666666666665
2 0.68203125 0.7757575757575758 0.028125 0.028282828282828285
2 0.696875 0.7676767676767676 0.0075 0.011313131313131313
3 0.68515625 0.7191919191919192 0.035625000000000004 0.16
4 0.68203125 0.7191919191919192 0.028125 0.18666666666666665
4 0.69140625 0.7151515151515152 0.020624999999999998 0.15838383838383838
5 0.69140625 0.6717171717171717 0.050624999999999996 0.2739393939393939
0 0.69140625 0.6676767676767676 0.050624999999999996 0.28363636363636363
1 0.87734375 0.6818181818181818 0.013125000000000001 0.012121212121212121
2 0.875 0.6818181818181818 0.0075 0.014141414141414142
2 0.8828125 0.6777777777777778 0.0 0.0028282828282828283
3 0.87734375 0.6555555555555556 0.013125000000000001 0.07515151515151515
4 0.875 0.6555555555555556 0.0075 0.08767676767676767
4 0.88125 0.6545454545454545 0.00375 0.06787878787878787
5 0.8796875 0.6333333333333333 0.0225 0.12848484848484848
0 0.87421875 0.6101010101010101 0.046875 0.18424242424242424
