1 0.49375 0.682983682983683 0.1275 0.022377622377622378
2 0.53828125 0.682983682983683 0.020624999999999998 0.026107226107226107
2 0.45703125 0.682983682983683 0.039375 0.01958041958041958
3 0.49375 0.6177156177156177 0.1275 0.17902097902097902
4 0.53671875 0.6177156177156177 0.024375 0.20885780885780886
4 0.45703125 0.6223776223776224 0.039375 0.18927738927738924
5 0.49375 0.6013986013986014 0.1275 0.21818181818181817
0 0.49375 0.5256410256410257 0.1275 0.39999999999999997
1 0.68203125 0.7016317016317016 0.133125 0.0951048951048951
2 0.7296875 0.6783216783216783 0.01875 0.04568764568764568
2 0.6390625 0.7086247086247086 0.03 0.09137529137529136
3 0.68203125 0.6491841491841492 0.133125 0.22097902097902097
4 0.7203125 0.6258741258741258 0.041249999999999995 0.19254079254079254
4 0.6390625 0.6491841491841492 0.03 0.2578088578088578
5 0.68203125 0.6258741258741258 0.133125 0.27692307692307694
0 0.68203125 0.5466200466200466 0.133125 0.46713286713286717
