1 0.2171875 0.8770833333333333 0.07125000000000001 0.08
2 0.228125 0.85 0.015 0.017499999999999998
2 0.2171875 0.8947916666666667 0.07125000000000001 0.04375
3 0.2171875 0.7833333333333333 0.07125000000000001 0.305
4 0.2328125 0.75625 0.026250000000000002 0.27999999999999997
4 0.2171875 0.7895833333333333 0.07125000000000001 0.33833333333333326
5 0.20625 0.6864583333333333 0.0975 0.5375
0 0.28515625 0.6 0.286875 0.7449999999999999
1 0.60703125 0.7885416666666667 0.35812499999999997 0.0525
2 0.75625 0.7916666666666666 0.0 0.0
2 0.4703125 0.7885416666666667 0.03 0.06125
3 0.60703125 0.7114583333333333 0.35812499999999997 0.2375
4 0.725 0.7020833333333333 0.075 0.2508333333333333
4 0.4921875 0.7166666666666667 0.08249999999999999 0.26249999999999996
5 0.60703125 0.64375 0.35812499999999997 0.4
0 0.60703125 0.565625 0.35812499999999997 0.5875
