1 0.46171875 0.9262295081967213 0.148125 0.0927400468384075
2 0.503125 0.9449648711943794 0.04875 0.05573770491803278
2 0.42734375 0.9110070257611241 0.065625 0.06557377049180328
3 0.47265625 0.8126463700234192 0.174375 0.36533957845433257
4 0.5140625 0.8594847775175644 0.075 0.2810304449648712
4 0.434375 0.797423887587822 0.08249999999999999 0.38360655737704913
5 0.50078125 0.7189695550351288 0.24187499999999998 0.5620608899297423
0 0.53125 0.544496487119438 0.315 0.9110070257611241
1 0.62578125 0.8114754098360656 0.039375 0.008430913348946136
2 0.6390625 0.8091334894613583 0.0075 0.003278688524590164
2 0.6140625 0.8138173302107728 0.01125 0.003278688524590164
3 0.62578125 0.7786885245901639 0.039375 0.08711943793911006
4 0.63828125 0.7763466042154566 0.009375 0.09508196721311474
4 0.6140625 0.7810304449648712 0.01125 0.09508196721311474
5 0.625 0.7400468384074942 0.041249999999999995 0.17985948477751756
0 0.625 0.7096018735362998 0.041249999999999995 0.2529274004683841
