1 0.56015625 0.86875 0.073125 0.04
2 0.5625 0.86875 0.06749999999999999 0.04666666666666666
2 0.54921875 0.859375 0.046875 0.020416666666666663
3 0.55078125 0.7916666666666666 0.09562499999999999 0.225
4 0.5625 0.7916666666666666 0.06749999999999999 0.26249999999999996
4 0.53984375 0.784375 0.06937499999999999 0.23041666666666666
5 0.55078125 0.7145833333333333 0.09562499999999999 0.41
0 0.53046875 0.59375 0.14437499999999998 0.7
1 0.2984375 0.8604166666666667 0.12375 0.05
2 0.3375 0.8614583333333333 0.03 0.05541666666666666
2 0.25703125 0.8572916666666667 0.024375 0.049583333333333326
3 0.2984375 0.8041666666666667 0.12375 0.185
4 0.3375 0.8052083333333333 0.03 0.21291666666666664
4 0.25859375 0.8010416666666667 0.028125 0.2070833333333333
5 0.2984375 0.75 0.12375 0.315
0 0.30546875 0.621875 0.140625 0.6225
