1 0.3034188034188034 0.5244897959183673 0.21538461538461537 0.1273469387755102
2 0.34472934472934474 0.4785714285714286 0.11623931623931623 0.019999999999999997
2 0.2535612535612536 0.5530612244897959 0.09572649572649573 0.06857142857142856
3 0.3034188034188034 0.4704081632653061 0.21538461538461537 0.2571428571428571
4 0.34472934472934474 0.42448979591836733 0.11623931623931623 0.17142857142857143
4 0.2535612535612536 0.4989795918367347 0.09572649572649573 0.22
5 0.2934472934472934 0.42244897959183675 0.23931623931623933 0.3722448979591837
0 0.3504273504273504 0.39693877551020407 0.37606837606837606 0.4334693877551021
1 0.8319088319088319 0.5020408163265306 0.10256410256410256 0.09795918367346938
2 0.8319088319088319 0.5255102040816326 0.10256410256410256 0.048571428571428564
2 0.8304843304843305 0.47346938775510206 0.0923076923076923 0.03428571428571428
3 0.8675213675213675 0.45714285714285713 0.18803418803418803 0.2057142857142857
4 0.8675213675213675 0.47551020408163264 0.18803418803418803 0.18857142857142856
4 0.8490028490028491 0.42857142857142855 0.13675213675213677 0.15999999999999998
0 0.8532763532763533 0.376530612244898 0.2222222222222222 0.39918367346938777
