1 0.53125 0.746875 0.12 0.042499999999999996
2 0.57734375 0.7489583333333333 0.009375 0.04375
2 0.4875 0.746875 0.015 0.049583333333333326
3 0.53125 0.6947916666666667 0.12 0.16749999999999998
4 0.5625 0.6947916666666667 0.045 0.19541666666666666
4 0.4875 0.7010416666666667 0.015 0.17791666666666664
5 0.53125 0.6416666666666667 0.12 0.295
0 0.525 0.553125 0.13499999999999998 0.5075
1 0.42265625 0.728125 0.09562499999999999 0.0375
2 0.4578125 0.728125 0.01125 0.04375
2 0.390625 0.7291666666666666 0.01875 0.034999999999999996
3 0.42109375 0.68125 0.09937499999999999 0.15
4 0.44609375 0.68125 0.039375 0.175
4 0.3890625 0.68125 0.0225 0.16916666666666663
5 0.41484375 0.6322916666666667 0.114375 0.2675
0 0.40390625 0.5447916666666667 0.140625 0.4775
