1 0.70546875 0.89587852494577 0.5868749999999999 0.19783080260303687
2 0.5046875 0.9457700650759219 0.10500000000000001 0.0911062906724512
2 0.90546875 0.8438177874186551 0.10687499999999998 0.08503253796095443
3 0.70546875 0.8373101952277657 0.5868749999999999 0.32537960954446854
4 0.515625 0.8373101952277657 0.13125 0.32537960954446854
4 0.83671875 0.797180043383948 0.271875 0.21561822125813448
5 0.70546875 0.7603036876355749 0.5868749999999999 0.4793926247288503
0 0.6296875 0.6073752711496746 0.740625 0.7852494577006508
1 0.8328125 0.7906724511930586 0.26999999999999996 0.039045553145336226
2 0.9359375 0.7841648590021691 0.0225 0.027331887201735357
2 0.73671875 0.7939262472885033 0.039375 0.03644251626898047
3 0.8328125 0.737527114967462 0.26999999999999996 0.1665943600867679
4 0.91015625 0.7331887201735358 0.084375 0.17006507592190886
4 0.73671875 0.737527114967462 0.039375 0.19436008676789587
5 0.8328125 0.6952277657266811 0.26999999999999996 0.26811279826464207
0 0.8328125 0.6019522776572668 0.26999999999999996 0.4919739696312364
