1 0.39375 0.7680311890838206 0.1125 0.10292397660818713
2 0.43515625 0.7495126705653021 0.013125000000000001 0.0682261208576998
2 0.359375 0.7914230019493177 0.03 0.05458089668615984
3 0.39375 0.7076023391812866 0.1125 0.24795321637426898
4 0.43515625 0.6890838206627681 0.013125000000000001 0.23742690058479532
4 0.36015625 0.7241715399610137 0.031875 0.2428849902534113
5 0.3875 0.6734892787524367 0.1275 0.32982456140350874
0 0.3875 0.5925925925925926 0.1275 0.5239766081871345
1 0.9265625 0.9015594541910331 0.06375 0.05847953216374269
2 0.9265625 0.9025341130604289 0.06375 0.0654970760233918
2 0.9234375 0.8869395711500975 0.041249999999999995 0.02729044834307992
3 0.9265625 0.8294346978557505 0.06375 0.23157894736842105
4 0.9265625 0.8294346978557505 0.06375 0.27017543859649124
4 0.9234375 0.8157894736842105 0.041249999999999995 0.22651072124756333
5 0.9203125 0.767056530214425 0.07875 0.38128654970760234
0 0.89921875 0.6364522417153996 0.129375 0.6947368421052631
1 0.5875 0.7153996101364523 0.06375 0.08888888888888889
2 0.5734375 0.7037037037037037 0.03 0.0709551656920078
2 0.60859375 0.7173489278752436 0.013125000000000001 0.09824561403508772
3 0.60546875 0.6861598440545809 0.10687499999999998 0.1590643274853801
4 0.60546875 0.6744639376218323 0.10687499999999998 0.15282651072124756
4 0.5890625 0.6910331384015594 0.06 0.1719298245614035
5 0.60546875 0.6374269005847953 0.10687499999999998 0.2760233918128655
0 0.59375 0.5409356725146199 0.13499999999999998 0.5076023391812865
1 0.134375 0.7212475633528265 0.09375 0.2807017543859649
2 0.11640625 0.6335282651072125 0.050624999999999996 0.08187134502923976
2 0.15390625 0.8109161793372319 0.046875 0.07641325536062378
3 0.16484375 0.6929824561403509 0.166875 0.3485380116959064
4 0.16484375 0.6052631578947368 0.166875 0.16101364522417153
4 0.15390625 0.7339181286549707 0.046875 0.2920077972709551
5 0.16484375 0.6861598440545809 0.166875 0.36491228070175435
0 0.18125 0.5896686159844055 0.20625 0.5964912280701754
