1 0.6 0.8624454148471615 0.033749999999999995 0.015720524017467246
2 0.58828125 0.8591703056768559 0.005625 0.009170305676855894
2 0.60390625 0.8646288209606987 0.024375 0.01222707423580786
3 0.6 0.8427947598253275 0.033749999999999995 0.06288209606986898
4 0.59140625 0.8395196506550219 0.013125000000000001 0.06419213973799126
4 0.60390625 0.8427947598253275 0.024375 0.07336244541484715
5 0.6 0.8187772925764192 0.033749999999999995 0.1205240174672489
0 0.6109375 0.7751091703056768 0.06 0.22532751091703057
1 0.7703125 0.868995633187773 0.045 0.03144104803493449
2 0.7796875 0.8602620087336245 0.0225 0.01222707423580786
2 0.76328125 0.8755458515283843 0.028125 0.01834061135371179
3 0.7703125 0.8504366812227074 0.045 0.0759825327510917
4 0.7796875 0.8417030567685589 0.0225 0.06419213973799126
4 0.76328125 0.8526200873362445 0.028125 0.08253275109170305
5 0.765625 0.8220524017467249 0.05625 0.14410480349344978
0 0.76640625 0.8220524017467249 0.058124999999999996 0.14410480349344978
