1 0.33125 0.9764705882352941 0.16125 0.02823529411764706
2 0.26640625 0.971764705882353 0.005625 0.019764705882352938
2 0.3875 0.98 0.026250000000000002 0.023058823529411764
3 0.33125 0.9070588235294118 0.16125 0.18588235294117647
4 0.28046875 0.9023529411764706 0.039375 0.1952941176470588
4 0.3875 0.9129411764705883 0.026250000000000002 0.17411764705882352
5 0.33125 0.8447058823529412 0.16125 0.31058823529411766
0 0.3375 0.7364705882352941 0.18375 0.5270588235294118
1 0.50546875 0.7529411764705882 0.028125 0.03388235294117647
2 0.5125 0.7505882352941177 0.01125 0.03294117647058824
2 0.4984375 0.7588235294117647 0.01125 0.023058823529411764
3 0.50625 0.72 0.03 0.11294117647058824
4 0.51328125 0.7294117647058823 0.013125000000000001 0.09223529411764705
4 0.4984375 0.72 0.01125 0.13176470588235295
5 0.50234375 0.6905882352941176 0.039375 0.18352941176470589
0 0.48671875 0.6270588235294118 0.076875 0.33599999999999997
1 0.68359375 0.7576470588235295 0.043125 0.09599999999999999
2 0.69453125 0.7929411764705883 0.016874999999999998 0.013176470588235293
2 0.66953125 0.7352941176470589 0.009375 0.04941176470588235
3 0.684375 0.7470588235294118 0.045 0.12141176470588236
4 0.6953125 0.7564705882352941 0.01875 0.11529411764705882
4 0.6734375 0.7247058823529412 0.01875 0.07905882352941175
5 0.6875 0.7152941176470589 0.052500000000000005 0.1976470588235294
0 0.6984375 0.6435294117647059 0.09375 0.36988235294117644
