1 0.26953125 0.8185011709601874 0.061875 0.05901639344262295
2 0.28359375 0.8185011709601874 0.028125 0.06885245901639343
2 0.25234375 0.8149882903981265 0.020624999999999998 0.05901639344262295
3 0.26953125 0.7388758782201406 0.061875 0.25011709601873533
4 0.28359375 0.7388758782201406 0.028125 0.29180327868852457
4 0.25234375 0.7353629976580797 0.020624999999999998 0.2819672131147541
5 0.27890625 0.6557377049180327 0.084375 0.4496487119437939
0 0.2734375 0.4847775175644028 0.15 0.8599531615925058
1 0.35078125 0.6850117096018735 0.028125 0.01405152224824356
2 0.3390625 0.6791569086651054 0.0 0.0
2 0.359375 0.6861826697892272 0.0075 0.013114754098360656
3 0.35 0.6627634660421545 0.03 0.06744730679156909
4 0.33828125 0.6592505854800936 0.001875 0.05573770491803278
4 0.3578125 0.6627634660421545 0.01125 0.07868852459016393
5 0.34921875 0.6498829039812647 0.031875 0.09836065573770492
0 0.34921875 0.6159250585480094 0.031875 0.17985948477751756
