1 0.33046875 0.6141868512110726 0.088125 0.020761245674740483
2 0.3640625 0.6193771626297578 0.0075 0.009688581314878892
2 0.30859375 0.6141868512110726 0.035625000000000004 0.02422145328719723
3 0.33046875 0.5484429065743944 0.088125 0.17854671280276818
4 0.3640625 0.5519031141868512 0.0075 0.1986159169550173
4 0.30859375 0.5484429065743944 0.035625000000000004 0.20830449826989617
5 0.33046875 0.48961937716262977 0.088125 0.3197231833910034
0 0.33984375 0.370242214532872 0.110625 0.6062283737024221
1 0.11328125 0.8667820069204152 0.061875 0.07058823529411765
2 0.134375 0.8581314878892734 0.01125 0.058131487889273345
2 0.1078125 0.8737024221453287 0.04875 0.0629757785467128
3 0.1140625 0.7802768166089965 0.06375 0.2782006920415225
4 0.13515625 0.7716262975778547 0.013125000000000001 0.30034602076124567
4 0.1078125 0.7889273356401384 0.04875 0.30034602076124567
5 0.0984375 0.7802768166089965 0.10124999999999999 0.2782006920415225
0 0.1015625 0.6868512110726643 0.10874999999999999 0.5024221453287196
