1 0.66328125 0.8960739030023095 0.076875 0.06651270207852193
2 0.6859375 0.8960739030023095 0.0225 0.07759815242494225
2 0.646875 0.9133949191685913 0.0375 0.029099307159353348
3 0.6734375 0.8348729792147807 0.10124999999999999 0.2133949191685912
4 0.69609375 0.8348729792147807 0.046875 0.24896073903002308
4 0.646875 0.8371824480369515 0.0375 0.24249422632794457
5 0.6734375 0.7621247113163973 0.10124999999999999 0.38799076212471134
0 0.7 0.5969976905311778 0.16499999999999998 0.7842956120092378
1 0.165625 0.8960739030023095 0.07875 0.07759815242494227
2 0.1875 0.8960739030023095 0.026250000000000002 0.0905311778290993
2 0.15 0.9018475750577367 0.041249999999999995 0.06143187066974595
3 0.17421875 0.8406466512702079 0.09937499999999999 0.21062355658198614
4 0.19609375 0.8406466512702079 0.046875 0.2457274826789838
4 0.15 0.8383371824480369 0.041249999999999995 0.2392609699769053
5 0.17421875 0.7575057736720554 0.09937499999999999 0.41016166281755195
0 0.2046875 0.6016166281755196 0.1725 0.7842956120092378
1 0.928125 0.5173210161662818 0.07875 0.022170900692840646
2 0.953125 0.5196304849884527 0.01875 0.012933025404157044
2 0.9 0.5173210161662818 0.01125 0.025866050808314087
3 0.928125 0.49653579676674364 0.07875 0.0720554272517321
4 0.953125 0.4953810623556582 0.01875 0.08083140877598152
4 0.90859375 0.5023094688221709 0.031875 0.06789838337182448
5 0.928125 0.47575057736720555 0.07875 0.12193995381062354
0 0.928125 0.4399538106235566 0.07875 0.20785219399538107
1 0.44375 0.5173210161662818 0.07875 0.022170900692840646
2 0.46796875 0.5207852193995381 0.020624999999999998 0.003233256351039261
2 0.41640625 0.5173210161662818 0.013125000000000001 0.025866050808314087
3 0.44375 0.49653579676674364 0.07875 0.0720554272517321
4 0.46796875 0.4942263279445728 0.020624999999999998 0.07759815242494225
4 0.425 0.5 0.033749999999999995 0.074364896073903
5 0.44375 0.4745958429561201 0.07875 0.12471131639722864
0 0.44375 0.4387990762124711 0.07875 0.21062355658198614
