1 0.475 0.8653395784543325 0.06749999999999999 0.025292740046838406
2 0.46171875 0.870023419203747 0.035625000000000004 0.01639344262295082
2 0.49375 0.8618266978922716 0.0225 0.019672131147540982
3 0.475 0.8173302107728337 0.06749999999999999 0.1405152224824356
4 0.46171875 0.8185011709601874 0.035625000000000004 0.160655737704918
4 0.49375 0.8138173302107728 0.0225 0.1540983606557377
5 0.475 0.7704918032786885 0.06749999999999999 0.2529274004683841
0 0.4796875 0.6662763466042154 0.10124999999999999 0.5030444964871194
1 0.90234375 0.8372365339578455 0.039375 0.019672131147540985
2 0.89921875 0.8407494145199064 0.031875 0.013114754098360656
2 0.91796875 0.8313817330210773 0.001875 0.006557377049180328
3 0.9078125 0.7939110070257611 0.052500000000000005 0.12365339578454332
4 0.9 0.7962529274004684 0.033749999999999995 0.13770491803278687
4 0.9234375 0.788056206088993 0.015 0.12786885245901639
5 0.91171875 0.747072599531616 0.061875 0.2360655737704918
0 0.909375 0.6908665105386417 0.06749999999999999 0.37096018735363
