1 0.5878220140515222 0.75234375 0.8243559718969555 0.163125
2 0.2611241217798595 0.8 0.09836065573770492 0.056874999999999995
2 0.914519906323185 0.71484375 0.09836065573770492 0.08531249999999999
3 0.5878220140515222 0.746875 0.8243559718969555 0.17625
4 0.3091334894613583 0.746875 0.2135831381733021 0.205625
4 0.8067915690866511 0.7140625 0.35690866510538644 0.0875
5 0.5878220140515222 0.7140625 0.8243559718969555 0.255
0 0.5878220140515222 0.59375 0.8243559718969555 0.54375
1 0.724824355971897 0.76328125 0.3400468384074941 0.046875
2 0.8512880562060889 0.76328125 0.03653395784543326 0.0546875
2 0.6440281030444965 0.7625 0.14613583138173303 0.026249999999999996
3 0.724824355971897 0.70625 0.3400468384074941 0.18375
4 0.8278688524590164 0.70859375 0.0927400468384075 0.2078125
4 0.6440281030444965 0.70078125 0.14613583138173303 0.19906249999999998
5 0.724824355971897 0.6484375 0.3400468384074941 0.3225
0 0.7154566744730679 0.4796875 0.3625292740046838 0.7274999999999999
