1 0.602112676056338 0.82421875 0.19436619718309858 0.031875
2 0.573943661971831 0.8265625 0.1267605633802817 0.030624999999999996
2 0.6784037558685446 0.815625 0.011267605633802816 0.013124999999999998
3 0.602112676056338 0.75625 0.19436619718309858 0.195
4 0.573943661971831 0.75625 0.1267605633802817 0.22749999999999998
4 0.6502347417840375 0.75 0.07887323943661972 0.19687499999999997
5 0.602112676056338 0.70390625 0.19436619718309858 0.320625
0 0.602112676056338 0.5953125 0.19436619718309858 0.58125
1 0.3532863849765258 0.7703125 0.24507042253521125 0.0375
2 0.44366197183098594 0.7765625 0.028169014084507043 0.026249999999999996
2 0.2805164319248826 0.76328125 0.07042253521126761 0.024062499999999997
3 0.3532863849765258 0.73046875 0.24507042253521125 0.133125
4 0.44366197183098594 0.73359375 0.028169014084507043 0.14656249999999998
4 0.2863849765258216 0.7234375 0.08450704225352113 0.135625
5 0.3532863849765258 0.68359375 0.24507042253521125 0.24562499999999998
0 0.392018779342723 0.57734375 0.3380281690140845 0.500625
