1 0.8258823529411765 0.78046875 0.2597647058823529 0.050624999999999996
2 0.74 0.79375 0.053647058823529416 0.021875
2 0.9117647058823529 0.7765625 0.053647058823529416 0.048124999999999994
3 0.8258823529411765 0.7484375 0.2597647058823529 0.1275
4 0.7670588235294118 0.7515625 0.11858823529411765 0.13999999999999999
4 0.8929411764705882 0.74453125 0.0988235294117647 0.13781249999999998
5 0.8258823529411765 0.71484375 0.2597647058823529 0.20812499999999998
0 0.8258823529411765 0.63828125 0.2597647058823529 0.391875
1 0.5635294117647058 0.76875 0.17788235294117646 0.0225
2 0.5176470588235295 0.77109375 0.06776470588235294 0.0196875
2 0.6082352941176471 0.76640625 0.07058823529411765 0.0196875
3 0.5635294117647058 0.72734375 0.17788235294117646 0.121875
4 0.5188235294117647 0.72734375 0.07058823529411765 0.1421875
4 0.6082352941176471 0.73125 0.07058823529411765 0.118125
5 0.5635294117647058 0.69140625 0.17788235294117646 0.20812499999999998
0 0.5588235294117647 0.62265625 0.18917647058823528 0.373125
1 0.12470588235294118 0.8 0.07341176470588236 0.026250000000000002
2 0.12352941176470589 0.8 0.07058823529411765 0.030624999999999996
2 0.14941176470588236 0.80546875 0.01411764705882353 0.006562499999999999
3 0.1188235294117647 0.7671875 0.08752941176470587 0.10500000000000001
4 0.11764705882352941 0.7671875 0.08470588235294117 0.12249999999999998
4 0.1423529411764706 0.76953125 0.031058823529411764 0.10718749999999999
5 0.1188235294117647 0.7265625 0.08752941176470587 0.20249999999999999
0 0.1223529411764706 0.63828125 0.1468235294117647 0.414375
