1 0.86171875 0.9803001876172608 0.088125 0.01125703564727955
2 0.8984375 0.9849906191369606 0.0 0.0
2 0.83125 0.9765478424015009 0.015 0.002626641651031895
3 0.84765625 0.926829268292683 0.121875 0.1395872420262664
4 0.88828125 0.926829268292683 0.024375 0.14634146341463414
4 0.8171875 0.924015009380863 0.04875 0.149718574108818
5 0.84765625 0.8649155722326454 0.121875 0.2701688555347092
0 0.77734375 0.7185741088180112 0.290625 0.5628517823639775
1 0.2828125 0.8555347091932458 0.31124999999999997 0.12157598499061913
2 0.371875 0.8264540337711069 0.0975 0.06041275797373358
2 0.1734375 0.8771106941838649 0.04875 0.08142589118198874
3 0.2828125 0.7729831144465291 0.31124999999999997 0.3196998123827392
4 0.371875 0.7439024390243902 0.0975 0.2915572232645403
4 0.1734375 0.7945590994371482 0.04875 0.31257035647279546
5 0.2828125 0.6819887429643527 0.31124999999999997 0.5380863039399625
0 0.25078125 0.4634146341463415 0.38812499999999994 0.926829268292683
