1 0.40234375 0.8806104129263914 0.20437499999999997 0.04093357271095153
2 0.4625 0.8806104129263914 0.06 0.04775583482944344
2 0.33359375 0.8824057450628366 0.039375 0.03770197486535009
3 0.40234375 0.8303411131059246 0.20437499999999997 0.1615798922800718
4 0.45625 0.8303411131059246 0.075 0.18850987432675045
4 0.33359375 0.8339317773788151 0.039375 0.17342908438061042
5 0.40234375 0.7675044883303411 0.20437499999999997 0.3123877917414722
0 0.38671875 0.6454219030520646 0.26437499999999997 0.6053859964093357
1 0.75625 0.5377019748653501 0.0075 0.02800718132854578
2 0.75625 0.5377019748653501 0.0075 0.03267504488330341
2 0.75625 0.5314183123877917 0.0 0.0
3 0.75 0.5197486535008977 0.0225 0.0710951526032316
4 0.75 0.5197486535008977 0.0225 0.08294434470377018
4 0.7578125 0.5107719928186715 0.00375 0.057809694793536794
5 0.75234375 0.4964093357271095 0.028125 0.12710951526032316
0 0.75390625 0.473967684021544 0.05437499999999999 0.18096947935368043
