1 0.3625 0.505338078291815 0.15375 0.05124555160142348
2 0.41484375 0.4893238434163701 0.028125 0.014946619217081849
2 0.309375 0.5071174377224199 0.026250000000000002 0.05480427046263345
3 0.3625 0.44661921708185054 0.15375 0.19217081850533807
4 0.41484375 0.4306049822064057 0.028125 0.1793594306049822
4 0.32734375 0.4697508896797153 0.06937499999999999 0.1594306049822064
5 0.3625 0.4199288256227758 0.15375 0.25622775800711745
0 0.3625 0.3291814946619217 0.15375 0.4740213523131672
1 0.18203125 0.5533807829181495 0.035625000000000004 0.06405693950177936
2 0.18984375 0.5320284697508897 0.016874999999999998 0.014946619217081849
2 0.18125 0.5711743772241993 0.033749999999999995 0.02491103202846975
3 0.19375 0.5142348754448398 0.06375 0.15800711743772242
4 0.2015625 0.4928825622775801 0.045 0.12455516014234876
4 0.1859375 0.5160142348754448 0.045 0.1793594306049822
5 0.19375 0.5142348754448398 0.06375 0.15800711743772242
0 0.21640625 0.47330960854092524 0.121875 0.25622775800711745
1 0.109375 0.5373665480427047 0.033749999999999995 0.06832740213523131
2 0.103125 0.5124555160142349 0.01875 0.0099644128113879
2 0.11015625 0.5604982206405694 0.031875 0.014946619217081849
3 0.115625 0.49466192170818507 0.04875 0.1708185053380783
4 0.1125 0.4697508896797153 0.041249999999999995 0.1295373665480427
4 0.11640625 0.5106761565836299 0.046875 0.15444839857651246
5 0.11484375 0.47330960854092524 0.050624999999999996 0.22206405693950176
0 0.1203125 0.4181494661921708 0.06375 0.35444839857651245
