1 0.7484375 0.7641955835962145 0.09 0.013249211356466877
2 0.7421875 0.7641955835962145 0.075 0.015457413249211354
2 0.7828125 0.7657728706624606 0.0075 0.0022082018927444794
3 0.746875 0.7082018927444795 0.09375 0.1476340694006309
4 0.740625 0.7082018927444795 0.07875 0.17223974763406938
4 0.76953125 0.7105678233438486 0.039375 0.15678233438485803
5 0.746875 0.6656151419558359 0.09375 0.2498422712933754
0 0.74375 0.583596214511041 0.10124999999999999 0.44668769716088325
1 0.32578125 0.7302839116719243 0.260625 0.03785488958990536
2 0.2421875 0.7302839116719243 0.06 0.04416403785488959
2 0.40859375 0.7302839116719243 0.061875 0.02649842271293375
3 0.32578125 0.6861198738170347 0.260625 0.1438485804416404
4 0.24375 0.6861198738170347 0.06375 0.16782334384858044
4 0.3953125 0.692429022082019 0.09375 0.13249211356466878
5 0.32578125 0.6553627760252366 0.260625 0.21766561514195584
0 0.32578125 0.5788643533123028 0.260625 0.4012618296529968
