1 0.49375 0.84192037470726 0.1125 0.17704918032786884
2 0.534375 0.8091334894613583 0.015 0.11475409836065574
2 0.46640625 0.8911007025761124 0.046875 0.06885245901639343
3 0.4890625 0.8290398126463701 0.12375 0.2079625292740047
4 0.5125 0.7962529274004684 0.06749999999999999 0.15081967213114753
4 0.46171875 0.8360655737704918 0.058124999999999996 0.22295081967213112
5 0.484375 0.7576112412177985 0.13499999999999998 0.3793911007025761
0 0.4484375 0.6615925058548009 0.22125 0.6098360655737705
1 0.54765625 0.6007025761124122 0.061875 0.03091334894613583
2 0.5671875 0.6042154566744731 0.015 0.02622950819672131
2 0.5328125 0.5995316159250585 0.026250000000000002 0.03278688524590164
3 0.54765625 0.5538641686182669 0.061875 0.1433255269320843
4 0.56328125 0.5538641686182669 0.024375 0.16721311475409834
4 0.5328125 0.5526932084309133 0.026250000000000002 0.16393442622950818
5 0.5578125 0.5491803278688525 0.08625 0.15456674473067916
0 0.5640625 0.47540983606557374 0.10124999999999999 0.331615925058548
1 0.05234375 0.6030444964871194 0.073125 0.03091334894613583
2 0.07734375 0.6053864168618267 0.013125000000000001 0.029508196721311476
2 0.03359375 0.6007025761124122 0.028125 0.029508196721311476
3 0.05234375 0.5538641686182669 0.073125 0.14894613583138172
4 0.07734375 0.5538641686182669 0.013125000000000001 0.17377049180327866
4 0.03359375 0.5515222482435597 0.028125 0.16721311475409834
5 0.05234375 0.5 0.073125 0.2782201405152225
0 0.05859375 0.4098360655737705 0.088125 0.4946135831381733
