1 0.5734375 0.9296875 0.19874999999999998 0.052500000000000005
2 0.64140625 0.9296875 0.035625000000000004 0.06124999999999999
2 0.53359375 0.92734375 0.103125 0.041562499999999995
3 0.5734375 0.834375 0.19874999999999998 0.28125
4 0.62890625 0.834375 0.065625 0.328125
4 0.53359375 0.8453125 0.103125 0.27125
5 0.5734375 0.759375 0.19874999999999998 0.46125
0 0.546875 0.615625 0.2625 0.76875
1 0.3140625 0.66484375 0.19874999999999998 0.024375
2 0.378125 0.66484375 0.045 0.028437499999999998
2 0.259375 0.665625 0.06749999999999999 0.017499999999999998
3 0.3140625 0.5859375 0.19874999999999998 0.21374999999999997
4 0.378125 0.5859375 0.045 0.24937499999999999
4 0.2609375 0.584375 0.07125000000000001 0.24499999999999997
5 0.3140625 0.5109375 0.19874999999999998 0.39375
0 0.33359375 0.38515625 0.24562499999999998 0.6956249999999999
