1 0.65546875 0.5708333333333333 0.031875 0.014999999999999998
2 0.66484375 0.565625 0.009375 0.0029166666666666664
2 0.6421875 0.5770833333333333 0.0 0.0
3 0.65546875 0.553125 0.031875 0.057499999999999996
4 0.6625 0.5479166666666667 0.015 0.0525
4 0.64296875 0.5541666666666667 0.001875 0.06416666666666666
5 0.65546875 0.534375 0.031875 0.1025
0 0.646875 0.5 0.052500000000000005 0.185
1 0.85 0.5645833333333333 0.00375 0.01
2 0.8484375 0.5645833333333333 0.0 0.011666666666666665
2 0.8515625 0.5625 0.0 0.0
3 0.8484375 0.5458333333333333 0.0075 0.055
4 0.846875 0.5479166666666667 0.00375 0.058333333333333334
4 0.85078125 0.5427083333333333 0.001875 0.05541666666666666
5 0.8453125 0.5197916666666667 0.015 0.1175
0 0.8328125 0.49166666666666664 0.045 0.185
