1 0.190625 0.4624413145539906 0.0375 0.005633802816901408
2 0.18203125 0.4624413145539906 0.016874999999999998 0.006572769953051643
2 0.2 0.460093896713615 0.015 0.0
3 0.190625 0.4354460093896714 0.0375 0.07042253521126761
4 0.18203125 0.4354460093896714 0.016874999999999998 0.08215962441314555
4 0.2 0.43309859154929575 0.015 0.07558685446009389
5 0.190625 0.4096244131455399 0.0375 0.1323943661971831
0 0.178125 0.36971830985915494 0.06749999999999999 0.22816901408450704
1 0.60546875 0.5211267605633803 0.09937499999999999 0.03943661971830986
2 0.6421875 0.5093896713615024 0.01125 0.013145539906103286
2 0.58125 0.5305164319248826 0.041249999999999995 0.019718309859154928
3 0.60546875 0.5211267605633803 0.09937499999999999 0.03943661971830986
4 0.62109375 0.5140845070422535 0.061875 0.02629107981220657
4 0.58125 0.5305164319248826 0.041249999999999995 0.019718309859154928
5 0.603125 0.5234741784037559 0.10500000000000001 0.04507042253521126
0 0.5703125 0.5199530516431925 0.18375 0.059154929577464786
