1 0.54296875 0.6956066945606695 0.103125 0.05774058577405857
2 0.578125 0.7018828451882845 0.01875 0.04979079497907949
2 0.51875 0.6872384937238494 0.045 0.043933054393305436
3 0.54296875 0.6516736401673641 0.103125 0.16317991631799164
4 0.5765625 0.6537656903765691 0.0225 0.18451882845188283
4 0.51875 0.643305439330544 0.045 0.16694560669456066
5 0.54296875 0.5993723849372385 0.103125 0.28870292887029286
0 0.5265625 0.5209205020920502 0.14250000000000002 0.4769874476987448
1 0.34375 0.7740585774058577 0.07125000000000001 0.0200836820083682
2 0.31953125 0.7709205020920502 0.013125000000000001 0.014644351464435146
2 0.36796875 0.7761506276150628 0.013125000000000001 0.017573221757322174
3 0.34375 0.74581589958159 0.07125000000000001 0.08786610878661087
4 0.31953125 0.7426778242677824 0.013125000000000001 0.09372384937238493
4 0.36796875 0.747907949790795 0.013125000000000001 0.09665271966527196
5 0.34375 0.7144351464435147 0.07125000000000001 0.16317991631799164
0 0.32734375 0.6715481171548117 0.110625 0.2661087866108786
