1 0.57578125 0.8921113689095128 0.088125 0.07517401392111368
2 0.590625 0.8747099767981439 0.052500000000000005 0.03897911832946635
2 0.56953125 0.9025522041763341 0.073125 0.05846867749419953
3 0.578125 0.8120649651972158 0.09375 0.2672853828306264
4 0.590625 0.7946635730858469 0.052500000000000005 0.2631090487238979
4 0.578125 0.814385150812065 0.09375 0.30533642691415314
5 0.578125 0.7204176334106729 0.09375 0.4872389791183295
0 0.6078125 0.5916473317865429 0.16499999999999998 0.7962877030162413
1 0.7078125 0.771461716937355 0.23625 0.052900232018561484
2 0.7921875 0.771461716937355 0.033749999999999995 0.06171693735498839
2 0.62734375 0.7726218097447796 0.043125 0.04547563805104408
3 0.7078125 0.7134570765661253 0.23625 0.19211136890951275
4 0.79140625 0.7134570765661253 0.035625000000000004 0.22412993039443155
4 0.653125 0.740139211136891 0.10500000000000001 0.13642691415313224
5 0.7078125 0.6763341067285383 0.23625 0.28120649651972157
0 0.7078125 0.5823665893271461 0.23625 0.5067285382830626
1 0.934375 0.5846867749419954 0.075 0.07795823665893271
2 0.96484375 0.5614849187935035 0.001875 0.025986078886310902
2 0.90703125 0.6044083526682135 0.009375 0.03573085846867749
3 0.934375 0.5580046403712297 0.075 0.1419953596287703
4 0.959375 0.5348027842227379 0.015 0.10069605568445475
4 0.90703125 0.5661252900232019 0.009375 0.14292343387470996
5 0.934375 0.5278422273781903 0.075 0.21438515081206494
0 0.92890625 0.45707656612529 0.088125 0.3842227378190255
1 0.44765625 0.5939675174013921 0.080625 0.061252900232018556
2 0.4796875 0.5707656612529002 0.00375 0.006496519721577726
2 0.4203125 0.6125290023201856 0.015 0.019489559164733175
3 0.44765625 0.5649651972157773 0.080625 0.1308584686774942
4 0.47578125 0.5417633410672854 0.013125000000000001 0.0877030162412993
4 0.4203125 0.5707656612529002 0.015 0.13642691415313224
5 0.44765625 0.531322505800464 0.080625 0.21160092807424594
0 0.44296875 0.4593967517401392 0.091875 0.3842227378190255
1 0.07890625 0.8874709976798144 0.088125 0.08074245939675173
2 0.0984375 0.87122969837587 0.041249999999999995 0.048723897911832945
2 0.07265625 0.8990719257540604 0.073125 0.06171693735498839
3 0.0828125 0.8097447795823666 0.0975 0.2672853828306264
4 0.0984375 0.7935034802784223 0.041249999999999995 0.26635730858468676
4 0.0828125 0.8132250580046404 0.0975 0.3020881670533642
5 0.0828125 0.7308584686774942 0.0975 0.45661252900232013
0 0.1109375 0.5893271461716937 0.16499999999999998 0.7962877030162413
1 0.2125 0.7795823665893271 0.24 0.027842227378190254
2 0.3 0.7888631090487239 0.03 0.006496519721577726
2 0.12578125 0.7761020881670534 0.031875 0.02273781902552204
3 0.2125 0.7146171693735499 0.24 0.18375870069605568
4 0.3 0.7146171693735499 0.03 0.21438515081206494
4 0.153125 0.7459396751740139 0.0975 0.10719257540603247
5 0.2125 0.6740139211136891 0.24 0.28120649651972157
0 0.2125 0.580046403712297 0.24 0.5067285382830626
