1 0.671875 0.7587822014051522 0.32999999999999996 0.05058548009367681
2 0.7828125 0.7669789227166276 0.06375 0.0360655737704918
2 0.559375 0.7517564402810304 0.06 0.039344262295081964
3 0.671875 0.6733021077283372 0.32999999999999996 0.25573770491803277
4 0.7828125 0.7014051522248244 0.06375 0.21967213114754097
4 0.559375 0.6662763466042154 0.06 0.2786885245901639
5 0.671875 0.6217798594847775 0.32999999999999996 0.3793911007025761
0 0.671875 0.5 0.32999999999999996 0.6716627634660421
1 0.10078125 0.797423887587822 0.09562499999999999 0.07587822014051522
2 0.12890625 0.7822014051522248 0.028125 0.04590163934426229
2 0.09375 0.797423887587822 0.07875 0.08852459016393442
3 0.1296875 0.7037470725995316 0.16499999999999998 0.3007025761124122
4 0.1578125 0.7002341920374707 0.0975 0.27540983606557373
4 0.11171875 0.7037470725995316 0.121875 0.3508196721311475
5 0.125 0.6651053864168618 0.17625 0.39344262295081966
0 0.190625 0.5526932084309133 0.38125 0.663231850117096
