1 0.6265625 0.9187643020594966 0.10874999999999999 0.09610983981693363
2 0.6296875 0.9107551487414187 0.0 0.0
2 0.6265625 0.9187643020594966 0.10874999999999999 0.11212814645308924
3 0.6265625 0.8466819221967964 0.10874999999999999 0.26910755148741416
4 0.61328125 0.8249427917620137 0.039375 0.2402745995423341
4 0.6265625 0.8466819221967964 0.10874999999999999 0.30663615560640733
5 0.6265625 0.7414187643020596 0.10874999999999999 0.517162471395881
0 0.59765625 0.580091533180778 0.178125 0.8398169336384439
1 0.54140625 0.5846681922196796 0.05437499999999999 0.04668192219679634
2 0.55703125 0.5961098398169337 0.016874999999999998 0.022425629290617848
2 0.5296875 0.580091533180778 0.026250000000000002 0.041647597254004576
3 0.54140625 0.5560640732265446 0.05437499999999999 0.11533180778032036
4 0.55703125 0.5560640732265446 0.016874999999999998 0.13455377574370708
4 0.5296875 0.5526315789473685 0.026250000000000002 0.11853546910755149
5 0.54140625 0.5194508009153318 0.05437499999999999 0.2032036613272311
0 0.5390625 0.45423340961098396 0.10124999999999999 0.3597254004576659
