1 0.4484375 0.6184510250569476 0.01875 0.06287015945330296
2 0.45078125 0.6332574031890661 0.013125000000000001 0.03189066059225513
2 0.44375 0.6070615034168565 0.0075 0.04145785876993166
3 0.44765625 0.5865603644646925 0.020624999999999998 0.13940774487471524
4 0.45078125 0.5865603644646925 0.013125000000000001 0.1626423690205011
4 0.44296875 0.5774487471526196 0.009375 0.12437357630979498
5 0.45234375 0.5455580865603644 0.035625000000000004 0.23781321184510248
0 0.46171875 0.4783599088838269 0.14437499999999998 0.3990888382687927
1 0.6171875 0.6275626423690205 0.0225 0.05193621867881549
2 0.6125 0.6412300683371298 0.01125 0.022323462414578586
2 0.625 0.6195899772209568 0.00375 0.03826879271070614
3 0.6171875 0.592255125284738 0.0225 0.1366742596810934
4 0.61328125 0.592255125284738 0.013125000000000001 0.15945330296127563
4 0.61953125 0.592255125284738 0.016874999999999998 0.11480637813211844
5 0.615625 0.5421412300683371 0.045 0.2569476082004556
0 0.61640625 0.4715261958997722 0.125625 0.42642369020501136
1 0.321875 0.6150341685649203 0.06 0.06560364464692482
2 0.3421875 0.6070615034168565 0.01125 0.0542141230068337
2 0.303125 0.6332574031890661 0.015 0.0255125284738041
3 0.321875 0.5945330296127562 0.06 0.11480637813211844
4 0.33828125 0.5865603644646925 0.020624999999999998 0.11161731207289294
4 0.303125 0.5945330296127562 0.015 0.13394077448747152
5 0.321875 0.5558086560364465 0.06 0.20774487471526196
0 0.3046875 0.4715261958997722 0.15 0.41002277904328016
1 0.84296875 0.6662870159453302 0.039375 0.030068337129840545
2 0.853125 0.664009111617312 0.015 0.02870159453302961
2 0.83046875 0.6708428246013668 0.009375 0.022323462414578586
3 0.84296875 0.6138952164009112 0.039375 0.15580865603644645
4 0.853125 0.6116173120728929 0.015 0.17539863325740318
4 0.83046875 0.6138952164009112 0.009375 0.18177676537585422
5 0.84609375 0.5558086560364465 0.046875 0.2952164009111617
0 0.8625 0.45558086560364464 0.10500000000000001 0.5357630979498861
