1 0.3892694063926941 0.81953125 0.5287671232876712 0.121875
2 0.5821917808219178 0.84375 0.06575342465753424 0.074375
2 0.2237442922374429 0.8046875 0.13150684931506848 0.10062499999999999
3 0.3892694063926941 0.771875 0.5287671232876712 0.23625
4 0.571917808219178 0.7890625 0.09041095890410959 0.22749999999999998
4 0.2363013698630137 0.75703125 0.16164383561643836 0.23406249999999998
5 0.3892694063926941 0.703125 0.5287671232876712 0.40125
0 0.3961187214611872 0.57734375 0.5452054794520548 0.703125
1 0.2180365296803653 0.4171875 0.12876712328767123 0.01875
2 0.2545662100456621 0.4171875 0.0410958904109589 0.021875
2 0.19863013698630136 0.4140625 0.0821917808219178 0.013124999999999998
3 0.2180365296803653 0.37890625 0.12876712328767123 0.110625
4 0.2545662100456621 0.3796875 0.0410958904109589 0.126875
4 0.19863013698630136 0.37578125 0.0821917808219178 0.1203125
5 0.2180365296803653 0.3421875 0.12876712328767123 0.19874999999999998
0 0.2271689497716895 0.265625 0.1506849315068493 0.38249999999999995
