1 0.12578125 0.9270833333333334 0.065625 0.05999999999999999
2 0.1171875 0.9364583333333333 0.015 0.020416666666666663
2 0.12578125 0.9270833333333334 0.065625 0.06999999999999999
3 0.134375 0.8583333333333333 0.08625 0.225
4 0.12109375 0.8541666666666666 0.024375 0.2508333333333333
4 0.134375 0.8604166666666667 0.08625 0.25666666666666665
5 0.1125 0.7979166666666667 0.13874999999999998 0.37
0 0.15625 0.7208333333333333 0.24375 0.5549999999999999
1 0.31796875 0.9114583333333334 0.088125 0.057499999999999996
2 0.3484375 0.8895833333333333 0.015 0.005833333333333333
2 0.2875 0.9270833333333334 0.015 0.02333333333333333
3 0.33359375 0.840625 0.125625 0.2275
4 0.3640625 0.8208333333333333 0.052500000000000005 0.1983333333333333
4 0.30546875 0.840625 0.058124999999999996 0.26541666666666663
5 0.33359375 0.753125 0.125625 0.4375
0 0.36796875 0.51875 0.20812499999999998 0.9625
1 0.875 0.91875 0.20249999999999999 0.02
2 0.815625 0.91875 0.06 0.02333333333333333
2 0.95703125 0.915625 0.005625 0.0029166666666666664
3 0.875 0.8479166666666667 0.20249999999999999 0.19
4 0.81796875 0.8479166666666667 0.065625 0.22166666666666665
4 0.921875 0.8604166666666667 0.09 0.1575
5 0.875 0.8010416666666667 0.20249999999999999 0.3025
0 0.859375 0.7489583333333333 0.24 0.4275
1 0.20390625 0.903125 0.110625 0.1125
2 0.23203125 0.8916666666666667 0.043125 0.09916666666666665
2 0.17421875 0.9322916666666666 0.039375 0.049583333333333326
3 0.2265625 0.8479166666666667 0.16499999999999998 0.245
4 0.2546875 0.8364583333333333 0.0975 0.25375
4 0.19609375 0.8583333333333333 0.091875 0.25666666666666665
5 0.2265625 0.7708333333333334 0.16499999999999998 0.43
0 0.2359375 0.5989583333333334 0.1875 0.8020833333333334
