1 0.659375 0.8458333333333333 0.29625 0.075
2 0.55625 0.8479166666666667 0.04875 0.07583333333333334
2 0.75 0.8458333333333333 0.07875 0.0875
3 0.659375 0.7677083333333333 0.29625 0.2625
4 0.5609375 0.7677083333333333 0.06 0.30041666666666667
4 0.75 0.7677083333333333 0.07875 0.30625
5 0.659375 0.7239583333333334 0.29625 0.3675
0 0.6609375 0.615625 0.3 0.6275
1 0.6734375 0.896875 0.3225 0.19249999999999998
2 0.55390625 0.896875 0.035625000000000004 0.20625
2 0.7640625 0.8927083333333333 0.10500000000000001 0.19541666666666666
3 0.6734375 0.8614583333333333 0.3225 0.27708333333333335
4 0.5546875 0.8614583333333333 0.0375 0.27708333333333335
4 0.7640625 0.8572916666666667 0.10500000000000001 0.28541666666666665
5 0.6734375 0.8 0.3225 0.4
0 0.6734375 0.6552083333333333 0.3225 0.6895833333333333
1 0.8046875 0.6229166666666667 0.10500000000000001 0.065
2 0.8328125 0.6333333333333333 0.0375 0.04666666666666666
2 0.778125 0.6104166666666667 0.041249999999999995 0.040833333333333326
3 0.7984375 0.5947916666666667 0.12 0.13249999999999998
4 0.80859375 0.6041666666666666 0.09562499999999999 0.12833333333333333
4 0.771875 0.5822916666666667 0.05625 0.11958333333333333
0 0.7984375 0.5947916666666667 0.12 0.13249999999999998
