1 0.13359375 0.7798594847775175 0.234375 0.20234192037470725
2 0.0671875 0.747072599531616 0.075 0.1442622950819672
2 0.2078125 0.8302107728337237 0.05625 0.09508196721311474
3 0.16015625 0.7798594847775175 0.298125 0.20234192037470725
4 0.1171875 0.752927400468384 0.195 0.160655737704918
4 0.234375 0.8302107728337237 0.12 0.09508196721311474
5 0.18828125 0.7798594847775175 0.365625 0.20234192037470725
0 0.32109375 0.7564402810304449 0.6421875 0.25854800936768146
1 0.809375 0.8559718969555035 0.17625 0.0477751756440281
2 0.8328125 0.860655737704918 0.12 0.04262295081967213
2 0.76953125 0.8442622950819673 0.080625 0.022950819672131147
3 0.809375 0.7459016393442623 0.17625 0.311943793911007
4 0.8328125 0.7459016393442623 0.12 0.36393442622950817
4 0.76953125 0.7599531615925058 0.080625 0.25901639344262295
5 0.809375 0.6768149882903981 0.17625 0.477751756440281
0 0.77265625 0.5105386416861827 0.26437499999999997 0.8768149882903981
