1 0.25546875 0.47539370078740156 0.020624999999999998 0.002362204724409449
2 0.24921875 0.4744094488188976 0.005625 0.0
2 0.259375 0.47539370078740156 0.01125 0.0027559055118110236
3 0.25546875 0.46062992125984253 0.020624999999999998 0.03779527559055118
4 0.24921875 0.4596456692913386 0.005625 0.04133858267716536
4 0.259375 0.46062992125984253 0.01125 0.04409448818897638
5 0.25546875 0.4498031496062992 0.020624999999999998 0.06377952755905511
0 0.2578125 0.4281496062992126 0.026250000000000002 0.11574803149606298
1 0.671875 0.8809055118110236 0.13125 0.12047244094488188
2 0.70859375 0.8917322834645669 0.043125 0.11023622047244094
2 0.6375 0.8710629921259843 0.04875 0.11299212598425197
3 0.671875 0.8080708661417323 0.13125 0.2952755905511811
4 0.70859375 0.8149606299212598 0.043125 0.3251968503937008
4 0.6375 0.7982283464566929 0.04875 0.3169291338582677
5 0.6671875 0.7312992125984252 0.14250000000000002 0.4795275590551181
0 0.65390625 0.5423228346456693 0.215625 0.9153543307086615
1 0.48671875 0.8858267716535433 0.076875 0.08503937007874014
2 0.50546875 0.8789370078740157 0.031875 0.07992125984251967
2 0.46953125 0.8917322834645669 0.035625000000000004 0.08267716535433071
3 0.4890625 0.8208661417322834 0.08249999999999999 0.24094488188976376
4 0.5078125 0.8139763779527559 0.0375 0.2618110236220472
4 0.46953125 0.8228346456692913 0.035625000000000004 0.2755905511811024
5 0.496875 0.7391732283464567 0.10124999999999999 0.43700787401574803
0 0.49375 0.5984251968503937 0.20249999999999999 0.7748031496062991
1 0.35859375 0.889763779527559 0.133125 0.08031496062992126
2 0.3953125 0.8789370078740157 0.045 0.06338582677165354
2 0.321875 0.889763779527559 0.045 0.0937007874015748
3 0.35859375 0.812007874015748 0.133125 0.2669291338582677
4 0.3953125 0.8011811023622047 0.045 0.2811023622047244
4 0.321875 0.8159448818897638 0.045 0.3003937007874016
5 0.35859375 0.7391732283464567 0.133125 0.44173228346456694
0 0.3765625 0.5452755905511811 0.21374999999999997 0.9070866141732282
