1 0.4918032786885246 0.671875 0.4496487119437939 0.09
2 0.6381733021077284 0.6890625 0.09836065573770492 0.056874999999999995
2 0.3559718969555035 0.646875 0.12365339578454332 0.034999999999999996
3 0.4918032786885246 0.60390625 0.4496487119437939 0.253125
4 0.6381733021077284 0.6109375 0.09836065573770492 0.27562499999999995
4 0.3559718969555035 0.57890625 0.12365339578454332 0.22531249999999997
5 0.4918032786885246 0.5546875 0.4496487119437939 0.37124999999999997
0 0.45081967213114754 0.4390625 0.5480093676814989 0.6487499999999999
1 0.22131147540983606 0.659375 0.17142857142857143 0.052500000000000005
2 0.27049180327868855 0.671875 0.053395784543325525 0.026249999999999996
2 0.1756440281030445 0.6421875 0.06182669789227166 0.013124999999999998
3 0.22131147540983606 0.6390625 0.17142857142857143 0.10124999999999999
4 0.27049180327868855 0.6453125 0.053395784543325525 0.10062499999999999
4 0.1756440281030445 0.621875 0.06182669789227166 0.06999999999999999
5 0.22131147540983606 0.615625 0.17142857142857143 0.1575
0 0.23653395784543327 0.54453125 0.2079625292740047 0.328125
