1 0.3765133171912833 0.8581818181818182 0.22953995157384988 0.06981818181818182
2 0.4346246973365617 0.8581818181818182 0.09007263922518159 0.08145454545454545
2 0.28934624697336564 0.8690909090909091 0.02033898305084746 0.02036363636363636
3 0.3765133171912833 0.7981818181818182 0.22953995157384988 0.2138181818181818
4 0.4346246973365617 0.7981818181818182 0.09007263922518159 0.24945454545454543
4 0.28934624697336564 0.7954545454545454 0.02033898305084746 0.22654545454545452
5 0.3765133171912833 0.7090909090909091 0.22953995157384988 0.4276363636363636
0 0.3704600484261501 0.5063636363636363 0.37772397094430993 0.9141818181818181
1 0.6404358353510896 0.8881818181818182 0.10750605326876513 0.07636363636363637
2 0.6719128329297821 0.8918181818181818 0.031961259079903145 0.0789090909090909
2 0.6186440677966102 0.8809090909090909 0.05520581113801453 0.06872727272727272
3 0.6416464891041163 0.8272727272727273 0.11041162227602906 0.22254545454545452
4 0.6731234866828087 0.8281818181818181 0.03486682808716707 0.25709090909090904
4 0.6186440677966102 0.82 0.05520581113801453 0.23927272727272728
5 0.635593220338983 0.7381818181818182 0.12493946731234867 0.43636363636363634
0 0.648910411622276 0.56 0.3312348668280871 0.864
