1 0.728 0.3708708708708709 0.08159999999999999 0.04684684684684685
2 0.717 0.36486486486486486 0.0552 0.03783783783783784
2 0.755 0.37987987987987987 0.016800000000000002 0.029429429429429426
3 0.728 0.3213213213213213 0.08159999999999999 0.16576576576576577
4 0.717 0.3153153153153153 0.0552 0.17657657657657658
4 0.736 0.33633633633633636 0.0624 0.15135135135135136
5 0.746 0.3063063063063063 0.1248 0.20180180180180182
0 0.729 0.26876876876876876 0.1656 0.2918918918918919
1 0.974 0.5915915915915916 0.014399999999999998 0.02162162162162162
2 0.969 0.5855855855855856 0.0024 0.008408408408408409
2 0.98 0.6006006006006006 0.0 0.0
3 0.969 0.5780780780780781 0.0264 0.05405405405405406
4 0.964 0.5720720720720721 0.014399999999999998 0.04624624624624624
4 0.98 0.581081081081081 0.0 0.054654654654654654
5 0.97 0.5555555555555556 0.028799999999999996 0.10810810810810811
0 0.969 0.509009009009009 0.062 0.21981981981981982
