1 0.5953125 0.69375 0.13125 0.029999999999999995
2 0.55703125 0.6979166666666666 0.039375 0.02333333333333333
2 0.63671875 0.6864583333333333 0.031875 0.014583333333333334
3 0.59375 0.6552083333333333 0.13499999999999998 0.1225
4 0.55546875 0.6552083333333333 0.043125 0.14291666666666666
4 0.625 0.6479166666666667 0.06 0.1225
5 0.59375 0.6333333333333333 0.13499999999999998 0.175
0 0.61171875 0.5208333333333334 0.178125 0.445
1 0.49453125 0.134375 0.103125 0.0475
2 0.53125 0.140625 0.015 0.03791666666666667
2 0.4515625 0.11458333333333333 0.0 0.0
3 0.49453125 0.09895833333333333 0.103125 0.13249999999999998
4 0.52578125 0.10104166666666667 0.028125 0.14875
4 0.45546875 0.07916666666666666 0.009375 0.09916666666666665
5 0.49453125 0.07916666666666666 0.103125 0.15833333333333333
0 0.49453125 0.07916666666666666 0.103125 0.15833333333333333
