1 0.441 0.7444852941176471 0.228 0.18970588235294117
2 0.358 0.7132352941176471 0.028799999999999996 0.1338235294117647
2 0.517 0.8143382352941176 0.0456 0.025735294117647058
3 0.441 0.7242647058823529 0.228 0.23823529411764705
4 0.394 0.6930147058823529 0.11519999999999998 0.19044117647058822
4 0.504 0.7242647058823529 0.0768 0.2779411764705882
5 0.441 0.6341911764705882 0.228 0.45441176470588235
0 0.44 0.46691176470588236 0.23039999999999997 0.8558823529411764
1 0.09 0.7628676470588235 0.06720000000000001 0.18970588235294117
2 0.112 0.8400735294117647 0.014399999999999998 0.005147058823529412
2 0.07 0.7279411764705882 0.0192 0.12352941176470586
3 0.114 0.7150735294117647 0.1248 0.3044117647058823
4 0.136 0.7518382352941176 0.072 0.25220588235294117
4 0.108 0.6801470588235294 0.1104 0.25735294117647056
5 0.114 0.6470588235294118 0.1248 0.46764705882352936
0 0.174 0.5606617647058824 0.2832 0.6749999999999999
1 0.81 0.8492647058823529 0.2352 0.10588235294117646
2 0.734 0.8786764705882353 0.0528 0.041176470588235294
2 0.89 0.8400735294117647 0.043199999999999995 0.09779411764705881
3 0.81 0.7794117647058824 0.2352 0.27352941176470585
4 0.734 0.78125 0.0528 0.3139705882352941
4 0.862 0.7702205882352942 0.1104 0.2933823529411765
5 0.81 0.7040441176470589 0.2352 0.45441176470588235
0 0.81 0.5349264705882353 0.2352 0.8602941176470589
