1 0.24453125 0.7336182336182336 0.080625 0.023931623931623933
2 0.221875 0.7279202279202279 0.026250000000000002 0.011965811965811963
2 0.2625 0.7393162393162394 0.0375 0.011965811965811963
3 0.2421875 0.6680911680911681 0.08625 0.1811965811965812
4 0.21953125 0.6680911680911681 0.031875 0.17948717948717946
4 0.2609375 0.6680911680911681 0.041249999999999995 0.21139601139601136
5 0.23984375 0.603988603988604 0.091875 0.335042735042735
0 0.23984375 0.4757834757834758 0.091875 0.6427350427350427
1 0.40234375 0.7877492877492878 0.103125 0.037606837606837605
2 0.371875 0.7834757834757835 0.03 0.031908831908831904
2 0.4328125 0.792022792022792 0.03 0.031908831908831904
3 0.40234375 0.6994301994301995 0.103125 0.24957264957264955
4 0.371875 0.6951566951566952 0.03 0.2792022792022792
4 0.4328125 0.7065527065527065 0.03 0.27122507122507117
5 0.4 0.6068376068376068 0.10874999999999999 0.4717948717948718
0 0.39765625 0.4843304843304843 0.174375 0.7658119658119659
1 0.7515625 0.8148148148148148 0.06 0.02051282051282051
2 0.73203125 0.8133903133903134 0.013125000000000001 0.019943019943019943
2 0.771875 0.8148148148148148 0.01125 0.023931623931623926
3 0.7515625 0.7193732193732194 0.06 0.24957264957264955
4 0.73203125 0.717948717948718 0.013125000000000001 0.28717948717948716
4 0.771875 0.7193732193732194 0.01125 0.2911680911680911
5 0.7546875 0.6367521367521367 0.06749999999999999 0.4478632478632478
0 0.753125 0.5028490028490028 0.1725 0.7692307692307693
