1 0.75078125 0.7489583333333333 0.20437499999999997 0.3675
2 0.71953125 0.6770833333333334 0.09937499999999999 0.22749999999999998
2 0.75078125 0.7854166666666667 0.20437499999999997 0.3266666666666666
3 0.6375 0.7489583333333333 0.47625 0.3675
4 0.63515625 0.6770833333333334 0.301875 0.22749999999999998
4 0.6375 0.7854166666666667 0.47625 0.3266666666666666
5 0.49765625 0.7354166666666667 0.811875 0.4
0 0.49296875 0.48333333333333334 0.8231249999999999 0.9666666666666667
1 0.73671875 0.3885416666666667 0.09562499999999999 0.0175
2 0.7640625 0.3885416666666667 0.03 0.020416666666666663
2 0.71171875 0.39166666666666666 0.035625000000000004 0.011666666666666665
3 0.73671875 0.35833333333333334 0.09562499999999999 0.09
4 0.76171875 0.35833333333333334 0.035625000000000004 0.105
4 0.71171875 0.36770833333333336 0.035625000000000004 0.07875
5 0.73671875 0.3260416666666667 0.09562499999999999 0.16749999999999998
0 0.7234375 0.25833333333333336 0.1275 0.33
