1 0.276 0.6266666666666667 0.2496 0.025599999999999998
2 0.185 0.6253333333333333 0.0312 0.02613333333333333
2 0.377 0.6293333333333333 0.007199999999999999 0.022399999999999996
3 0.276 0.576 0.2496 0.1472
4 0.194 0.5746666666666667 0.0528 0.16799999999999998
4 0.353 0.58 0.0648 0.16053333333333333
5 0.276 0.532 0.2496 0.25279999999999997
0 0.276 0.44 0.2496 0.47359999999999997
1 0.769 0.5866666666666667 0.0792 0.10239999999999999
2 0.784 0.62 0.043199999999999995 0.02613333333333333
2 0.753 0.548 0.040799999999999996 0.011199999999999998
3 0.769 0.5386666666666666 0.0792 0.2176
4 0.784 0.5586666666666666 0.043199999999999995 0.19786666666666664
4 0.753 0.5 0.040799999999999996 0.14559999999999998
5 0.775 0.5293333333333333 0.09359999999999999 0.24
0 0.766 0.47333333333333333 0.11519999999999998 0.3744
1 0.636 0.564 0.043199999999999995 0.0544
2 0.636 0.5746666666666667 0.043199999999999995 0.0336
2 0.64 0.5413333333333333 0.0 0.0
3 0.623 0.5253333333333333 0.0744 0.1472
4 0.623 0.5386666666666666 0.0744 0.1344
4 0.616 0.5026666666666667 0.05759999999999999 0.10826666666666665
5 0.632 0.5253333333333333 0.096 0.1472
0 0.595 0.4746666666666667 0.1848 0.2688
