1 0.74765625 0.8275488069414316 0.09937499999999999 0.04945770065075922
2 0.73515625 0.8275488069414316 0.06937499999999999 0.05770065075921908
2 0.78203125 0.8199566160520607 0.016874999999999998 0.006073752711496746
3 0.74765625 0.7386117136659436 0.09937499999999999 0.26290672451193053
4 0.73515625 0.7386117136659436 0.06937499999999999 0.30672451193058564
4 0.77890625 0.7321041214750542 0.024375 0.25206073752711494
5 0.75546875 0.6550976138828634 0.118125 0.4633405639913232
0 0.75546875 0.5650759219088937 0.118125 0.6793926247288503
1 0.30078125 0.559652928416486 0.024375 0.041648590021691974
2 0.29609375 0.559652928416486 0.013125000000000001 0.04859002169197397
2 0.303125 0.5629067245119306 0.01875 0.03947939262472885
3 0.30078125 0.5336225596529284 0.024375 0.10412147505422993
4 0.29609375 0.5336225596529284 0.013125000000000001 0.12147505422993492
4 0.303125 0.5357917570498916 0.01875 0.11540130151843817
5 0.30234375 0.5021691973969631 0.028125 0.17960954446854663
0 0.296875 0.47830802603036876 0.075 0.2368763557483731
