1 0.27415966386554624 0.61796875 0.08823529411764706 0.020624999999999998
2 0.2920168067226891 0.61640625 0.0453781512605042 0.0196875
2 0.2510504201680672 0.6203125 0.03277310924369748 0.017499999999999998
3 0.27415966386554624 0.59375 0.08823529411764706 0.07875
4 0.2920168067226891 0.59296875 0.0453781512605042 0.08531249999999999
4 0.2510504201680672 0.59375 0.03277310924369748 0.091875
5 0.27415966386554624 0.565625 0.08823529411764706 0.14625
0 0.27205882352941174 0.5171875 0.09327731092436975 0.2625
1 0.4222689075630252 0.7234375 0.08571428571428572 0.0375
2 0.4422268907563025 0.7296875 0.037815126050420166 0.026249999999999996
2 0.4107142857142857 0.7171875 0.05798319327731092 0.026249999999999996
3 0.42331932773109243 0.68046875 0.08823529411764706 0.140625
4 0.4432773109243697 0.684375 0.04033613445378151 0.153125
4 0.4107142857142857 0.67421875 0.05798319327731092 0.14656249999999998
5 0.42962184873949577 0.63203125 0.10336134453781512 0.256875
0 0.4684873949579832 0.5640625 0.19663865546218487 0.42000000000000004
