1 0.2453125 0.7729166666666667 0.06749999999999999 0.14
2 0.2578125 0.740625 0.0375 0.07291666666666667
2 0.2328125 0.8166666666666667 0.0375 0.040833333333333326
3 0.28203125 0.7729166666666667 0.15562499999999999 0.14
4 0.29453125 0.740625 0.125625 0.07291666666666667
4 0.27265625 0.803125 0.133125 0.07875
5 0.28203125 0.7479166666666667 0.15562499999999999 0.2
0 0.30390625 0.6489583333333333 0.20812499999999998 0.4375
1 0.45390625 0.71875 0.24187499999999998 0.055
2 0.54296875 0.7260416666666667 0.028125 0.04375
2 0.36328125 0.7166666666666667 0.024375 0.058333333333333334
3 0.45390625 0.684375 0.24187499999999998 0.1375
4 0.53671875 0.6895833333333333 0.043125 0.14583333333333334
4 0.3859375 0.6822916666666666 0.07875 0.15458333333333332
5 0.45390625 0.6427083333333333 0.24187499999999998 0.2375
0 0.45390625 0.5708333333333333 0.24187499999999998 0.41
1 0.0796875 0.7145833333333333 0.13874999999999998 0.08
2 0.1125 0.6885416666666667 0.06 0.020416666666666663
2 0.0390625 0.7333333333333333 0.041249999999999995 0.040833333333333326
3 0.0796875 0.6708333333333333 0.13874999999999998 0.185
4 0.1125 0.6447916666666667 0.06 0.14291666666666666
4 0.04921875 0.690625 0.065625 0.16041666666666668
5 0.0796875 0.6291666666666667 0.13874999999999998 0.285
0 0.0875 0.5614583333333333 0.1575 0.44749999999999995
