1 0.366 0.7540983606557377 0.0624 0.03278688524590164
2 0.345 0.7540983606557377 0.012 0.03825136612021858
2 0.383 0.7650273224043715 0.021599999999999998 0.007650273224043715
3 0.366 0.7185792349726776 0.0624 0.11803278688524589
4 0.345 0.7185792349726776 0.012 0.1377049180327869
4 0.383 0.7226775956284153 0.021599999999999998 0.1262295081967213
5 0.366 0.6775956284153005 0.0624 0.21639344262295082
0 0.374 0.5969945355191257 0.2016 0.4098360655737705
1 0.412 0.7540983606557377 0.028799999999999996 0.0459016393442623
2 0.41 0.76775956284153 0.024 0.01530054644808743
2 0.421 0.7459016393442623 0.007199999999999999 0.03060109289617486
3 0.412 0.7213114754098361 0.028799999999999996 0.12459016393442623
4 0.41 0.726775956284153 0.024 0.13005464480874315
4 0.414 0.7131147540983607 0.024 0.12240437158469944
5 0.414 0.6939890710382514 0.033600000000000005 0.1901639344262295
0 0.4 0.6325136612021858 0.096 0.33770491803278685
