1 0.6179906542056075 0.90859375 0.24953271028037383 0.050624999999999996
2 0.639018691588785 0.92109375 0.19906542056074766 0.024062499999999997
2 0.5490654205607477 0.896875 0.08411214953271028 0.026249999999999996
3 0.6179906542056075 0.86328125 0.24953271028037383 0.159375
4 0.639018691588785 0.8734375 0.19906542056074766 0.1575
4 0.5490654205607477 0.8515625 0.08411214953271028 0.153125
5 0.6179906542056075 0.81796875 0.24953271028037383 0.268125
0 0.6203271028037384 0.68125 0.4121495327102804 0.59625
1 0.4252336448598131 0.83671875 0.26915887850467285 0.076875
2 0.5058411214953271 0.83515625 0.07570093457943924 0.08531249999999999
2 0.352803738317757 0.83671875 0.09532710280373831 0.0896875
3 0.4252336448598131 0.75078125 0.26915887850467285 0.28312499999999996
4 0.5058411214953271 0.75 0.07570093457943924 0.32375
4 0.352803738317757 0.75078125 0.09532710280373831 0.33031249999999995
5 0.4252336448598131 0.67578125 0.26915887850467285 0.46312499999999995
0 0.3983644859813084 0.5453125 0.49065420560747663 0.7762499999999999
