1 0.1421875 0.7276507276507277 0.08625 0.08482328482328481
2 0.12421875 0.7484407484407485 0.043125 0.040748440748440744
2 0.1671875 0.7120582120582121 0.026250000000000002 0.0553014553014553
3 0.1421875 0.681912681912682 0.08625 0.19459459459459458
4 0.125 0.6975051975051975 0.045 0.18336798336798335
4 0.1671875 0.6663201663201663 0.026250000000000002 0.18336798336798335
5 0.1421875 0.6496881496881497 0.08625 0.2719334719334719
0 0.16640625 0.5550935550935551 0.14437499999999998 0.498960498960499
1 0.80859375 0.7432432432432432 0.09562499999999999 0.08731808731808732
2 0.8328125 0.7536382536382537 0.0375 0.07276507276507277
2 0.79453125 0.7141372141372141 0.061875 0.020374220374220372
3 0.80859375 0.6975051975051975 0.09562499999999999 0.19708939708939707
4 0.8328125 0.7089397089397089 0.0375 0.1979209979209979
4 0.79453125 0.6683991683991684 0.061875 0.14844074844074842
5 0.80859375 0.6403326403326404 0.09562499999999999 0.33430353430353427
0 0.8390625 0.5613305613305614 0.16875 0.5239085239085239
