1 0.522 0.968 0.0528 0.025599999999999998
2 0.532 0.9706666666666667 0.028799999999999996 0.022399999999999996
2 0.506 0.968 0.014399999999999998 0.029866666666666666
3 0.566 0.872 0.1584 0.256
4 0.576 0.8826666666666667 0.13440000000000002 0.23466666666666666
4 0.551 0.872 0.1224 0.256
5 0.607 0.756 0.25680000000000003 0.488
0 0.659 0.5893333333333334 0.38159999999999994 0.8213333333333334
1 0.211 0.9266666666666666 0.2712 0.1248
2 0.112 0.8813333333333333 0.033600000000000005 0.018666666666666668
2 0.323 0.968 0.0024 0.029866666666666666
3 0.238 0.8466666666666667 0.336 0.30666666666666664
4 0.172 0.8013333333333333 0.1776 0.24266666666666667
4 0.35 0.8626666666666667 0.06720000000000001 0.27466666666666667
5 0.251 0.7693333333333333 0.36719999999999997 0.4613333333333333
0 0.333 0.5866666666666667 0.564 0.8266666666666667
