1 0.27265625 0.9364583333333333 0.193125 0.12708333333333333
2 0.321875 0.9041666666666667 0.075 0.06999999999999999
2 0.2140625 0.9552083333333333 0.052500000000000005 0.08958333333333333
3 0.27265625 0.865625 0.193125 0.26875
4 0.321875 0.8333333333333334 0.075 0.2683333333333333
4 0.21484375 0.8708333333333333 0.05437499999999999 0.25833333333333336
5 0.27265625 0.76875 0.193125 0.4625
0 0.28125 0.603125 0.21374999999999997 0.79375
1 0.85859375 0.7989583333333333 0.118125 0.0825
2 0.88828125 0.8208333333333333 0.046875 0.034999999999999996
2 0.8375 0.7677083333333333 0.06749999999999999 0.008749999999999999
3 0.85859375 0.7229166666666667 0.118125 0.26499999999999996
4 0.88828125 0.7302083333333333 0.046875 0.28875
4 0.8375 0.6916666666666667 0.06749999999999999 0.22166666666666665
5 0.8640625 0.6479166666666667 0.13125 0.445
0 0.88515625 0.5083333333333333 0.189375 0.7799999999999999
