1 0.0546875 0.7920560747663551 0.109375 0.07289719626168224
2 0.08125 0.7932242990654206 0.06 0.03598130841121495
2 0.03515625 0.7920560747663551 0.0703125 0.08504672897196261
3 0.0546875 0.7219626168224299 0.109375 0.2411214953271028
4 0.08125 0.7137850467289719 0.06 0.258411214953271
4 0.0546875 0.727803738317757 0.109375 0.26495327102803734
5 0.0546875 0.6273364485981309 0.109375 0.46822429906542057
0 0.09765625 0.5105140186915887 0.1953125 0.7485981308411215
1 0.70625 0.5385514018691588 0.13499999999999998 0.14299065420560747
2 0.746875 0.4953271028037383 0.0375 0.04579439252336448
2 0.65859375 0.5747663551401869 0.020624999999999998 0.06542056074766354
3 0.71484375 0.49065420560747663 0.15562499999999999 0.25794392523364484
4 0.75546875 0.44742990654205606 0.058124999999999996 0.17990654205607476
4 0.6671875 0.508177570093458 0.041249999999999995 0.25186915887850464
5 0.71484375 0.45093457943925236 0.15562499999999999 0.35327102803738314
0 0.715625 0.32710280373831774 0.16125 0.6504672897196261
