1 0.6261682242990654 0.71953125 0.16261682242990652 0.084375
2 0.6203271028037384 0.74375 0.14859813084112147 0.030624999999999996
2 0.6378504672897196 0.6984375 0.13457943925233642 0.039375
3 0.6261682242990654 0.66484375 0.16261682242990652 0.215625
4 0.6203271028037384 0.66484375 0.14859813084112147 0.2515625
4 0.6296728971962616 0.64453125 0.1542056074766355 0.1903125
5 0.6063084112149533 0.5953125 0.2102803738317757 0.38249999999999995
0 0.45210280373831774 0.4359375 0.5803738317757009 0.7649999999999999
1 0.7990654205607477 0.278125 0.35887850467289717 0.052500000000000005
2 0.9123831775700935 0.278125 0.08691588785046728 0.06124999999999999
2 0.6530373831775701 0.27890625 0.008411214953271027 0.0328125
3 0.7838785046728972 0.23203125 0.3953271028037383 0.163125
4 0.8738317757009346 0.2390625 0.17943925233644858 0.17062499999999997
4 0.6378504672897196 0.22734375 0.044859813084112146 0.1771875
5 0.7838785046728972 0.190625 0.3953271028037383 0.2625
0 0.7616822429906542 0.165625 0.4485981308411215 0.3225
