1 0.4109375 0.857487922705314 0.15 0.028985507246376812
2 0.36171875 0.8623188405797102 0.031875 0.020289855072463763
2 0.459375 0.8514492753623188 0.033749999999999995 0.016908212560386472
3 0.4109375 0.8285024154589372 0.15 0.09855072463768115
4 0.3703125 0.8417874396135265 0.052500000000000005 0.07777777777777777
4 0.459375 0.822463768115942 0.033749999999999995 0.09806763285024153
5 0.4109375 0.8043478260869565 0.15 0.15652173913043477
0 0.4109375 0.7548309178743962 0.15 0.2753623188405797
1 0.65546875 0.6992753623188406 0.121875 0.049275362318840575
2 0.70078125 0.6980676328502415 0.013125000000000001 0.05410628019323671
2 0.61640625 0.716183574879227 0.028125 0.010144927536231882
3 0.65546875 0.6932367149758454 0.121875 0.06376811594202898
4 0.68359375 0.6944444444444444 0.05437499999999999 0.06425120772946859
4 0.61640625 0.6932367149758454 0.028125 0.07439613526570048
5 0.65546875 0.6702898550724637 0.121875 0.11884057971014492
0 0.65234375 0.6364734299516909 0.129375 0.19999999999999998
