1 0.45234375 0.824009324009324 0.496875 0.18181818181818182
2 0.6265625 0.8846153846153846 0.07875 0.04242424242424242
2 0.26171875 0.789044289044289 0.039375 0.11421911421911422
3 0.45234375 0.7937062937062938 0.496875 0.2545454545454546
4 0.6265625 0.7937062937062938 0.07875 0.29696969696969694
4 0.31796875 0.7645687645687645 0.174375 0.18275058275058273
5 0.45234375 0.7342657342657343 0.496875 0.3972027972027972
0 0.45234375 0.5827505827505828 0.496875 0.7608391608391608
1 0.63984375 0.8228438228438228 0.22312499999999996 0.033566433566433566
2 0.72421875 0.8251748251748252 0.020624999999999998 0.03263403263403263
2 0.5515625 0.8205128205128205 0.01125 0.03263403263403263
3 0.63984375 0.7785547785547785 0.22312499999999996 0.13986013986013987
4 0.703125 0.7832167832167832 0.07125000000000001 0.1501165501165501
4 0.5703125 0.7762237762237763 0.05625 0.15664335664335663
5 0.63984375 0.752913752913753 0.22312499999999996 0.20139860139860138
0 0.63984375 0.7062937062937062 0.22312499999999996 0.3132867132867133
