1 0.68984375 0.809375 0.016874999999999998 0.042499999999999996
2 0.68671875 0.7916666666666666 0.009375 0.0
2 0.6921875 0.8177083333333334 0.01125 0.02625
3 0.69375 0.78125 0.026250000000000002 0.11
4 0.69375 0.7677083333333333 0.026250000000000002 0.06708333333333333
4 0.6921875 0.78125 0.01125 0.12833333333333333
5 0.69765625 0.740625 0.035625000000000004 0.2075
0 0.69921875 0.690625 0.06937499999999999 0.32749999999999996
1 0.9015625 0.94375 0.033749999999999995 0.11
2 0.89375 0.9260416666666667 0.015 0.07875
2 0.91328125 0.9864583333333333 0.005625 0.008749999999999999
3 0.9109375 0.9302083333333333 0.05625 0.13958333333333334
4 0.9109375 0.9125 0.05625 0.11666666666666667
4 0.91328125 0.94375 0.005625 0.1125
5 0.9140625 0.884375 0.06375 0.23125
0 0.9140625 0.7885416666666667 0.14250000000000002 0.42291666666666666
