1 0.553125 0.1859375 0.06749999999999999 0.026250000000000002
2 0.57109375 0.184375 0.024375 0.026249999999999996
2 0.5421875 0.19140625 0.041249999999999995 0.015312499999999998
3 0.553125 0.15234375 0.06749999999999999 0.10687499999999998
4 0.57109375 0.1515625 0.024375 0.118125
4 0.5421875 0.15234375 0.041249999999999995 0.12468749999999999
5 0.55234375 0.1171875 0.06937499999999999 0.19124999999999998
0 0.61640625 0.1015625 0.22312499999999996 0.203125
1 0.4859375 0.10859375 0.033749999999999995 0.005625
2 0.4984375 0.10703125 0.00375 0.0021874999999999998
2 0.4765625 0.10859375 0.01125 0.006562499999999999
3 0.4859375 0.08984375 0.033749999999999995 0.050624999999999996
4 0.4984375 0.08828125 0.00375 0.0546875
4 0.4765625 0.09140625 0.01125 0.0546875
5 0.4859375 0.06953125 0.033749999999999995 0.09937499999999999
0 0.4859375 0.06953125 0.033749999999999995 0.09937499999999999
1 0.3484375 0.0875 0.033749999999999995 0.01875
2 0.353125 0.08359375 0.0225 0.0109375
2 0.34765625 0.08984375 0.031875 0.015312499999999998
3 0.3484375 0.06015625 0.033749999999999995 0.084375
4 0.353125 0.05625 0.0225 0.0875
4 0.34765625 0.06015625 0.031875 0.09843749999999998
0 0.3484375 0.06015625 0.033749999999999995 0.084375
