1 0.55859375 0.7132352941176471 0.005625 0.041176470588235294
2 0.5609375 0.7303921568627451 0.0 0.0
2 0.5578125 0.6985294117647058 0.00375 0.006862745098039216
3 0.5734375 0.7046568627450981 0.041249999999999995 0.06176470588235294
4 0.5625 0.7071078431372549 0.00375 0.06519607843137254
4 0.5734375 0.6899509803921569 0.041249999999999995 0.03088235294117647
5 0.56875 0.6801470588235294 0.052500000000000005 0.12058823529411763
0 0.59140625 0.6384803921568627 0.10687499999999998 0.22058823529411764
1 0.725 0.6568627450980392 0.09 0.029411764705882353
2 0.7296875 0.6531862745098039 0.07875 0.024019607843137253
2 0.71796875 0.6580882352941176 0.073125 0.03088235294117647
3 0.725 0.6274509803921569 0.09 0.09999999999999999
4 0.7296875 0.6360294117647058 0.07875 0.07205882352941176
4 0.7203125 0.6274509803921569 0.07875 0.11666666666666665
5 0.725 0.6139705882352942 0.09 0.1323529411764706
0 0.725 0.5698529411764706 0.09 0.23823529411764707
