1 0.42691415313225056 0.7471910112359551 0.1336426914153132 0.06067415730337078
2 0.37703016241299303 0.7317415730337079 0.013921113689095127 0.027528089887640446
2 0.4419953596287703 0.7598314606741573 0.09744779582366589 0.03539325842696629
3 0.42691415313225056 0.6882022471910112 0.1336426914153132 0.20224719101123595
4 0.4013921113689095 0.672752808988764 0.07238979118329467 0.19269662921348313
4 0.4419953596287703 0.6952247191011236 0.09744779582366589 0.21629213483146068
5 0.42691415313225056 0.6179775280898876 0.1336426914153132 0.3707865168539326
0 0.4385150812064965 0.4845505617977528 0.16148491879350346 0.6910112359550562
1 0.19721577726218098 0.8216292134831461 0.22830626450116007 0.11123595505617978
2 0.25870069605568446 0.7935393258426966 0.08074245939675173 0.05112359550561798
2 0.13225058004640372 0.8398876404494382 0.07238979118329467 0.07865168539325842
3 0.19721577726218098 0.7542134831460674 0.22830626450116007 0.27303370786516856
4 0.25870069605568446 0.726123595505618 0.08074245939675173 0.23988764044943817
4 0.13225058004640372 0.7724719101123596 0.07238979118329467 0.2674157303370786
5 0.19721577726218098 0.7050561797752809 0.22830626450116007 0.39101123595505616
0 0.18329466357308585 0.5294943820224719 0.2617169373549884 0.8123595505617978
1 0.5580046403712297 0.5421348314606742 0.052900232018561484 0.02696629213483146
2 0.5707656612529002 0.5407303370786517 0.022273781902552203 0.027528089887640446
2 0.5522041763341067 0.5435393258426966 0.03897911832946636 0.027528089887640446
3 0.5580046403712297 0.5182584269662921 0.052900232018561484 0.08426966292134831
4 0.5707656612529002 0.5182584269662921 0.022273781902552203 0.09044943820224718
4 0.5522041763341067 0.5182584269662921 0.03897911832946636 0.09831460674157304
5 0.5591647331786543 0.48735955056179775 0.05568445475638051 0.15842696629213482
0 0.5614849187935035 0.4339887640449438 0.0668213457076566 0.28651685393258425
1 0.7540603248259861 0.7935393258426966 0.11693735498839906 0.07752808988764044
2 0.7958236658932715 0.7949438202247191 0.01670533642691415 0.03932584269662921
2 0.7134570765661253 0.7935393258426966 0.01948955916473318 0.09044943820224718
3 0.7540603248259861 0.7457865168539326 0.11693735498839906 0.19213483146067414
4 0.7888631090487239 0.7387640449438202 0.0334106728538283 0.19662921348314608
4 0.7134570765661253 0.7457865168539326 0.01948955916473318 0.22415730337078651
5 0.7517401392111369 0.6783707865168539 0.12250580046403711 0.3539325842696629
0 0.734338747099768 0.5589887640449438 0.21438515081206494 0.6404494382022472
