1 0.3171875 0.8157894736842105 0.06 0.06315789473684211
2 0.3140625 0.7919799498746867 0.033749999999999995 0.007017543859649122
2 0.3171875 0.8258145363408521 0.06 0.045614035087719294
3 0.3671875 0.7619047619047619 0.18 0.19248120300751878
4 0.37109375 0.7380952380952381 0.170625 0.15789473684210525
4 0.36171875 0.7656641604010025 0.166875 0.21403508771929822
5 0.3671875 0.7619047619047619 0.18 0.19248120300751878
0 0.3796875 0.6629072681704261 0.21000000000000002 0.4300751879699248
1 0.1203125 0.8358395989974937 0.17625 0.0932330827067669
2 0.071875 0.8020050125313283 0.06 0.014035087719298244
2 0.1578125 0.8583959899749374 0.08625 0.045614035087719294
3 0.1203125 0.7431077694235589 0.17625 0.3157894736842105
4 0.08046875 0.7092731829573935 0.080625 0.27368421052631575
4 0.1578125 0.7656641604010025 0.08625 0.30526315789473685
5 0.11328125 0.7017543859649122 0.193125 0.41503759398496237
0 0.125 0.6102756892230576 0.22125 0.6345864661654135
1 0.79453125 0.8533834586466166 0.373125 0.03308270676691729
2 0.65234375 0.8596491228070176 0.031875 0.021052631578947364
2 0.95 0.8483709273182958 0.0 0.024561403508771926
3 0.79453125 0.7669172932330827 0.373125 0.24060150375939848
4 0.68125 0.7694235588972431 0.10124999999999999 0.27368421052631575
4 0.91875 0.7619047619047619 0.075 0.26666666666666666
5 0.79453125 0.6842105263157895 0.373125 0.4390977443609022
0 0.79453125 0.550125313283208 0.373125 0.7609022556390976
