1 0.4 0.8677083333333333 0.06749999999999999 0.06749999999999999
2 0.38046875 0.8479166666666667 0.020624999999999998 0.02333333333333333
2 0.4171875 0.8875 0.026250000000000002 0.02333333333333333
3 0.4 0.825 0.06749999999999999 0.16999999999999998
4 0.38046875 0.8052083333333333 0.020624999999999998 0.14291666666666666
4 0.4171875 0.8270833333333333 0.026250000000000002 0.19249999999999998
5 0.3984375 0.7697916666666667 0.07125000000000001 0.3025
0 0.39921875 0.7 0.125625 0.47
1 0.596875 0.8333333333333334 0.0375 0.075
2 0.5890625 0.8333333333333334 0.01875 0.0875
2 0.60703125 0.8208333333333333 0.013125000000000001 0.0525
3 0.59375 0.790625 0.045 0.17750000000000002
4 0.5859375 0.790625 0.026250000000000002 0.2070833333333333
4 0.60703125 0.778125 0.013125000000000001 0.1720833333333333
5 0.59296875 0.7385416666666667 0.050624999999999996 0.3025
0 0.58515625 0.6697916666666667 0.125625 0.4675
