1 0.2671875 0.5423529411764706 0.255 0.20611764705882352
2 0.33828125 0.5047058823529412 0.084375 0.13505882352941176
2 0.17890625 0.5741176470588235 0.043125 0.15152941176470586
3 0.2265625 0.41411764705882353 0.3525 0.5138823529411765
4 0.33828125 0.3764705882352941 0.084375 0.49411764705882355
4 0.13828125 0.4470588235294118 0.140625 0.5072941176470588
5 0.2265625 0.3905882352941176 0.3525 0.5703529411764705
0 0.21953125 0.3517647058823529 0.36937499999999995 0.6635294117647059
1 0.45546875 0.44823529411764707 0.14437499999999998 0.21176470588235294
2 0.4890625 0.4023529411764706 0.06375 0.11858823529411765
2 0.4265625 0.4894117647058824 0.075 0.13176470588235295
3 0.47109375 0.35411764705882354 0.18187499999999998 0.4376470588235294
4 0.5046875 0.30823529411764705 0.10124999999999999 0.38211764705882345
4 0.4265625 0.3658823529411765 0.075 0.4776470588235294
5 0.45078125 0.3023529411764706 0.230625 0.5618823529411764
0 0.44921875 0.2741176470588235 0.234375 0.548235294117647
1 0.5765625 0.34352941176470586 0.13874999999999998 0.11858823529411765
2 0.61015625 0.31882352941176473 0.058124999999999996 0.0691764705882353
2 0.54375 0.35058823529411764 0.06 0.11858823529411765
3 0.59921875 0.2447058823529412 0.193125 0.3557647058823529
4 0.6328125 0.22 0.1125 0.3458823529411765
4 0.5546875 0.2611764705882353 0.08625 0.3689411764705882
5 0.59921875 0.2164705882352941 0.193125 0.4235294117647059
0 0.59921875 0.2011764705882353 0.193125 0.4023529411764706
