1 0.6078125 0.8348946135831382 0.041249999999999995 0.0477751756440281
2 0.6109375 0.8372365339578455 0.033749999999999995 0.04262295081967213
2 0.60390625 0.8348946135831382 0.031875 0.05573770491803278
3 0.59375 0.7810304449648712 0.075 0.17704918032786884
4 0.6109375 0.7798594847775175 0.033749999999999995 0.20327868852459016
4 0.58984375 0.7822014051522248 0.065625 0.20327868852459016
5 0.58984375 0.7049180327868853 0.084375 0.35971896955503513
0 0.5796875 0.6018735362997658 0.10874999999999999 0.6070257611241218
1 0.26953125 0.8594847775175644 0.050624999999999996 0.02810304449648712
2 0.28125 0.8594847775175644 0.0225 0.03278688524590164
2 0.25859375 0.8618266978922716 0.024375 0.02622950819672131
3 0.27421875 0.7915690866510539 0.061875 0.1911007025761124
4 0.2859375 0.7962529274004684 0.033749999999999995 0.2098360655737705
4 0.25859375 0.7915690866510539 0.024375 0.22295081967213112
5 0.27578125 0.7236533957845434 0.065625 0.3540983606557377
0 0.28515625 0.6252927400468384 0.09562499999999999 0.5901639344262295
