1 0.603125 0.6328125 0.15 0.0225
2 0.65 0.63359375 0.0375 0.024062499999999997
2 0.55859375 0.6296875 0.043125 0.017499999999999998
3 0.603125 0.6015625 0.15 0.0975
4 0.63203125 0.609375 0.080625 0.091875
4 0.55859375 0.5984375 0.043125 0.10499999999999998
5 0.603125 0.5734375 0.15 0.16499999999999998
0 0.6015625 0.48125 0.15375 0.38625
1 0.3515625 0.77109375 0.13125 0.031875
2 0.30546875 0.76484375 0.020624999999999998 0.0196875
2 0.38359375 0.77734375 0.05437499999999999 0.0196875
3 0.3515625 0.74375 0.13125 0.0975
4 0.3171875 0.7375 0.04875 0.09624999999999999
4 0.38359375 0.7453125 0.05437499999999999 0.109375
5 0.3515625 0.71328125 0.13125 0.170625
0 0.3546875 0.64140625 0.13874999999999998 0.343125
