1 0.25078125 0.6640625 0.21187499999999998 0.25125
2 0.31875 0.7359375 0.04875 0.091875
2 0.17734375 0.6078125 0.035625000000000004 0.135625
3 0.25078125 0.65625 0.21187499999999998 0.26999999999999996
4 0.31875 0.65625 0.04875 0.315
4 0.21171875 0.60625 0.118125 0.13999999999999999
5 0.25078125 0.5765625 0.21187499999999998 0.46125
0 0.26484375 0.4296875 0.24562499999999998 0.81375
1 0.56796875 0.8640625 0.073125 0.19874999999999998
2 0.56953125 0.8125 0.050624999999999996 0.0875
2 0.56796875 0.93125 0.073125 0.04375
3 0.58046875 0.7890625 0.103125 0.37875
4 0.5859375 0.7375 0.09 0.2975
4 0.56796875 0.834375 0.073125 0.315
5 0.58046875 0.73125 0.103125 0.5175
0 0.58828125 0.5546875 0.121875 0.890625
1 0.07578125 0.8609375 0.065625 0.19124999999999998
2 0.07578125 0.815625 0.05437499999999999 0.09624999999999999
2 0.07578125 0.921875 0.065625 0.05249999999999999
3 0.0890625 0.78125 0.0975 0.38249999999999995
4 0.09140625 0.7359375 0.091875 0.31937499999999996
4 0.07578125 0.83125 0.065625 0.30625
5 0.0890625 0.7375 0.0975 0.4875
0 0.0953125 0.5515625 0.1125 0.896875
1 0.74296875 0.665625 0.21187499999999998 0.2475
2 0.8109375 0.7359375 0.04875 0.091875
2 0.6671875 0.60625 0.03 0.12249999999999998
3 0.74296875 0.6453125 0.21187499999999998 0.29625
4 0.8109375 0.6453125 0.04875 0.34562499999999996
4 0.70390625 0.603125 0.118125 0.13125
5 0.74296875 0.5625 0.21187499999999998 0.495
0 0.75859375 0.43125 0.24937499999999999 0.8099999999999999
