1 0.5163551401869159 0.5515625 0.1233644859813084 0.10124999999999999
2 0.5210280373831776 0.5859375 0.11214953271028037 0.021875
2 0.5151869158878505 0.51953125 0.1205607476635514 0.028437499999999998
3 0.5046728971962616 0.515625 0.1514018691588785 0.1875
4 0.5210280373831776 0.5203125 0.11214953271028037 0.205625
4 0.5035046728971962 0.48359375 0.14859813084112147 0.1290625
5 0.5116822429906542 0.4578125 0.16822429906542055 0.32625
0 0.5198598130841121 0.3796875 0.2383177570093458 0.51375
1 0.2441588785046729 0.46328125 0.20467289719626167 0.039375
2 0.3130841121495327 0.46953125 0.03925233644859813 0.028437499999999998
2 0.17289719626168223 0.4546875 0.033644859813084106 0.021875
3 0.2441588785046729 0.4234375 0.20467289719626167 0.13499999999999998
4 0.2967289719626168 0.4375 0.07850467289719626 0.118125
4 0.17289719626168223 0.41484375 0.033644859813084106 0.1334375
5 0.2441588785046729 0.40390625 0.20467289719626167 0.18187499999999998
0 0.23598130841121495 0.33515625 0.22429906542056074 0.346875
