1 0.812 0.7933333333333333 0.2976 0.3616
2 0.699 0.9413333333333334 0.0264 0.007466666666666667
2 0.898 0.688 0.0912 0.12693333333333331
3 0.791 0.7506666666666667 0.348 0.464
4 0.726 0.8106666666666666 0.0912 0.37333333333333335
4 0.791 0.6453333333333333 0.348 0.24639999999999998
5 0.767 0.7293333333333333 0.40559999999999996 0.5152
0 0.767 0.5533333333333333 0.40559999999999996 0.8933333333333333
1 0.334 0.9533333333333334 0.0384 0.0031999999999999997
2 0.344 0.9533333333333334 0.014399999999999998 0.0037333333333333333
2 0.318 0.952 0.0 0.0
3 0.339 0.9106666666666666 0.0648 0.1056
4 0.352 0.9106666666666666 0.033600000000000005 0.12319999999999999
4 0.315 0.912 0.007199999999999999 0.112
5 0.332 0.8586666666666667 0.08159999999999999 0.23039999999999997
0 0.372 0.724 0.1824 0.552
