1 0.3796875 0.5364705882352941 0.06375 0.022588235294117645
2 0.3984375 0.5376470588235294 0.01875 0.023058823529411764
2 0.359375 0.5329411764705883 0.015 0.01647058823529412
3 0.3828125 0.5023529411764706 0.07125000000000001 0.10447058823529412
4 0.4015625 0.5047058823529412 0.026250000000000002 0.11529411764705882
4 0.36875 0.4988235294117647 0.0375 0.11199999999999999
5 0.384375 0.4776470588235294 0.075 0.16376470588235292
0 0.4046875 0.42470588235294116 0.12375 0.2908235294117647
1 0.4546875 0.7717647058823529 0.14250000000000002 0.06211764705882353
2 0.49921875 0.7658823529411765 0.035625000000000004 0.055999999999999994
2 0.41015625 0.7764705882352941 0.035625000000000004 0.059294117647058824
3 0.4609375 0.7141176470588235 0.1575 0.20047058823529412
4 0.50546875 0.7082352941176471 0.050624999999999996 0.21741176470588233
4 0.4328125 0.7376470588235294 0.09 0.16799999999999998
5 0.4609375 0.6847058823529412 0.1575 0.27105882352941174
0 0.4828125 0.5894117647058823 0.21000000000000002 0.49976470588235294
