1 0.2833333333333333 0.6 0.15 0.0225
2 0.3229166666666667 0.6015625 0.055 0.013124999999999998
2 0.2375 0.6 0.04 0.026249999999999996
3 0.2833333333333333 0.5953125 0.15 0.033749999999999995
4 0.3229166666666667 0.5984375 0.055 0.021875
4 0.23854166666666668 0.5953125 0.042499999999999996 0.039375
5 0.2833333333333333 0.58984375 0.15 0.046875
0 0.29583333333333334 0.565625 0.18 0.10500000000000001
1 0.10104166666666667 0.59609375 0.0475 0.039375
2 0.10104166666666667 0.5875 0.0475 0.021875
2 0.103125 0.60625 0.042499999999999996 0.017499999999999998
3 0.09375 0.5875 0.065 0.06
4 0.1 0.57890625 0.05 0.0459375
4 0.09375 0.60625 0.065 0.017499999999999998
5 0.11458333333333333 0.5875 0.11499999999999999 0.06
0 0.11458333333333333 0.5875 0.11499999999999999 0.06
