1 0.8375 0.5432242990654206 0.15 0.1542056074766355
2 0.77578125 0.5128504672897196 0.001875 0.09485981308411214
2 0.875 0.5794392523364486 0.06 0.07850467289719625
3 0.84609375 0.40654205607476634 0.189375 0.4822429906542056
4 0.771875 0.37616822429906543 0.01125 0.4775700934579439
4 0.8875 0.4205607476635514 0.09 0.5233644859813084
0 0.84609375 0.40654205607476634 0.189375 0.4822429906542056
1 0.33125 0.5782710280373832 0.27375 0.24953271028037383
2 0.25078125 0.5210280373831776 0.080625 0.1308411214953271
2 0.41796875 0.6179906542056075 0.065625 0.17990654205607476
3 0.33125 0.3820093457943925 0.27375 0.7205607476635514
4 0.25234375 0.3247663551401869 0.084375 0.6495327102803738
4 0.41796875 0.3983644859813084 0.065625 0.7948598130841121
0 0.33125 0.3820093457943925 0.27375 0.7205607476635514
