1 0.17578125 0.5446009389671361 0.121875 0.028169014084507043
2 0.2109375 0.5363849765258216 0.0375 0.009859154929577464
2 0.13515625 0.5481220657276995 0.024375 0.02300469483568075
3 0.17578125 0.4964788732394366 0.121875 0.14366197183098592
4 0.2109375 0.4894366197183099 0.0375 0.14131455399061033
4 0.13515625 0.4964788732394366 0.024375 0.16760563380281687
5 0.17578125 0.45774647887323944 0.121875 0.23661971830985915
0 0.17578125 0.4307511737089202 0.121875 0.30140845070422534
1 0.490625 0.4765258215962441 0.06749999999999999 0.03943661971830986
2 0.50546875 0.4753521126760563 0.031875 0.04272300469483568
2 0.46875 0.4800469483568075 0.015 0.03615023474178403
3 0.490625 0.44014084507042256 0.06749999999999999 0.1267605633802817
4 0.50546875 0.43896713615023475 0.031875 0.14460093896713613
4 0.46875 0.4413145539906103 0.015 0.14460093896713613
5 0.490625 0.39906103286384975 0.06749999999999999 0.22535211267605634
0 0.48828125 0.3227699530516432 0.073125 0.4084507042253521
1 0.4328125 0.755868544600939 0.21374999999999997 0.07323943661971831
2 0.5109375 0.7464788732394366 0.026250000000000002 0.059154929577464786
2 0.359375 0.7711267605633803 0.0375 0.04272300469483568
3 0.4328125 0.7077464788732394 0.21374999999999997 0.18873239436619715
4 0.49765625 0.7124413145539906 0.058124999999999996 0.1544600938967136
4 0.359375 0.7077464788732394 0.0375 0.22018779342723005
5 0.4328125 0.6561032863849765 0.21374999999999997 0.31267605633802814
0 0.4171875 0.5387323943661971 0.25125 0.5943661971830986
