1 0.88515625 0.9246724890829694 0.14437499999999998 0.08122270742358077
2 0.91875 0.9312227074235808 0.06375 0.07641921397379912
2 0.8453125 0.9148471615720524 0.04875 0.06724890829694323
3 0.853125 0.8733624454148472 0.22125 0.20436681222707423
4 0.88515625 0.9028384279475983 0.14437499999999998 0.1558951965065502
4 0.81328125 0.8635371179039302 0.125625 0.21091703056768557
5 0.853125 0.8187772925764192 0.22125 0.3353711790393013
0 0.78515625 0.7172489082969432 0.384375 0.5655021834061136
1 0.19921875 0.31004366812227074 0.21187499999999998 0.04192139737991266
2 0.2828125 0.31768558951965065 0.01125 0.027510917030567683
2 0.1296875 0.3034934497816594 0.045 0.03056768558951965
3 0.19921875 0.2816593886462882 0.21187499999999998 0.11004366812227073
4 0.2703125 0.2816593886462882 0.041249999999999995 0.12838427947598252
4 0.1296875 0.28056768558951967 0.045 0.09475982532751091
5 0.19921875 0.25655021834061137 0.21187499999999998 0.1703056768558952
0 0.1953125 0.19104803493449782 0.22125 0.32751091703056767
