1 0.29921875 0.7353629976580797 0.118125 0.08430913348946135
2 0.33046875 0.7049180327868853 0.043125 0.013114754098360656
2 0.26171875 0.7564402810304449 0.028125 0.039344262295081964
3 0.309375 0.7096018735362998 0.14250000000000002 0.14613583138173303
4 0.340625 0.6791569086651054 0.06749999999999999 0.08524590163934426
4 0.278125 0.7259953161592506 0.06749999999999999 0.12459016393442622
5 0.309375 0.6627634660421545 0.14250000000000002 0.25854800936768146
0 0.309375 0.6018735362997658 0.14250000000000002 0.4046838407494145
1 0.1296875 0.9484777517564403 0.08249999999999999 0.08430913348946135
2 0.11171875 0.9168618266978923 0.039375 0.009836065573770491
2 0.14296875 0.977751756440281 0.050624999999999996 0.01639344262295082
3 0.134375 0.9074941451990632 0.09375 0.18266978922716628
4 0.11484375 0.8758782201405152 0.046875 0.12459016393442622
4 0.14765625 0.9309133489461359 0.061875 0.13817330210772832
5 0.12578125 0.905152224824356 0.114375 0.18829039812646367
0 0.12734375 0.8348946135831382 0.118125 0.33021077283372363
1 0.24921875 0.8711943793911007 0.170625 0.0955503512880562
2 0.18671875 0.8442622950819673 0.020624999999999998 0.0360655737704918
2 0.30390625 0.8817330210772834 0.039375 0.08196721311475409
3 0.2203125 0.8360655737704918 0.24 0.17985948477751756
4 0.1578125 0.8091334894613583 0.09 0.13442622950819672
4 0.29296875 0.8548009367681498 0.065625 0.15737704918032785
5 0.2203125 0.8360655737704918 0.24 0.17985948477751756
0 0.2078125 0.7622950819672131 0.26999999999999996 0.35690866510538644
