1 0.3977035490605428 0.62578125 0.4534446764091858 0.37687499999999996
2 0.5511482254697286 0.71640625 0.08517745302713987 0.0371875
2 0.3705636743215031 0.62578125 0.3883089770354906 0.43968749999999995
3 0.3977035490605428 0.62578125 0.4534446764091858 0.37687499999999996
4 0.5511482254697286 0.66015625 0.08517745302713987 0.19468749999999999
4 0.3705636743215031 0.62578125 0.3883089770354906 0.43968749999999995
5 0.3977035490605428 0.62578125 0.4534446764091858 0.37687499999999996
0 0.42066805845511485 0.50703125 0.5085594989561587 0.661875
1 0.04384133611691023 0.44296875 0.08768267223382047 0.009375
2 0.005219206680584551 0.446875 0.0025052192066805845 0.0
2 0.07306889352818371 0.44296875 0.025052192066805846 0.0109375
3 0.04384133611691023 0.42890625 0.08768267223382047 0.043125
4 0.061586638830897704 0.42890625 0.05260960334029227 0.050312499999999996
5 0.04384133611691023 0.4109375 0.08768267223382047 0.08625
0 0.04384133611691023 0.3859375 0.08768267223382047 0.14625
