1 0.41328125 0.7916666666666666 0.166875 0.08499999999999999
2 0.471875 0.7916666666666666 0.026250000000000002 0.09916666666666665
2 0.34375 0.7583333333333333 0.0 0.0
3 0.409375 0.7 0.17625 0.305
4 0.471875 0.7 0.026250000000000002 0.3558333333333333
4 0.33984375 0.6729166666666667 0.009375 0.23916666666666667
5 0.4078125 0.6604166666666667 0.18 0.4
0 0.38359375 0.5145833333333333 0.301875 0.75
1 0.8265625 0.7072916666666667 0.13125 0.06749999999999999
2 0.87109375 0.7104166666666667 0.024375 0.06999999999999999
2 0.7796875 0.7072916666666667 0.01875 0.07875
3 0.8328125 0.6395833333333333 0.14625 0.22999999999999998
4 0.87734375 0.6395833333333333 0.039375 0.2683333333333333
4 0.80078125 0.6447916666666667 0.06937499999999999 0.25375
5 0.8328125 0.6114583333333333 0.14625 0.2975
0 0.8140625 0.5083333333333333 0.19124999999999998 0.5449999999999999
