1 0.434375 0.76015625 0.08625 0.031875
2 0.46484375 0.76171875 0.013125000000000001 0.0328125
2 0.40546875 0.75390625 0.016874999999999998 0.0196875
3 0.434375 0.7390625 0.08625 0.08249999999999999
4 0.46484375 0.740625 0.013125000000000001 0.091875
4 0.40546875 0.7328125 0.016874999999999998 0.07875
5 0.434375 0.71015625 0.08625 0.151875
0 0.43203125 0.63828125 0.125625 0.32437499999999997
1 0.35234375 0.7390625 0.091875 0.026250000000000002
2 0.38125 0.740625 0.0225 0.026249999999999996
2 0.32109375 0.73671875 0.016874999999999998 0.024062499999999997
3 0.35234375 0.71484375 0.091875 0.084375
4 0.3765625 0.71953125 0.033749999999999995 0.08531249999999999
4 0.32109375 0.7125 0.016874999999999998 0.091875
5 0.3515625 0.69375 0.09375 0.13499999999999998
0 0.33125 0.625 0.14250000000000002 0.3
