1 0.17265625 0.6514084507042254 0.14437499999999998 0.025352112676056335
2 0.134375 0.6455399061032864 0.052500000000000005 0.013145539906103286
2 0.203125 0.6525821596244131 0.07125000000000001 0.02629107981220657
3 0.17265625 0.573943661971831 0.14437499999999998 0.2112676056338028
4 0.1359375 0.5821596244131455 0.05625 0.19061032863849764
4 0.203125 0.573943661971831 0.07125000000000001 0.24647887323943662
5 0.17265625 0.5363849765258216 0.14437499999999998 0.30140845070422534
0 0.140625 0.4413145539906103 0.23625 0.5295774647887324
1 0.465625 0.47300469483568075 0.015 0.1267605633802817
2 0.459375 0.5258215962441315 0.0 0.0
2 0.471875 0.42018779342723006 0.0 0.0
3 0.45625 0.4671361502347418 0.0375 0.14084507042253522
4 0.46015625 0.4823943661971831 0.001875 0.1215962441314554
4 0.45625 0.41431924882629106 0.0375 0.01643192488262911
5 0.475 0.4671361502347418 0.08249999999999999 0.14084507042253522
0 0.490625 0.426056338028169 0.12 0.23943661971830985
1 0.925 0.5586854460093896 0.07125000000000001 0.02253521126760563
2 0.9453125 0.5610328638497653 0.0225 0.019718309859154928
2 0.8953125 0.5492957746478874 0.0 0.0
3 0.92734375 0.5164319248826291 0.084375 0.12394366197183097
4 0.94921875 0.5164319248826291 0.031875 0.14460093896713613
4 0.89375 0.5117370892018779 0.00375 0.10516431924882629
5 0.92734375 0.5164319248826291 0.084375 0.12394366197183097
0 0.92421875 0.47183098591549294 0.10687499999999998 0.23098591549295772
1 0.81484375 0.6103286384976526 0.136875 0.04507042253521126
2 0.77265625 0.6103286384976526 0.035625000000000004 0.05258215962441314
2 0.85 0.6126760563380281 0.052500000000000005 0.0460093896713615
3 0.81484375 0.5528169014084507 0.136875 0.18309859154929578
4 0.7921875 0.5657276995305164 0.08249999999999999 0.17746478873239435
4 0.85 0.5528169014084507 0.052500000000000005 0.2136150234741784
5 0.81484375 0.49061032863849763 0.136875 0.3323943661971831
0 0.8328125 0.426056338028169 0.18 0.4873239436619718
