1 0.165625 0.39296875 0.04875 0.088125
2 0.17421875 0.36640625 0.028125 0.028437499999999998
2 0.15546875 0.42265625 0.024375 0.0196875
3 0.1765625 0.39296875 0.075 0.088125
4 0.184375 0.36640625 0.052500000000000005 0.028437499999999998
4 0.1765625 0.415625 0.075 0.039375
5 0.1984375 0.3921875 0.1275 0.09
0 0.23671875 0.37109375 0.21937500000000001 0.140625
1 0.75703125 0.3359375 0.091875 0.1275
2 0.73046875 0.3015625 0.028125 0.05249999999999999
2 0.78515625 0.38046875 0.024375 0.024062499999999997
3 0.765625 0.3359375 0.1125 0.1275
4 0.7453125 0.3015625 0.06375 0.05249999999999999
4 0.79375 0.36796875 0.045 0.0590625
5 0.7796875 0.3359375 0.14625 0.1275
0 0.803125 0.28125 0.20249999999999999 0.25875
1 0.2984375 0.75546875 0.13499999999999998 0.043125
2 0.25625 0.75546875 0.033749999999999995 0.050312499999999996
2 0.33984375 0.7546875 0.035625000000000004 0.021875
3 0.2984375 0.74921875 0.13499999999999998 0.058124999999999996
4 0.26796875 0.74921875 0.061875 0.0678125
5 0.30703125 0.746875 0.15562499999999999 0.06375
0 0.30703125 0.70703125 0.15562499999999999 0.159375
1 0.69296875 0.79296875 0.043125 0.084375
2 0.7046875 0.76328125 0.015 0.015312499999999998
2 0.68125 0.82265625 0.015 0.015312499999999998
3 0.70390625 0.79296875 0.06937499999999999 0.084375
4 0.715625 0.76328125 0.041249999999999995 0.015312499999999998
4 0.7 0.81484375 0.06 0.0371875
5 0.7125 0.79296875 0.09 0.084375
0 0.75078125 0.76875 0.18187499999999998 0.14250000000000002
