1 0.44941176470588234 0.93984375 0.7171764705882353 0.05437499999999999
2 0.3811764705882353 0.93359375 0.5534117647058824 0.0371875
2 0.4682352941176471 0.93984375 0.6719999999999999 0.0634375
3 0.44941176470588234 0.821875 0.7171764705882353 0.3375
4 0.3811764705882353 0.81875 0.5534117647058824 0.35875
4 0.4682352941176471 0.821875 0.6719999999999999 0.35625
5 0.44941176470588234 0.7015625 0.7171764705882353 0.596875
0 0.44941176470588234 0.53203125 0.7171764705882353 0.9359375
1 0.8635294117647059 0.471875 0.11294117647058824 0.15
2 0.8423529411764706 0.415625 0.06211764705882353 0.017499999999999998
2 0.9035294117647059 0.525 0.016941176470588234 0.026249999999999996
3 0.9047058823529411 0.46171875 0.19058823529411764 0.174375
4 0.9047058823529411 0.40546875 0.19058823529411764 0.0459375
4 0.9035294117647059 0.4796875 0.016941176470588234 0.153125
5 0.9047058823529411 0.46171875 0.19058823529411764 0.174375
0 0.9047058823529411 0.41953125 0.19058823529411764 0.275625
