1 0.4203125 0.8021077283372365 0.16875 0.019672131147540985
2 0.46015625 0.8021077283372365 0.073125 0.022950819672131147
2 0.35546875 0.8067915690866511 0.013125000000000001 0.009836065573770491
3 0.43671875 0.7224824355971897 0.20812499999999998 0.2107728337236534
4 0.4765625 0.7224824355971897 0.1125 0.2459016393442623
4 0.38046875 0.7306791569086651 0.073125 0.22295081967213112
5 0.43671875 0.7107728337236534 0.20812499999999998 0.2388758782201405
0 0.43671875 0.5538641686182669 0.20812499999999998 0.615456674473068
1 0.42109375 0.5667447306791569 0.635625 0.7981264637002342
2 0.375 0.5667447306791569 0.525 0.8665105386416861
2 0.68125 0.8840749414519906 0.01125 0.04262295081967213
3 0.42109375 0.5667447306791569 0.635625 0.7981264637002342
4 0.375 0.5667447306791569 0.525 0.8665105386416861
4 0.67421875 0.8372365339578455 0.028125 0.17377049180327866
5 0.42109375 0.5667447306791569 0.635625 0.7981264637002342
0 0.43359375 0.5667447306791569 0.665625 0.7981264637002342
