1 0.5796875 0.8112128146453089 0.09 0.13455377574370708
2 0.5953125 0.7803203661327232 0.052500000000000005 0.07048054919908465
2 0.5703125 0.8386727688787186 0.06749999999999999 0.08009153318077804
3 0.5796875 0.7574370709382151 0.09 0.2636155606407322
4 0.5953125 0.7265446224256293 0.052500000000000005 0.22105263157894736
4 0.5703125 0.7677345537757437 0.06749999999999999 0.2787185354691075
5 0.5796875 0.683066361556064 0.09 0.4421052631578947
0 0.60546875 0.580091533180778 0.151875 0.6892448512585813
1 0.08828125 0.8146453089244852 0.084375 0.12631578947368421
2 0.10234375 0.782608695652174 0.050624999999999996 0.05766590389016018
2 0.0765625 0.8398169336384439 0.05625 0.0768878718535469
3 0.08828125 0.7585812356979404 0.084375 0.2608695652173913
4 0.10234375 0.7265446224256293 0.050624999999999996 0.2146453089244851
4 0.0765625 0.7654462242562929 0.05625 0.2851258581235698
5 0.08828125 0.7036613272311213 0.084375 0.3926773455377574
0 0.11171875 0.5789473684210527 0.140625 0.6919908466819221
1 0.83984375 0.61441647597254 0.118125 0.035697940503432495
2 0.88046875 0.61441647597254 0.020624999999999998 0.041647597254004576
2 0.8015625 0.61441647597254 0.026250000000000002 0.016018306636155607
3 0.83984375 0.5709382151029748 0.118125 0.140045766590389
4 0.87109375 0.5709382151029748 0.043125 0.16338672768878718
4 0.80234375 0.5892448512585813 0.028125 0.08649885583524027
5 0.83984375 0.540045766590389 0.118125 0.21418764302059495
0 0.86484375 0.4702517162471396 0.178125 0.38169336384439356
1 0.353125 0.6132723112128147 0.12 0.038443935926773455
2 0.39453125 0.6132723112128147 0.020624999999999998 0.044851258581235696
2 0.315625 0.6121281464530892 0.03 0.02883295194508009
3 0.353125 0.5720823798627003 0.12 0.13729977116704806
4 0.38359375 0.5720823798627003 0.046875 0.16018306636155608
4 0.315625 0.5812356979405034 0.03 0.11533180778032036
5 0.353125 0.5446224256292906 0.12 0.2032036613272311
0 0.3765625 0.4702517162471396 0.17625 0.38169336384439356
