1 0.534375 0.759375 0.20625 0.0525
2 0.4640625 0.7416666666666667 0.0375 0.011666666666666665
2 0.60234375 0.7770833333333333 0.043125 0.011666666666666665
3 0.534375 0.7104166666666667 0.20625 0.16999999999999998
4 0.47265625 0.6927083333333334 0.058124999999999996 0.14875
4 0.5984375 0.71875 0.052500000000000005 0.175
5 0.534375 0.671875 0.20625 0.2625
0 0.534375 0.571875 0.20625 0.5025
1 0.32265625 0.64375 0.15562499999999999 0.095
2 0.37265625 0.6135416666666667 0.035625000000000004 0.02625
2 0.275 0.6729166666666667 0.041249999999999995 0.029166666666666667
3 0.32265625 0.6270833333333333 0.15562499999999999 0.13499999999999998
4 0.37265625 0.596875 0.035625000000000004 0.07291666666666667
4 0.30234375 0.646875 0.10687499999999998 0.10208333333333333
5 0.32265625 0.61875 0.15562499999999999 0.15499999999999997
0 0.334375 0.5614583333333333 0.18375 0.29250000000000004
1 0.14140625 0.6572916666666667 0.14437499999999998 0.1075
2 0.1765625 0.625 0.06 0.034999999999999996
2 0.1 0.684375 0.045 0.049583333333333326
3 0.14140625 0.609375 0.14437499999999998 0.2225
4 0.1765625 0.5770833333333333 0.06 0.16916666666666663
4 0.10234375 0.6291666666666667 0.050624999999999996 0.20416666666666666
5 0.14140625 0.5895833333333333 0.14437499999999998 0.26999999999999996
0 0.165625 0.5260416666666666 0.20249999999999999 0.4225
