1 0.7107843137254902 0.8954248366013072 0.12549019607843137 0.06666666666666667
2 0.6781045751633987 0.8815359477124183 0.04705882352941176 0.03888888888888888
2 0.75 0.9150326797385621 0.03137254901960784 0.02287581699346405
3 0.7107843137254902 0.8537581699346405 0.12549019607843137 0.16666666666666666
4 0.6813725490196079 0.8455882352941176 0.054901960784313725 0.1395424836601307
4 0.75 0.8537581699346405 0.03137254901960784 0.19444444444444442
5 0.7107843137254902 0.8202614379084967 0.12549019607843137 0.24705882352941175
0 0.7140522875816994 0.7491830065359477 0.13333333333333333 0.4176470588235294
1 0.8913398692810458 0.6544117647058824 0.13137254901960782 0.049019607843137254
2 0.8513071895424836 0.6446078431372549 0.03529411764705882 0.029738562091503266
2 0.9379084967320261 0.6658496732026143 0.0196078431372549 0.025163398692810455
3 0.9027777777777778 0.6111111111111112 0.1588235294117647 0.15294117647058822
4 0.8668300653594772 0.6013071895424836 0.07254901960784313 0.15098039215686274
4 0.9493464052287581 0.6184640522875817 0.04705882352941176 0.15784313725490196
5 0.9027777777777778 0.5588235294117647 0.1588235294117647 0.2784313725490196
0 0.9027777777777778 0.47794117647058826 0.1588235294117647 0.4725490196078431
