1 0.667 0.8543543543543544 0.132 0.17657657657657658
2 0.612 0.7807807807807807 0.0 0.0
2 0.706 0.8858858858858859 0.0384 0.1177177177177177
3 0.709 0.8108108108108109 0.3096 0.28108108108108104
4 0.725 0.7462462462462462 0.2712 0.09669669669669669
4 0.651 0.8108108108108109 0.1704 0.3279279279279279
5 0.709 0.8003003003003003 0.3096 0.3063063063063063
0 0.716 0.6291291291291291 0.32639999999999997 0.7171171171171171
1 0.348 0.6171171171171171 0.08639999999999999 0.1981981981981982
2 0.347 0.5855855855855856 0.084 0.14294294294294294
2 0.368 0.6711711711711712 0.0384 0.07987987987987988
3 0.392 0.5720720720720721 0.192 0.3063063063063063
4 0.392 0.6021021021021021 0.192 0.18918918918918917
4 0.396 0.5720720720720721 0.1056 0.3573573573573573
5 0.399 0.5435435435435435 0.20879999999999999 0.3747747747747748
0 0.469 0.43243243243243246 0.3768 0.6414414414414414
