1 0.27578125 0.9191343963553531 0.118125 0.1011389521640091
2 0.24140625 0.8997722095671982 0.035625000000000004 0.03189066059225513
2 0.30234375 0.9191343963553531 0.05437499999999999 0.11799544419134396
3 0.2765625 0.8314350797266514 0.12 0.3116173120728929
4 0.24140625 0.806378132118451 0.035625000000000004 0.2933940774487471
4 0.303125 0.8314350797266514 0.05625 0.33712984054669703
5 0.27421875 0.7403189066059226 0.125625 0.5193621867881549
0 0.246875 0.5763097949886105 0.27375 0.8473804100227791
1 0.72734375 0.8952164009111617 0.166875 0.07107061503416856
2 0.6921875 0.9066059225512528 0.08249999999999999 0.0510250569476082
2 0.76328125 0.8872437357630979 0.080625 0.06059225512528473
3 0.72734375 0.8075170842824602 0.166875 0.28154897494305237
4 0.6921875 0.8109339407744874 0.08249999999999999 0.31890660592255127
4 0.75390625 0.7995444191343963 0.103125 0.30615034168564914
5 0.72734375 0.7300683371298405 0.166875 0.4674259681093394
0 0.67890625 0.5489749430523918 0.28312499999999996 0.9020501138952164
1 0.79921875 0.7710706150341685 0.110625 0.06287015945330296
2 0.8171875 0.7528473804100227 0.06749999999999999 0.022323462414578586
2 0.78984375 0.7801822323462415 0.088125 0.04783599088838269
3 0.79921875 0.6617312072892938 0.110625 0.3252847380410022
4 0.815625 0.643507972665148 0.07125000000000001 0.32847380410022775
4 0.78984375 0.6617312072892938 0.088125 0.379498861047836
5 0.79921875 0.5671981776765376 0.110625 0.5521640091116172
0 0.80703125 0.42596810933940776 0.129375 0.8519362186788155
