1 0.788 0.8641791044776119 0.08159999999999999 0.03940298507462686
2 0.81 0.8626865671641791 0.028799999999999996 0.041791044776119404
2 0.763 0.8671641791044776 0.021599999999999998 0.03761194029850746
3 0.788 0.8044776119402985 0.08159999999999999 0.18268656716417908
4 0.81 0.8029850746268656 0.028799999999999996 0.208955223880597
4 0.763 0.8074626865671641 0.021599999999999998 0.20477611940298507
5 0.788 0.7283582089552239 0.08159999999999999 0.36537313432835816
0 0.78 0.6134328358208955 0.1776 0.6411940298507462
1 0.499 0.7985074626865671 0.0648 0.08238805970149253
2 0.516 0.7970149253731343 0.024 0.09194029850746267
2 0.481 0.8059701492537313 0.021599999999999998 0.07522388059701492
3 0.497 0.7343283582089553 0.0696 0.2364179104477612
4 0.516 0.7328358208955223 0.024 0.2716417910447761
4 0.479 0.7343283582089553 0.0264 0.27582089552238803
5 0.497 0.6716417910447762 0.0696 0.38686567164179103
0 0.493 0.5044776119402985 0.2712 0.7880597014925373
1 0.209 0.9 0.084 0.07522388059701492
2 0.229 0.8955223880597015 0.036 0.05850746268656716
2 0.181 0.9 0.016800000000000002 0.08776119402985075
3 0.209 0.8283582089552238 0.084 0.2471641791044776
4 0.229 0.8298507462686567 0.036 0.2423880597014925
4 0.181 0.8283582089552238 0.016800000000000002 0.28835820895522385
5 0.209 0.7597014925373134 0.084 0.41194029850746267
0 0.227 0.6134328358208955 0.252 0.7629850746268656
