1 0.57578125 0.7447916666666666 0.05437499999999999 0.0275
2 0.5625 0.7447916666666666 0.0225 0.03208333333333333
2 0.58984375 0.7427083333333333 0.020624999999999998 0.014583333333333334
3 0.57578125 0.7135416666666666 0.05437499999999999 0.1025
4 0.5625 0.7135416666666666 0.0225 0.11958333333333333
4 0.58984375 0.709375 0.020624999999999998 0.10791666666666666
5 0.57578125 0.6802083333333333 0.05437499999999999 0.1825
0 0.58125 0.6052083333333333 0.08625 0.3625
1 0.45390625 0.7520833333333333 0.061875 0.014999999999999998
2 0.43515625 0.7510416666666667 0.016874999999999998 0.014583333333333334
2 0.47578125 0.753125 0.009375 0.014583333333333334
3 0.45390625 0.7104166666666667 0.061875 0.11499999999999999
4 0.4375 0.709375 0.0225 0.13124999999999998
4 0.47578125 0.7135416666666666 0.009375 0.12541666666666665
5 0.45390625 0.6770833333333334 0.061875 0.19499999999999998
0 0.4671875 0.6072916666666667 0.0975 0.3625
1 0.3515625 0.759375 0.06375 0.0125
2 0.33125 0.7583333333333333 0.015 0.011666666666666665
2 0.37265625 0.7604166666666666 0.013125000000000001 0.011666666666666665
3 0.3515625 0.7208333333333333 0.06375 0.105
4 0.33359375 0.7197916666666667 0.020624999999999998 0.11958333333333333
4 0.37265625 0.7239583333333334 0.013125000000000001 0.11374999999999999
5 0.3515625 0.68125 0.06375 0.2
0 0.359375 0.615625 0.08249999999999999 0.3575
1 0.2328125 0.7520833333333333 0.04875 0.014999999999999998
2 0.2171875 0.7510416666666667 0.01125 0.014583333333333334
2 0.24140625 0.753125 0.028125 0.014583333333333334
3 0.2328125 0.7125 0.04875 0.11
4 0.21875 0.7114583333333333 0.015 0.12541666666666665
4 0.24140625 0.7145833333333333 0.028125 0.1225
5 0.2328125 0.671875 0.04875 0.2075
0 0.2375 0.6072916666666667 0.09375 0.3625
1 0.8140625 0.728125 0.06749999999999999 0.0225
2 0.7984375 0.7239583333333334 0.03 0.014583333333333334
2 0.834375 0.73125 0.01875 0.017499999999999998
3 0.8140625 0.6989583333333333 0.06749999999999999 0.0925
4 0.7984375 0.696875 0.03 0.09041666666666666
4 0.834375 0.6989583333333333 0.01875 0.10791666666666666
5 0.8140625 0.6739583333333333 0.06749999999999999 0.1525
0 0.821875 0.609375 0.08625 0.3075
1 0.1015625 0.7614583333333333 0.07125000000000001 0.0475
2 0.078125 0.7729166666666667 0.015 0.02333333333333333
2 0.1203125 0.75625 0.026250000000000002 0.040833333333333326
3 0.1015625 0.7229166666666667 0.07125000000000001 0.14
4 0.078125 0.734375 0.015 0.13124999999999998
4 0.1203125 0.7177083333333333 0.026250000000000002 0.14875
5 0.1015625 0.6833333333333333 0.07125000000000001 0.235
0 0.0875 0.6145833333333334 0.12375 0.4
1 0.93671875 0.8895833333333333 0.009375 0.045
2 0.9328125 0.8708333333333333 0.0 0.0
2 0.93671875 0.89375 0.009375 0.040833333333333326
3 0.946875 0.8458333333333333 0.041249999999999995 0.15
4 0.93125 0.8270833333333333 0.00375 0.1225
4 0.9484375 0.8479166666666667 0.0375 0.16916666666666663
5 0.96015625 0.7854166666666667 0.073125 0.295
0 0.9453125 0.690625 0.10874999999999999 0.5225
