1 0.23671875 0.7385416666666667 0.103125 0.057499999999999996
2 0.209375 0.7583333333333333 0.0375 0.011666666666666665
2 0.2640625 0.728125 0.0375 0.03791666666666667
3 0.23671875 0.6739583333333333 0.103125 0.2125
4 0.209375 0.6833333333333333 0.0375 0.22166666666666665
4 0.2640625 0.6635416666666667 0.0375 0.21875
5 0.2296875 0.6197916666666666 0.12 0.3425
0 0.21015625 0.50625 0.189375 0.615
1 0.54375 0.60625 0.033749999999999995 0.02
2 0.5296875 0.6072916666666667 0.0 0.020416666666666663
2 0.55546875 0.6020833333333333 0.005625 0.011666666666666665
3 0.54140625 0.56875 0.039375 0.11
4 0.52734375 0.5708333333333333 0.005625 0.1225
4 0.55546875 0.5645833333333333 0.005625 0.11666666666666667
5 0.53828125 0.5427083333333333 0.046875 0.1725
0 0.53125 0.4864583333333333 0.08625 0.3075
1 0.7328125 0.509375 0.0375 0.0325
2 0.7203125 0.509375 0.0075 0.03791666666666667
2 0.74375 0.5125 0.01125 0.011666666666666665
3 0.7328125 0.49166666666666664 0.0375 0.075
4 0.721875 0.4947916666666667 0.01125 0.07875
4 0.74375 0.48854166666666665 0.01125 0.07875
5 0.7328125 0.4708333333333333 0.0375 0.125
0 0.73515625 0.446875 0.046875 0.1825
1 0.3625 0.6927083333333334 0.06749999999999999 0.0225
2 0.33984375 0.6979166666666666 0.013125000000000001 0.011666666666666665
2 0.390625 0.6833333333333333 0.0 0.0
3 0.3625 0.6427083333333333 0.06749999999999999 0.1425
4 0.33984375 0.64375 0.013125000000000001 0.1633333333333333
4 0.38828125 0.6333333333333333 0.005625 0.13999999999999999
5 0.3625 0.6041666666666666 0.06749999999999999 0.235
0 0.3734375 0.5229166666666667 0.09375 0.43
1 0.6578125 0.5416666666666666 0.0375 0.01
2 0.64296875 0.54375 0.001875 0.005833333333333333
2 0.66796875 0.540625 0.013125000000000001 0.008749999999999999
3 0.65703125 0.5208333333333334 0.039375 0.05999999999999999
4 0.6421875 0.5229166666666667 0.00375 0.06416666666666666
4 0.66796875 0.5197916666666667 0.013125000000000001 0.06708333333333333
5 0.6546875 0.5 0.045 0.11
0 0.64375 0.465625 0.075 0.19249999999999998
1 0.7859375 0.490625 0.026250000000000002 0.0325
2 0.78203125 0.49583333333333335 0.016874999999999998 0.02333333333333333
2 0.790625 0.48854166666666665 0.015 0.03208333333333333
3 0.78671875 0.47708333333333336 0.028125 0.065
4 0.78203125 0.48020833333333335 0.016874999999999998 0.06708333333333333
4 0.79140625 0.475 0.016874999999999998 0.06999999999999999
5 0.78671875 0.46145833333333336 0.028125 0.1025
0 0.78359375 0.4375 0.061875 0.16
1 0.5859375 0.5729166666666666 0.01125 0.029999999999999995
2 0.58125 0.5729166666666666 0.0 0.034999999999999996
2 0.5890625 0.578125 0.00375 0.020416666666666663
3 0.58671875 0.5458333333333333 0.013125000000000001 0.095
4 0.58125 0.5458333333333333 0.0 0.11083333333333333
4 0.58984375 0.546875 0.005625 0.10791666666666666
5 0.58125 0.5177083333333333 0.026250000000000002 0.1625
0 0.58984375 0.48541666666666666 0.073125 0.23999999999999996
1 0.84921875 0.47708333333333336 0.016874999999999998 0.014999999999999998
2 0.84453125 0.47708333333333336 0.005625 0.017499999999999998
2 0.853125 0.4791666666666667 0.0075 0.011666666666666665
3 0.84921875 0.459375 0.016874999999999998 0.057499999999999996
4 0.84453125 0.459375 0.005625 0.06708333333333333
4 0.85234375 0.46041666666666664 0.009375 0.06416666666666666
5 0.84453125 0.440625 0.028125 0.1025
0 0.85078125 0.421875 0.065625 0.1475
