1 0.25078125 0.6042154566744731 0.26437499999999997 0.7915690866510539
2 0.3265625 0.9426229508196722 0.08249999999999999 0.07540983606557376
2 0.17421875 0.25995316159250587 0.080625 0.05901639344262295
3 0.25234375 0.6042154566744731 0.268125 0.7915690866510539
4 0.328125 0.819672131147541 0.08625 0.36065573770491804
4 0.17421875 0.3360655737704918 0.080625 0.27213114754098355
5 0.25234375 0.6042154566744731 0.268125 0.7915690866510539
0 0.34296875 0.5679156908665105 0.48562500000000003 0.8641686182669789
1 0.77421875 0.7435597189695551 0.076875 0.025292740046838406
2 0.79453125 0.7423887587822015 0.028125 0.02622950819672131
2 0.7609375 0.7435597189695551 0.045 0.029508196721311476
3 0.77421875 0.6604215456674473 0.076875 0.22482435597189696
4 0.79453125 0.6592505854800936 0.028125 0.25901639344262295
4 0.7609375 0.6615925058548009 0.045 0.25901639344262295
5 0.7890625 0.5772833723653396 0.1125 0.42435597189695545
0 0.79765625 0.45081967213114754 0.133125 0.7278688524590164
