1 0.6795131845841785 0.9140625 0.25801217038539553 0.052500000000000005
2 0.757606490872211 0.91171875 0.07058823529411765 0.0546875
2 0.6206896551724138 0.921875 0.11683569979716023 0.039375
3 0.6795131845841785 0.81640625 0.25801217038539553 0.286875
4 0.7454361054766734 0.8171875 0.09979716024340769 0.31937499999999996
4 0.6206896551724138 0.81640625 0.11683569979716023 0.33468749999999997
5 0.6795131845841785 0.72421875 0.25801217038539553 0.5081249999999999
0 0.6389452332657201 0.5453125 0.35537525354969574 0.909375
1 0.31135902636916835 0.91796875 0.31886409736308313 0.046875
2 0.20689655172413793 0.91484375 0.06815415821501014 0.0459375
2 0.3935091277890467 0.91875 0.12170385395537525 0.05249999999999999
3 0.31135902636916835 0.8203125 0.31886409736308313 0.28125
4 0.20689655172413793 0.8171875 0.06815415821501014 0.31937499999999996
4 0.3935091277890467 0.821875 0.12170385395537525 0.32375
5 0.31135902636916835 0.7125 0.31886409736308313 0.5399999999999999
0 0.3255578093306288 0.5390625 0.35294117647058826 0.921875
