1 0.192 0.6915137614678899 0.11519999999999998 0.04128440366972477
2 0.223 0.6961009174311926 0.040799999999999996 0.03532110091743119
2 0.156 0.6903669724770642 0.028799999999999996 0.04495412844036697
3 0.192 0.6295871559633027 0.11519999999999998 0.18990825688073393
4 0.223 0.6318807339449541 0.040799999999999996 0.21513761467889908
4 0.156 0.6284403669724771 0.028799999999999996 0.218348623853211
5 0.184 0.5596330275229358 0.13440000000000002 0.3577981651376147
0 0.163 0.44036697247706424 0.24719999999999998 0.6440366972477064
1 0.81 0.6318807339449541 0.1008 0.02477064220183486
2 0.841 0.6330275229357798 0.0264 0.02568807339449541
2 0.78 0.6318807339449541 0.028799999999999996 0.028899082568807338
3 0.81 0.5756880733944955 0.1008 0.15963302752293576
4 0.841 0.5825688073394495 0.0264 0.16697247706422016
4 0.78 0.5756880733944955 0.028799999999999996 0.18623853211009173
5 0.81 0.5263761467889908 0.1008 0.2779816513761468
0 0.799 0.41743119266055045 0.12719999999999998 0.5394495412844036
1 0.474 0.8509174311926605 0.948 0.1926605504587156
2 0.826 0.9025229357798165 0.1488 0.08027522935779817
2 0.107 0.8291284403669725 0.1128 0.16376146788990822
3 0.474 0.8038990825688074 0.948 0.3055045871559633
4 0.809 0.8038990825688074 0.1896 0.3564220183486238
4 0.211 0.8107798165137615 0.3624 0.21513761467889908
5 0.474 0.7454128440366973 0.948 0.44587155963302755
0 0.474 0.5344036697247706 0.948 0.9311926605504587
