1 0.421875 0.3765880217785844 0.06749999999999999 0.10235934664246824
2 0.403125 0.352994555353902 0.0225 0.05335753176043557
2 0.4328125 0.3892921960072595 0.041249999999999995 0.08384754990925589
3 0.38671875 0.3684210526315789 0.151875 0.12196007259528131
4 0.36796875 0.3448275862068966 0.10687499999999998 0.07622504537205081
4 0.38828125 0.3892921960072595 0.148125 0.08384754990925589
5 0.3453125 0.3874773139745917 0.25125 0.16769509981851177
0 0.3109375 0.3448275862068966 0.33375 0.40508166969147
1 0.5734375 0.1969147005444646 0.10874999999999999 0.03702359346642468
2 0.61171875 0.18602540834845735 0.016874999999999998 0.012704174228675136
2 0.53515625 0.20871143375680581 0.016874999999999998 0.010163339382940109
3 0.578125 0.16969147005444646 0.12 0.10235934664246824
4 0.61640625 0.1588021778584392 0.028125 0.08892921960072596
4 0.5359375 0.17876588021778583 0.01875 0.094010889292196
5 0.578125 0.14972776769509982 0.12 0.15027223230490017
0 0.6078125 0.14972776769509982 0.19124999999999998 0.15027223230490017
1 0.38984375 0.21052631578947367 0.103125 0.01306715063520871
2 0.41875 0.21143375680580762 0.033749999999999995 0.012704174228675136
2 0.3546875 0.21052631578947367 0.01875 0.01524500907441016
3 0.38984375 0.16969147005444646 0.103125 0.11107078039927404
4 0.41875 0.1705989110707804 0.033749999999999995 0.12704174228675136
4 0.3546875 0.16969147005444646 0.01875 0.12958257713248636
5 0.38984375 0.13883847549909256 0.103125 0.1851179673321234
0 0.38515625 0.11161524500907441 0.114375 0.22323049001814882
