1 0.52265625 0.8430913348946136 0.32437499999999997 0.10117096018735362
2 0.62890625 0.8231850117096019 0.06937499999999999 0.04262295081967213
2 0.39609375 0.8430913348946136 0.020624999999999998 0.1180327868852459
3 0.52265625 0.8091334894613583 0.32437499999999997 0.18266978922716628
4 0.59921875 0.7857142857142857 0.140625 0.14754098360655735
4 0.446875 0.8372365339578455 0.14250000000000002 0.13442622950819672
5 0.52265625 0.7611241217798594 0.32437499999999997 0.29789227166276344
0 0.52265625 0.6416861826697893 0.32437499999999997 0.5845433255269321
1 0.08359375 0.949648711943794 0.1671875 0.053395784543325525
2 0.03671875 0.9309133489461359 0.058124999999999996 0.009836065573770491
2 0.1234375 0.9613583138173302 0.075 0.029508196721311476
3 0.08359375 0.8688524590163934 0.1671875 0.24730679156908664
4 0.05 0.8501170960187353 0.09 0.2360655737704918
4 0.1234375 0.882903981264637 0.075 0.234192037470726
5 0.08359375 0.8290398126463701 0.1671875 0.34192037470725994
0 0.09765625 0.7412177985948478 0.1953125 0.5175644028103045
1 0.50546875 0.15690866510538642 0.174375 0.022482435597189696
2 0.57109375 0.15339578454332553 0.016874999999999998 0.01639344262295082
2 0.43828125 0.16042154566744732 0.013125000000000001 0.01639344262295082
3 0.50546875 0.11592505854800937 0.174375 0.12084309133489461
4 0.5640625 0.11241217798594848 0.033749999999999995 0.13114754098360656
4 0.44765625 0.11943793911007025 0.035625000000000004 0.13114754098360656
5 0.50546875 0.08782201405152225 0.174375 0.1756440281030445
0 0.50546875 0.08782201405152225 0.174375 0.1756440281030445
1 0.2125 0.9461358313817331 0.12375 0.022482435597189696
2 0.16796875 0.936768149882904 0.016874999999999998 0.0
2 0.2328125 0.9508196721311475 0.075 0.013114754098360656
3 0.221875 0.8782201405152225 0.14625 0.185480093676815
4 0.19609375 0.8911007025761124 0.084375 0.12786885245901639
4 0.2421875 0.8782201405152225 0.0975 0.2163934426229508
5 0.21875 0.8782201405152225 0.15375 0.185480093676815
0 0.2359375 0.7997658079625293 0.195 0.37377049180327865
