1 0.46484375 0.6091549295774648 0.46687500000000004 0.1380281690140845
2 0.62109375 0.6338028169014085 0.091875 0.092018779342723
2 0.30859375 0.607981220657277 0.091875 0.15774647887323942
3 0.46484375 0.5082159624413145 0.46687500000000004 0.4647887323943662
4 0.62109375 0.49061032863849763 0.091875 0.49295774647887325
4 0.36015625 0.6267605633802817 0.215625 0.21032863849765257
5 0.46484375 0.5082159624413145 0.46687500000000004 0.4647887323943662
0 0.5109375 0.41431924882629106 0.8887499999999999 0.7126760563380281
1 0.7421875 0.3333333333333333 0.1125 0.08450704225352113
2 0.7703125 0.3368544600938967 0.045 0.08215962441314555
2 0.73125 0.3333333333333333 0.08625 0.09859154929577464
3 0.75078125 0.2546948356807512 0.133125 0.2732394366197183
4 0.77890625 0.2535211267605634 0.065625 0.31549295774647884
4 0.73359375 0.2546948356807512 0.091875 0.3187793427230047
0 0.75078125 0.2546948356807512 0.133125 0.2732394366197183
