1 0.4419953596287703 0.89453125 0.30348027842227376 0.05437499999999999
2 0.5174013921113689 0.884375 0.12250580046403711 0.034999999999999996
2 0.33874709976798145 0.8984375 0.05568445475638051 0.05249999999999999
3 0.4419953596287703 0.84375 0.30348027842227376 0.17625
4 0.5174013921113689 0.83359375 0.12250580046403711 0.1771875
4 0.33874709976798145 0.85390625 0.05568445475638051 0.1771875
5 0.4419953596287703 0.80625 0.30348027842227376 0.26625
0 0.4025522041763341 0.6984375 0.4092807424593968 0.525
1 0.7146171693735499 0.27109375 0.08909512761020881 0.024375
2 0.7517401392111369 0.28125 0.0 0.0
2 0.6774941995359629 0.2609375 0.0 0.0
3 0.7169373549883991 0.26015625 0.09466357308584686 0.050624999999999996
4 0.7540603248259861 0.2671875 0.005568445475638051 0.039375
4 0.6867749419953596 0.25 0.022273781902552203 0.030624999999999996
5 0.7169373549883991 0.25546875 0.09466357308584686 0.061875
0 0.7378190255220418 0.234375 0.14477958236658933 0.1125
