1 0.5551643192488263 0.884375 0.18309859154929578 0.06375
2 0.5915492957746479 0.8765625 0.09577464788732394 0.04375
2 0.5387323943661971 0.884375 0.14366197183098592 0.074375
3 0.5551643192488263 0.78671875 0.18309859154929578 0.298125
4 0.5915492957746479 0.77734375 0.09577464788732394 0.3215625
4 0.5387323943661971 0.7875 0.14366197183098592 0.34562499999999996
5 0.5563380281690141 0.68203125 0.18591549295774648 0.549375
0 0.5117370892018779 0.5109375 0.4788732394366197 0.96
1 0.6901408450704225 0.76953125 0.1295774647887324 0.024375
2 0.6901408450704225 0.77109375 0.1295774647887324 0.024062499999999997
2 0.6995305164319249 0.76875 0.06197183098591549 0.026249999999999996
3 0.6901408450704225 0.70546875 0.1295774647887324 0.178125
4 0.6901408450704225 0.70546875 0.1295774647887324 0.2078125
4 0.6948356807511737 0.71484375 0.07323943661971831 0.1771875
5 0.6901408450704225 0.64765625 0.1295774647887324 0.31687499999999996
0 0.704225352112676 0.57265625 0.16338028169014082 0.496875
