1 0.50078125 0.686046511627907 0.121875 0.037209302325581395
2 0.534375 0.6763565891472868 0.041249999999999995 0.016279069767441857
2 0.45625 0.6908914728682171 0.015 0.029844961240310074
3 0.5 0.6501937984496124 0.12375 0.12325581395348836
4 0.525 0.6405038759689923 0.06375 0.11666666666666665
4 0.45546875 0.6540697674418605 0.016874999999999998 0.1329457364341085
5 0.5 0.6046511627906976 0.12375 0.23255813953488372
0 0.49140625 0.5203488372093024 0.14437499999999998 0.4348837209302326
1 0.19375 0.7674418604651163 0.075 0.04186046511627906
2 0.2203125 0.7567829457364341 0.01125 0.0189922480620155
2 0.17109375 0.7693798449612403 0.020624999999999998 0.043410852713178294
3 0.203125 0.7063953488372093 0.0975 0.18837209302325583
4 0.2296875 0.7005813953488372 0.033749999999999995 0.17635658914728683
4 0.184375 0.7063953488372093 0.052500000000000005 0.2197674418604651
5 0.21171875 0.6375968992248062 0.118125 0.35348837209302325
0 0.21796875 0.5300387596899225 0.14437499999999998 0.6116279069767441
