1 0.290625 0.7401315789473685 0.21374999999999997 0.09210526315789473
2 0.353125 0.7642543859649122 0.06375 0.039912280701754385
2 0.21875 0.7138157894736842 0.041249999999999995 0.0337719298245614
3 0.290625 0.6589912280701754 0.21374999999999997 0.28684210526315784
4 0.353125 0.6885964912280702 0.06375 0.2517543859649123
4 0.23203125 0.6326754385964912 0.073125 0.26096491228070173
5 0.290625 0.5986842105263158 0.21374999999999997 0.431578947368421
0 0.3015625 0.4725877192982456 0.24 0.7342105263157895
1 0.58671875 0.8245614035087719 0.110625 0.0368421052631579
2 0.56875 0.8267543859649122 0.06749999999999999 0.03684210526315789
2 0.6296875 0.8212719298245614 0.0075 0.0337719298245614
3 0.58671875 0.7401315789473685 0.110625 0.2394736842105263
4 0.56875 0.7401315789473685 0.06749999999999999 0.2793859649122807
4 0.6234375 0.7368421052631579 0.0225 0.2701754385964912
5 0.58671875 0.6776315789473685 0.110625 0.3894736842105263
0 0.584375 0.5383771929824561 0.13499999999999998 0.7236842105263158
1 0.778125 0.7664473684210527 0.23625 0.023684210526315787
2 0.86875 0.7719298245614035 0.01875 0.012280701754385965
2 0.69921875 0.7609649122807017 0.046875 0.012280701754385965
3 0.778125 0.7105263157894737 0.23625 0.15789473684210525
4 0.853125 0.7127192982456141 0.05625 0.17807017543859646
4 0.7109375 0.7050438596491229 0.075 0.16885964912280702
5 0.778125 0.6710526315789473 0.23625 0.2526315789473684
0 0.778125 0.5635964912280702 0.23625 0.5105263157894736
1 0.7046875 0.7478070175438597 0.1575 0.0368421052631579
2 0.759375 0.7478070175438597 0.026250000000000002 0.04298245614035087
2 0.65703125 0.75 0.043125 0.03070175438596491
3 0.7046875 0.6918859649122807 0.1575 0.17105263157894737
4 0.75390625 0.6918859649122807 0.039375 0.19956140350877194
4 0.659375 0.694078947368421 0.04875 0.18728070175438594
5 0.7046875 0.6392543859649122 0.1575 0.29736842105263156
0 0.7046875 0.5339912280701754 0.1575 0.5499999999999999
