1 0.52421875 0.9355971896955504 0.148125 0.01405152224824356
2 0.4671875 0.9320843091334895 0.01125 0.006557377049180328
2 0.54765625 0.9379391100702577 0.091875 0.009836065573770491
3 0.52421875 0.8407494145199064 0.148125 0.24168618266978922
4 0.4796875 0.84192037470726 0.041249999999999995 0.25901639344262295
4 0.54765625 0.8407494145199064 0.091875 0.2819672131147541
5 0.52421875 0.7716627634660421 0.148125 0.40749414519906324
0 0.52421875 0.5843091334894613 0.148125 0.8313817330210773
1 0.796875 0.8793911007025761 0.11624999999999999 0.0477751756440281
2 0.79765625 0.8793911007025761 0.084375 0.05573770491803278
2 0.796875 0.8805620608899297 0.11624999999999999 0.05245901639344262
3 0.796875 0.7786885245901639 0.11624999999999999 0.2894613583138173
4 0.79765625 0.7798594847775175 0.084375 0.33442622950819667
4 0.796875 0.7786885245901639 0.11624999999999999 0.33770491803278685
5 0.796875 0.6932084309133489 0.11624999999999999 0.4946135831381733
0 0.8234375 0.5234192037470726 0.18 0.9021077283372365
