1 0.85703125 0.6111111111111112 0.039375 0.014184397163120567
2 0.86171875 0.6134751773049646 0.028125 0.009929078014184396
2 0.85234375 0.6099290780141844 0.028125 0.013238770685579196
3 0.8578125 0.5697399527186762 0.041249999999999995 0.11347517730496454
4 0.8625 0.5697399527186762 0.03 0.13238770685579196
4 0.85234375 0.5721040189125296 0.028125 0.11914893617021276
5 0.8828125 0.5626477541371159 0.10124999999999999 0.13049645390070921
0 0.8828125 0.5141843971631206 0.10124999999999999 0.24680851063829784
1 0.315625 0.7671394799054374 0.19124999999999998 0.02553191489361702
2 0.37578125 0.764775413711584 0.046875 0.023167848699763592
2 0.26171875 0.7683215130023641 0.061875 0.026477541371158392
3 0.315625 0.6784869976359338 0.19124999999999998 0.23829787234042552
4 0.37578125 0.6773049645390071 0.046875 0.2680851063829787
4 0.26171875 0.6784869976359338 0.061875 0.27801418439716313
5 0.315625 0.6063829787234043 0.19124999999999998 0.41134751773049644
0 0.321875 0.45508274231678486 0.20625 0.7744680851063829
