1 0.725 0.8859813084112149 0.1275 0.08971962616822429
2 0.77109375 0.8859813084112149 0.016874999999999998 0.10467289719626169
2 0.696875 0.9009345794392524 0.06 0.01570093457943925
3 0.725 0.822429906542056 0.1275 0.2422429906542056
4 0.74453125 0.822429906542056 0.080625 0.28261682242990654
4 0.696875 0.819626168224299 0.06 0.2433644859813084
5 0.725 0.7299065420560747 0.1275 0.4642990654205607
0 0.6984375 0.597196261682243 0.23249999999999998 0.7828037383177571
1 0.36328125 0.8373831775700935 0.058124999999999996 0.05831775700934579
2 0.3734375 0.8439252336448598 0.033749999999999995 0.0497196261682243
2 0.34921875 0.8271028037383178 0.024375 0.03925233644859813
3 0.36640625 0.7813084112149533 0.065625 0.19289719626168225
4 0.3734375 0.7831775700934579 0.033749999999999995 0.21981308411214953
4 0.36640625 0.7710280373831776 0.065625 0.19626168224299065
5 0.38203125 0.7177570093457943 0.103125 0.34542056074766353
0 0.3734375 0.5906542056074766 0.21000000000000002 0.6504672897196262
1 0.0546875 0.7495327102803738 0.05625 0.06728971962616823
2 0.0421875 0.7467289719626168 0.026250000000000002 0.07065420560747664
2 0.0703125 0.7663551401869159 0.01875 0.0314018691588785
3 0.05625 0.688785046728972 0.06375 0.2130841121495327
4 0.04140625 0.685981308411215 0.028125 0.24074766355140184
4 0.07265625 0.7018691588785047 0.024375 0.2119626168224299
5 0.06171875 0.6364485981308411 0.076875 0.3386915887850467
0 0.07578125 0.5514018691588785 0.1515625 0.542803738317757
