1 0.6104166666666667 0.89453125 0.26 0.091875
2 0.7052083333333333 0.90234375 0.0325 0.08531249999999999
2 0.5364583333333334 0.88046875 0.0825 0.0678125
3 0.6104166666666667 0.84140625 0.26 0.21937500000000001
4 0.6875 0.84140625 0.075 0.2559375
4 0.5364583333333334 0.82734375 0.0825 0.2165625
5 0.6104166666666667 0.77890625 0.26 0.36937499999999995
0 0.596875 0.60390625 0.3025 0.7893749999999999
1 0.35833333333333334 0.92109375 0.225 0.129375
2 0.40520833333333334 0.88828125 0.1125 0.0590625
2 0.28229166666666666 0.946875 0.042499999999999996 0.07875
3 0.35833333333333334 0.8640625 0.225 0.26625
4 0.40520833333333334 0.83125 0.1125 0.21875
4 0.29270833333333335 0.865625 0.06749999999999999 0.26875
5 0.35833333333333334 0.79375 0.225 0.4125
0 0.340625 0.6296875 0.2675 0.740625
