1 0.64921875 0.9426229508196722 0.09562499999999999 0.04215456674473068
2 0.678125 0.9426229508196722 0.026250000000000002 0.04918032786885246
2 0.6234375 0.9402810304449649 0.033749999999999995 0.04262295081967213
3 0.64921875 0.8887587822014051 0.09562499999999999 0.17142857142857143
4 0.678125 0.892271662763466 0.026250000000000002 0.19016393442622948
4 0.62421875 0.8864168618266979 0.035625000000000004 0.19344262295081965
5 0.64921875 0.8243559718969555 0.09562499999999999 0.32599531615925054
0 0.646875 0.7002341920374707 0.195 0.5995316159250585
1 0.38359375 0.9707259953161592 0.046875 0.03091334894613583
2 0.4 0.9765807962529274 0.0075 0.019672131147540982
2 0.36484375 0.9660421545667447 0.001875 0.022950819672131147
3 0.3859375 0.9133489461358314 0.06 0.1686182669789227
4 0.40390625 0.9168618266978923 0.016874999999999998 0.16627634660421545
4 0.36328125 0.9086651053864169 0.005625 0.18266978922716628
5 0.38671875 0.8477751756440282 0.061875 0.3044496487119438
0 0.403125 0.7330210772833724 0.1875 0.5339578454332553
