1 0.31893004115226337 0.75859375 0.14320987654320985 0.058124999999999996
2 0.3683127572016461 0.75703125 0.024691358024691357 0.0590625
2 0.2726337448559671 0.75859375 0.03209876543209877 0.0678125
3 0.31893004115226337 0.70546875 0.14320987654320985 0.18562499999999998
4 0.3683127572016461 0.703125 0.024691358024691357 0.20999999999999996
4 0.2736625514403292 0.7078125 0.034567901234567905 0.20999999999999996
5 0.3230452674897119 0.6578125 0.1530864197530864 0.3
0 0.3292181069958848 0.5609375 0.1925925925925926 0.5325
1 0.5761316872427984 0.72265625 0.1037037037037037 0.061875
2 0.6018518518518519 0.71640625 0.04197530864197531 0.0546875
2 0.5442386831275721 0.7234375 0.027160493827160494 0.06999999999999999
3 0.581275720164609 0.68046875 0.11604938271604938 0.163125
4 0.6069958847736625 0.67578125 0.05432098765432099 0.1684375
4 0.5442386831275721 0.68046875 0.027160493827160494 0.1903125
5 0.5925925925925926 0.625 0.14320987654320985 0.29625
0 0.602880658436214 0.53828125 0.21728395061728395 0.504375
