1 0.75390625 0.6447916666666667 0.058124999999999996 0.0475
2 0.77265625 0.6447916666666667 0.013125000000000001 0.05541666666666666
2 0.7359375 0.6489583333333333 0.015 0.04375
3 0.7515625 0.6104166666666667 0.06375 0.13
4 0.771875 0.6104166666666667 0.015 0.15166666666666667
4 0.73359375 0.6125 0.020624999999999998 0.14583333333333334
5 0.75 0.5697916666666667 0.06749999999999999 0.2275
0 0.753125 0.4947916666666667 0.14250000000000002 0.4075
1 0.596875 0.6375 0.045 0.05999999999999999
2 0.6078125 0.653125 0.01875 0.02625
2 0.58359375 0.6291666666666667 0.013125000000000001 0.04666666666666666
3 0.59921875 0.5916666666666667 0.050624999999999996 0.16999999999999998
4 0.61015625 0.6083333333333333 0.024375 0.15166666666666667
4 0.5875 0.5833333333333334 0.0225 0.175
5 0.6 0.5625 0.052500000000000005 0.23999999999999996
0 0.59296875 0.48020833333333335 0.129375 0.4375
1 0.5390625 0.6354166666666666 0.026250000000000002 0.05999999999999999
2 0.546875 0.6270833333333333 0.0075 0.04666666666666666
2 0.53046875 0.6385416666666667 0.005625 0.06125
3 0.54453125 0.59375 0.039375 0.16
4 0.55234375 0.5854166666666667 0.020624999999999998 0.1633333333333333
4 0.5328125 0.59375 0.01125 0.18666666666666665
5 0.54140625 0.55625 0.046875 0.25
0 0.5421875 0.4875 0.07125000000000001 0.415
1 0.696875 0.6291666666666667 0.045 0.05
2 0.71171875 0.640625 0.009375 0.02625
2 0.6828125 0.6270833333333333 0.01125 0.0525
3 0.696875 0.596875 0.045 0.1275
4 0.71171875 0.5979166666666667 0.009375 0.14583333333333334
4 0.68359375 0.5947916666666667 0.013125000000000001 0.14291666666666666
5 0.696875 0.565625 0.045 0.2025
0 0.696875 0.565625 0.045 0.2025
1 0.28125 0.6427083333333333 0.05625 0.0475
2 0.30234375 0.6541666666666667 0.005625 0.02333333333333333
2 0.26875 0.6354166666666666 0.026250000000000002 0.034999999999999996
3 0.28125 0.5979166666666667 0.05625 0.15499999999999997
4 0.3015625 0.6104166666666667 0.0075 0.14583333333333334
4 0.26875 0.590625 0.026250000000000002 0.16041666666666668
5 0.28125 0.5645833333333333 0.05625 0.235
0 0.28515625 0.5177083333333333 0.10687499999999998 0.3475
