1 0.78125 0.92265625 0.23249999999999998 0.088125
2 0.82109375 0.903125 0.136875 0.048124999999999994
2 0.73125 0.9453125 0.1125 0.039375
3 0.78125 0.828125 0.23249999999999998 0.315
4 0.82109375 0.80859375 0.136875 0.3128125
4 0.73125 0.84765625 0.1125 0.3046875
5 0.76171875 0.7203125 0.279375 0.559375
0 0.67421875 0.515625 0.489375 0.96875
1 0.90078125 0.878125 0.129375 0.04875
2 0.88671875 0.88515625 0.09562499999999999 0.0371875
2 0.90234375 0.87421875 0.125625 0.0459375
3 0.90078125 0.79375 0.129375 0.25125
4 0.88671875 0.79375 0.09562499999999999 0.29312499999999997
4 0.90234375 0.7921875 0.125625 0.27562499999999995
5 0.88515625 0.69453125 0.166875 0.489375
0 0.84140625 0.51953125 0.271875 0.909375
