1 0.628125 0.8725099601593626 0.23249999999999998 0.18645418326693225
2 0.67890625 0.9113545816733067 0.110625 0.10876494023904382
2 0.57265625 0.8296812749003984 0.09937499999999999 0.09760956175298804
3 0.62578125 0.8177290836653387 0.238125 0.3179282868525896
4 0.675 0.8227091633466136 0.12 0.3545816733067729
4 0.5703125 0.7749003984063745 0.10500000000000001 0.250996015936255
5 0.62578125 0.7260956175298805 0.238125 0.5378486055776892
0 0.61328125 0.5717131474103586 0.268125 0.8565737051792829
1 0.72109375 0.546812749003984 0.076875 0.016733067729083666
2 0.7375 0.547808764940239 0.0375 0.016733067729083662
2 0.70625 0.5438247011952191 0.041249999999999995 0.011155378486055776
3 0.72109375 0.49203187250996017 0.076875 0.148207171314741
4 0.7375 0.49203187250996017 0.0375 0.17290836653386454
4 0.70625 0.4900398406374502 0.041249999999999995 0.16175298804780874
5 0.72109375 0.44123505976095617 0.076875 0.2701195219123506
0 0.72734375 0.3426294820717131 0.091875 0.5067729083665338
