1 0.5125 0.7494780793319415 0.11624999999999999 0.03507306889352819
2 0.465625 0.755741127348643 0.00375 0.023382045929018786
2 0.56015625 0.7400835073068893 0.001875 0.014613778705636743
3 0.51171875 0.7035490605427975 0.118125 0.14530271398747388
4 0.46484375 0.7045929018789144 0.005625 0.16659707724425887
4 0.54140625 0.6941544885177453 0.046875 0.14321503131524008
5 0.51171875 0.6586638830897703 0.118125 0.253027139874739
0 0.50546875 0.558455114822547 0.133125 0.4935281837160751
1 0.6859375 0.7369519832985386 0.045 0.020041753653444676
2 0.675 0.7390396659707724 0.01875 0.01753653444676409
2 0.70078125 0.7369519832985386 0.009375 0.023382045929018786
3 0.69140625 0.68580375782881 0.058124999999999996 0.1427974947807933
4 0.675 0.68580375782881 0.01875 0.16659707724425887
4 0.70625 0.68580375782881 0.0225 0.16659707724425887
5 0.6921875 0.6419624217118998 0.06 0.24801670146137786
0 0.69296875 0.5532359081419624 0.103125 0.46096033402922754
1 0.2421875 0.7807933194154488 0.10124999999999999 0.020041753653444676
2 0.21171875 0.778705636743215 0.028125 0.01753653444676409
2 0.28203125 0.7870563674321504 0.005625 0.0058455114822546965
3 0.24765625 0.7244258872651357 0.114375 0.15532359081419622
4 0.21953125 0.7223382045929019 0.046875 0.17536534446764093
4 0.2875 0.7338204592901879 0.01875 0.15490605427974946
5 0.2484375 0.6826722338204593 0.11624999999999999 0.2555323590814196
0 0.2609375 0.5918580375782881 0.14625 0.47348643006263047
