1 0.3515625 0.7990654205607477 0.21749999999999997 0.16261682242990652
2 0.278125 0.8563084112149533 0.041249999999999995 0.029439252336448597
2 0.4109375 0.7406542056074766 0.075 0.02616822429906542
3 0.34765625 0.7184579439252337 0.226875 0.3560747663551402
4 0.27421875 0.7792056074766355 0.050624999999999996 0.24532710280373832
4 0.4109375 0.6600467289719626 0.075 0.25186915887850464
5 0.34765625 0.6962616822429907 0.226875 0.40934579439252333
0 0.3203125 0.5362149532710281 0.2925 0.7934579439252336
1 0.5671875 0.7967289719626168 0.23249999999999998 0.20747663551401868
2 0.5015625 0.7266355140186916 0.075 0.04579439252336448
2 0.65 0.8621495327102804 0.033749999999999995 0.058878504672897194
3 0.56953125 0.7137850467289719 0.238125 0.40654205607476634
4 0.5015625 0.6436915887850467 0.075 0.27803738317757004
4 0.65234375 0.7815420560747663 0.039375 0.2845794392523364
5 0.57890625 0.6997663551401869 0.260625 0.44018691588785047
0 0.5921875 0.5432242990654206 0.2925 0.8158878504672897
