1 0.7345238095238096 0.68359375 0.2657142857142857 0.020624999999999998
2 0.7083333333333334 0.68359375 0.20285714285714287 0.024062499999999997
2 0.7583333333333333 0.68359375 0.20857142857142855 0.0196875
3 0.7345238095238096 0.59453125 0.2657142857142857 0.234375
4 0.719047619047619 0.59765625 0.22857142857142856 0.26468749999999996
4 0.7583333333333333 0.59375 0.20857142857142855 0.27125
5 0.7345238095238096 0.50859375 0.2657142857142857 0.440625
0 0.7619047619047619 0.384375 0.3314285714285714 0.7387499999999999
1 0.24404761904761904 0.9328125 0.32857142857142857 0.06
2 0.32976190476190476 0.92734375 0.12285714285714286 0.0459375
2 0.14761904761904762 0.9328125 0.09714285714285714 0.06999999999999999
3 0.24404761904761904 0.8359375 0.32857142857142857 0.2925
4 0.32976190476190476 0.834375 0.12285714285714286 0.30625
4 0.1595238095238095 0.8359375 0.1257142857142857 0.328125
5 0.24404761904761904 0.7453125 0.32857142857142857 0.509375
0 0.30238095238095236 0.5828125 0.4685714285714285 0.834375
