1 0.35859375 0.9032586558044806 0.361875 0.05621181262729124
2 0.49375 0.905295315682281 0.0375 0.059877800407331976
2 0.23984375 0.895112016293279 0.076875 0.04276985743380855
3 0.35859375 0.8136456211812627 0.361875 0.27128309572301423
4 0.4609375 0.8197556008146639 0.11624999999999999 0.29938900203665986
4 0.23984375 0.8054989816700611 0.076875 0.29368635437881874
5 0.35859375 0.7484725050916496 0.361875 0.42769857433808556
0 0.3390625 0.6283095723014257 0.40874999999999995 0.7160896130346232
1 0.7703125 0.8920570264765784 0.1125 0.024439918533604887
2 0.8015625 0.8930753564154786 0.0375 0.02566191446028513
2 0.734375 0.890020366598778 0.026250000000000002 0.02281059063136456
3 0.77265625 0.8258655804480651 0.118125 0.18329938900203666
4 0.80390625 0.8258655804480651 0.043125 0.21384928716904278
4 0.7421875 0.8238289205702648 0.045 0.2081466395112016
5 0.77578125 0.754582484725051 0.125625 0.3543788187372709
0 0.79296875 0.6364562118126272 0.166875 0.6378818737270876
