1 0.134375 0.866822429906542 0.18 0.08411214953271028
2 0.09296875 0.8516355140186916 0.080625 0.05560747663551401
2 0.2 0.875 0.0225 0.07523364485981307
3 0.134375 0.7570093457943925 0.18 0.3476635514018691
4 0.11171875 0.741822429906542 0.125625 0.3630841121495327
4 0.19609375 0.7838785046728972 0.031875 0.3303738317757009
5 0.15234375 0.7570093457943925 0.22312499999999996 0.3476635514018691
0 0.15703125 0.6238317757009346 0.234375 0.6672897196261681
1 0.8625 0.8341121495327103 0.09375 0.22429906542056074
2 0.834375 0.883177570093458 0.026250000000000002 0.12429906542056074
2 0.87890625 0.7838785046728972 0.05437499999999999 0.12102803738317756
3 0.853125 0.7535046728971962 0.11624999999999999 0.41775700934579435
4 0.825 0.7920560747663551 0.04875 0.37943925233644854
4 0.8578125 0.7032710280373832 0.10500000000000001 0.34672897196261676
5 0.8328125 0.7535046728971962 0.16499999999999998 0.41775700934579435
0 0.80859375 0.6518691588785047 0.22312499999999996 0.6616822429906541
