1 0.38203125 0.8440265486725663 0.129375 0.19380530973451326
2 0.38359375 0.9081858407079646 0.125625 0.046460176991150445
2 0.37265625 0.7853982300884956 0.10687499999999998 0.061946902654867256
3 0.38671875 0.7057522123893806 0.140625 0.5256637168141592
4 0.38828125 0.7389380530973452 0.136875 0.5203539823008849
4 0.3796875 0.6471238938053098 0.12375 0.4491150442477876
5 0.4671875 0.7057522123893806 0.33375 0.5256637168141592
0 0.50625 0.5342920353982301 0.42749999999999994 0.9314159292035398
1 0.10625 0.7898230088495575 0.21000000000000002 0.22300884955752212
2 0.1078125 0.7898230088495575 0.07875 0.26017699115044246
2 0.10625 0.7765486725663717 0.21000000000000002 0.19823008849557522
3 0.1109375 0.6736725663716814 0.22125 0.5017699115044247
4 0.1390625 0.6736725663716814 0.15375 0.5853982300884955
4 0.1109375 0.6902654867256637 0.22125 0.4398230088495575
5 0.19296875 0.6670353982300885 0.3859375 0.5176991150442478
0 0.2375 0.5099557522123894 0.475 0.8946902654867256
