1 0.234375 0.81875 0.18 0.055
2 0.27109375 0.809375 0.091875 0.03791666666666667
2 0.2 0.8239583333333333 0.0975 0.049583333333333326
3 0.234375 0.75 0.18 0.22
4 0.27109375 0.740625 0.091875 0.23041666666666666
4 0.2 0.753125 0.0975 0.24791666666666665
5 0.234375 0.65625 0.18 0.445
0 0.2609375 0.5302083333333333 0.24375 0.7475
1 0.65234375 0.778125 0.159375 0.07749999999999999
2 0.675 0.7822916666666667 0.10500000000000001 0.07875
2 0.62421875 0.775 0.091875 0.08166666666666665
3 0.65234375 0.6979166666666666 0.159375 0.26999999999999996
4 0.675 0.6979166666666666 0.10500000000000001 0.315
4 0.62421875 0.7041666666666667 0.091875 0.27999999999999997
5 0.65234375 0.6020833333333333 0.159375 0.5
0 0.65 0.45625 0.1875 0.85
1 0.76328125 0.75 0.050624999999999996 0.035
2 0.76328125 0.7572916666666667 0.050624999999999996 0.020416666666666663
2 0.75 0.7354166666666667 0.0 0.0
3 0.76328125 0.684375 0.050624999999999996 0.19249999999999998
4 0.76328125 0.684375 0.050624999999999996 0.22458333333333333
4 0.75 0.6791666666666667 0.0 0.1575
5 0.78125 0.625 0.09375 0.33499999999999996
0 0.7875 0.5197916666666667 0.11624999999999999 0.5875
