1 0.46171875 0.81953125 0.10687499999999998 0.121875
2 0.48984375 0.815625 0.039375 0.13125
2 0.446875 0.84296875 0.07125000000000001 0.0765625
3 0.440625 0.7484375 0.1575 0.2925
4 0.440625 0.75625 0.1575 0.2975
4 0.446875 0.7484375 0.07125000000000001 0.34124999999999994
5 0.440625 0.665625 0.1575 0.49124999999999996
0 0.3984375 0.49765625 0.3075 0.8943749999999999
1 0.1625 0.7 0.09 0.10500000000000001
2 0.17109375 0.71640625 0.06937499999999999 0.0765625
2 0.15234375 0.6984375 0.065625 0.118125
3 0.1875 0.6390625 0.15 0.25125
4 0.17109375 0.6625 0.06937499999999999 0.22749999999999998
4 0.1875 0.6375 0.15 0.28874999999999995
5 0.1859375 0.56640625 0.15375 0.425625
0 0.1765625 0.44140625 0.19124999999999998 0.725625
