1 0.471875 0.8055555555555556 0.2025 0.07999999999999999
2 0.42604166666666665 0.8013888888888889 0.0925 0.08166666666666667
2 0.5260416666666666 0.8138888888888889 0.0725 0.06999999999999999
3 0.471875 0.7291666666666666 0.2025 0.2633333333333333
4 0.43020833333333336 0.725 0.1025 0.2955555555555555
4 0.5260416666666666 0.7513888888888889 0.0725 0.24499999999999997
5 0.48854166666666665 0.6597222222222222 0.2425 0.42999999999999994
0 0.48854166666666665 0.5611111111111111 0.2425 0.6666666666666666
1 0.3302083333333333 0.5791666666666667 0.06749999999999999 0.023333333333333334
2 0.3489583333333333 0.5763888888888888 0.0225 0.019444444444444445
2 0.31145833333333334 0.5805555555555556 0.0225 0.02333333333333333
3 0.3302083333333333 0.5444444444444444 0.06749999999999999 0.10666666666666666
4 0.3489583333333333 0.5430555555555555 0.0225 0.11277777777777777
4 0.31145833333333334 0.5444444444444444 0.0225 0.12444444444444444
5 0.3302083333333333 0.5097222222222222 0.06749999999999999 0.18999999999999997
0 0.3260416666666667 0.44583333333333336 0.07749999999999999 0.3433333333333333
