1 0.7609375 0.9297423887587822 0.10124999999999999 0.05620608899297424
2 0.77734375 0.9297423887587822 0.061875 0.06557377049180328
2 0.73671875 0.927400468384075 0.043125 0.05901639344262295
3 0.7609375 0.8266978922716628 0.10124999999999999 0.3035128805620609
4 0.77734375 0.8266978922716628 0.061875 0.34660421545667447
4 0.73671875 0.8290398126463701 0.043125 0.33442622950819667
5 0.7609375 0.7283372365339579 0.10124999999999999 0.5395784543325527
0 0.75859375 0.5409836065573771 0.129375 0.9180327868852459
1 0.515625 0.9168618266978923 0.10874999999999999 0.07587822014051522
2 0.5265625 0.9168618266978923 0.08249999999999999 0.06885245901639343
2 0.4875 0.9168618266978923 0.041249999999999995 0.08852459016393442
3 0.515625 0.8231850117096019 0.10874999999999999 0.3007025761124122
4 0.5265625 0.819672131147541 0.08249999999999999 0.34098360655737703
4 0.4875 0.8243559718969555 0.041249999999999995 0.34754098360655733
5 0.5125 0.7060889929742389 0.11624999999999999 0.5817330210772833
0 0.484375 0.531615925058548 0.18375 0.936768149882904
1 0.25703125 0.7505854800936768 0.09562499999999999 0.05901639344262295
2 0.27734375 0.7634660421545667 0.046875 0.03278688524590164
2 0.2328125 0.7365339578454333 0.0375 0.029508196721311476
3 0.25703125 0.6627634660421545 0.09562499999999999 0.26978922716627635
4 0.27734375 0.6662763466042154 0.046875 0.30491803278688523
4 0.2390625 0.6487119437939111 0.052500000000000005 0.27540983606557373
5 0.2640625 0.5644028103044496 0.1125 0.5058548009367682
0 0.2546875 0.43911007025761123 0.18 0.8065573770491803
