1 0.39765625 0.8682008368200836 0.121875 0.07029288702928871
2 0.43984375 0.8776150627615062 0.020624999999999998 0.05564853556485355
2 0.35703125 0.8619246861924686 0.024375 0.06443514644351464
3 0.39765625 0.8190376569037657 0.121875 0.18828451882845187
4 0.43984375 0.8294979079497908 0.020624999999999998 0.1903765690376569
4 0.36328125 0.8127615062761506 0.039375 0.202092050209205
5 0.4046875 0.75418410041841 0.13874999999999998 0.34393305439330546
0 0.44765625 0.6150627615062761 0.268125 0.6778242677824268
1 0.52734375 0.8744769874476988 0.09937499999999999 0.060251046025104595
2 0.5609375 0.8723849372384938 0.01875 0.06443514644351464
2 0.4953125 0.8786610878661087 0.0225 0.058577405857740586
3 0.52734375 0.8305439330543933 0.09937499999999999 0.16569037656903765
4 0.5609375 0.8284518828451883 0.01875 0.18744769874476985
4 0.4953125 0.8368200836820083 0.0225 0.17573221757322174
5 0.52734375 0.7573221757322176 0.09937499999999999 0.3414225941422594
0 0.51484375 0.6443514644351465 0.129375 0.6125523012552302
