1 0.45 0.6520833333333333 0.033749999999999995 0.04
2 0.45546875 0.659375 0.020624999999999998 0.02625
2 0.4421875 0.6489583333333333 0.015 0.03791666666666667
3 0.4515625 0.634375 0.0375 0.0825
4 0.45703125 0.634375 0.024375 0.09624999999999999
4 0.4421875 0.6333333333333333 0.015 0.08166666666666665
5 0.4515625 0.6020833333333333 0.0375 0.16
0 0.4375 0.5614583333333333 0.08625 0.2575
1 0.42109375 0.6604166666666667 0.020624999999999998 0.025
2 0.428125 0.6604166666666667 0.00375 0.029166666666666667
2 0.4171875 0.6625 0.01125 0.02333333333333333
3 0.41875 0.6354166666666666 0.026250000000000002 0.08499999999999999
4 0.42734375 0.6395833333333333 0.005625 0.0875
4 0.41484375 0.6354166666666666 0.016874999999999998 0.09916666666666665
5 0.41875 0.6135416666666667 0.026250000000000002 0.1375
0 0.41640625 0.56875 0.035625000000000004 0.245
