1 0.2578125 0.7760416666666666 0.08625 0.0525
2 0.240625 0.775 0.045 0.058333333333333334
2 0.28515625 0.7760416666666666 0.020624999999999998 0.06125
3 0.2578125 0.709375 0.08625 0.2125
4 0.24296875 0.709375 0.050624999999999996 0.24208333333333332
4 0.28046875 0.709375 0.031875 0.24791666666666665
5 0.2578125 0.6520833333333333 0.08625 0.35
0 0.26953125 0.5291666666666667 0.114375 0.6449999999999999
1 0.52265625 0.7197916666666667 0.091875 0.06749999999999999
2 0.54453125 0.7291666666666666 0.039375 0.0525
2 0.4875 0.7177083333333333 0.0075 0.07291666666666667
3 0.540625 0.646875 0.13499999999999998 0.2425
4 0.5625 0.6552083333333333 0.08249999999999999 0.25958333333333333
4 0.49921875 0.6447916666666667 0.035625000000000004 0.27708333333333335
5 0.56875 0.6395833333333333 0.20249999999999999 0.26
0 0.56875 0.5239583333333333 0.20249999999999999 0.5375
1 0.175 0.7677083333333333 0.033749999999999995 0.0175
2 0.1890625 0.7604166666666666 0.0 0.0
2 0.1609375 0.775 0.0 0.0
3 0.175 0.703125 0.033749999999999995 0.1725
4 0.18515625 0.6958333333333333 0.009375 0.18083333333333332
4 0.1609375 0.703125 0.0 0.20124999999999998
5 0.1703125 0.6479166666666667 0.045 0.305
0 0.1671875 0.54375 0.09 0.5549999999999999
1 0.03984375 0.775 0.0796875 0.035
2 0.0609375 0.771875 0.041249999999999995 0.03208333333333333
2 0.01015625 0.775 0.0203125 0.040833333333333326
3 0.03984375 0.71875 0.0796875 0.16999999999999998
4 0.0609375 0.71875 0.041249999999999995 0.18083333333333332
4 0.01015625 0.71875 0.0203125 0.1983333333333333
5 0.03984375 0.6645833333333333 0.0796875 0.3
0 0.0484375 0.5635416666666667 0.096875 0.5425
