1 0.5484293193717278 0.8046709129511678 0.29214659685863875 0.12738853503184713
2 0.6518324607329843 0.826963906581741 0.04397905759162304 0.08619957537154989
2 0.4463350785340314 0.7823779193205945 0.04712041884816754 0.08619957537154989
3 0.5484293193717278 0.7484076433121019 0.29214659685863875 0.2624203821656051
4 0.6361256544502618 0.7505307855626328 0.08167539267015707 0.300212314225053
4 0.4463350785340314 0.7261146496815286 0.04712041884816754 0.24373673036093418
5 0.5484293193717278 0.6963906581740976 0.29214659685863875 0.3872611464968153
0 0.5327225130890052 0.5467091295116773 0.39895287958115183 0.7464968152866241
1 0.15968586387434555 0.6242038216560509 0.19476439790575914 0.1732484076433121
2 0.09554973821989529 0.6634819532908705 0.040837696335078534 0.09214437367303609
2 0.2198952879581152 0.5679405520169851 0.05026178010471204 0.044585987261146494
3 0.15968586387434555 0.589171974522293 0.19476439790575914 0.2573248407643312
4 0.09554973821989529 0.5976645435244161 0.040837696335078534 0.2764331210191083
4 0.2198952879581152 0.5329087048832272 0.05026178010471204 0.14267515923566876
5 0.15968586387434555 0.5371549893842887 0.19476439790575914 0.3821656050955414
0 0.17408376963350786 0.3991507430997877 0.3172774869109947 0.7133757961783439
