1 0.41796875 0.76875 0.163125 0.06375
2 0.36015625 0.75703125 0.024375 0.041562499999999995
2 0.44375 0.7828125 0.10124999999999999 0.034999999999999996
3 0.4546875 0.73125 0.25125 0.15375
4 0.48046875 0.73125 0.189375 0.179375
5 0.44375 0.73125 0.27749999999999997 0.15375
0 0.44375 0.65234375 0.27749999999999997 0.343125
1 0.19140625 0.709375 0.163125 0.07125000000000001
2 0.1734375 0.69296875 0.12 0.0371875
2 0.20703125 0.71640625 0.125625 0.0634375
3 0.19140625 0.64609375 0.163125 0.22312499999999996
4 0.1734375 0.63046875 0.12 0.21218749999999997
4 0.20703125 0.64609375 0.125625 0.2603125
5 0.19140625 0.565625 0.163125 0.41624999999999995
0 0.20078125 0.42265625 0.18562499999999998 0.759375
