1 0.7359375 0.8541666666666666 0.225 0.04
2 0.6734375 0.8479166666666667 0.075 0.029166666666666667
2 0.79921875 0.859375 0.073125 0.03208333333333333
3 0.7359375 0.771875 0.225 0.2375
4 0.6734375 0.765625 0.075 0.25958333333333333
4 0.79375 0.7895833333333333 0.08625 0.22749999999999998
5 0.7359375 0.6989583333333333 0.225 0.4125
0 0.70546875 0.565625 0.298125 0.7324999999999999
1 0.29921875 0.225 0.024375 0.014999999999999998
2 0.29296875 0.225 0.009375 0.017499999999999998
2 0.30546875 0.225 0.009375 0.011666666666666665
3 0.3 0.203125 0.026250000000000002 0.06749999999999999
4 0.29375 0.20416666666666666 0.01125 0.07583333333333334
4 0.30625 0.20208333333333334 0.01125 0.07583333333333334
5 0.3 0.18125 0.026250000000000002 0.11999999999999998
0 0.30390625 0.15625 0.035625000000000004 0.18
1 0.33828125 0.21875 0.031875 0.02
2 0.3328125 0.22291666666666668 0.01875 0.011666666666666665
2 0.35078125 0.21458333333333332 0.001875 0.011666666666666665
3 0.33828125 0.20208333333333334 0.031875 0.05999999999999999
4 0.3328125 0.20416666666666666 0.01875 0.06416666666666666
4 0.34921875 0.19791666666666666 0.005625 0.058333333333333334
5 0.33828125 0.178125 0.031875 0.1175
0 0.33671875 0.140625 0.035625000000000004 0.2075
