1 0.7283372365339579 0.94921875 0.1180327868852459 0.084375
2 0.6943793911007026 0.94921875 0.03653395784543326 0.09843749999999998
2 0.7611241217798594 0.94765625 0.03934426229508197 0.0896875
3 0.7142857142857143 0.84921875 0.15175644028103044 0.3015625
4 0.680327868852459 0.85078125 0.0702576112412178 0.2984375
4 0.7611241217798594 0.846875 0.03934426229508197 0.30625
5 0.7002341920374707 0.76640625 0.185480093676815 0.4671875
0 0.6814988290398126 0.59140625 0.4046838407494145 0.8171875
1 0.28688524590163933 0.72265625 0.0702576112412178 0.050624999999999996
2 0.3091334894613583 0.7234375 0.01686182669789227 0.056874999999999995
2 0.2646370023419204 0.72109375 0.01686182669789227 0.0546875
3 0.28337236533957844 0.68125 0.07868852459016394 0.15
4 0.3091334894613583 0.68125 0.01686182669789227 0.175
4 0.2611241217798595 0.6796875 0.025292740046838406 0.17062499999999997
5 0.2810304449648712 0.64140625 0.08430913348946135 0.24562499999999998
0 0.27400468384074944 0.58515625 0.17423887587822012 0.380625
