1 0.26953125 0.8477751756440282 0.043125 0.12927400468384073
2 0.2625 0.7962529274004684 0.026250000000000002 0.006557377049180328
2 0.27109375 0.8735362997658079 0.039375 0.07868852459016393
3 0.2984375 0.8009367681498829 0.1125 0.24168618266978922
4 0.2984375 0.7763466042154566 0.1125 0.06229508196721311
4 0.28359375 0.8009367681498829 0.06937499999999999 0.2819672131147541
5 0.2984375 0.7388758782201406 0.1125 0.3906323185011709
0 0.2953125 0.6053864168618267 0.21374999999999997 0.7110070257611241
1 0.0640625 0.6533957845433255 0.06375 0.022482435597189696
2 0.0828125 0.6533957845433255 0.01875 0.02622950819672131
2 0.04375 0.6533957845433255 0.015 0.02622950819672131
3 0.0640625 0.6018735362997658 0.06375 0.14613583138173303
4 0.0828125 0.6053864168618267 0.01875 0.160655737704918
4 0.04765625 0.6018735362997658 0.024375 0.17049180327868851
5 0.0640625 0.5620608899297423 0.06375 0.24168618266978922
0 0.0734375 0.47540983606557374 0.09375 0.4496487119437939
1 0.4046875 0.8489461358313818 0.29625 0.29508196721311475
2 0.49375 0.9601873536299765 0.08249999999999999 0.03278688524590164
2 0.3015625 0.7693208430913349 0.04875 0.12131147540983606
3 0.4046875 0.8278688524590164 0.29625 0.3442622950819672
4 0.49375 0.8489461358313818 0.08249999999999999 0.30210772833723654
4 0.3703125 0.7482435597189696 0.21374999999999997 0.18032786885245902
5 0.4046875 0.7646370023419203 0.29625 0.4707259953161593
0 0.4234375 0.6053864168618267 0.34125 0.7892271662763466
1 0.97109375 0.5234192037470726 0.020624999999999998 0.025292740046838406
2 0.9796875 0.5257611241217799 0.0 0.009836065573770491
2 0.9671875 0.5234192037470726 0.01125 0.029508196721311476
3 0.9671875 0.5 0.033749999999999995 0.08149882903981263
4 0.98046875 0.509367681498829 0.001875 0.05573770491803278
4 0.9625 0.5 0.0225 0.09508196721311474
5 0.9671875 0.477751756440281 0.033749999999999995 0.13489461358313817
0 0.9703125 0.43208430913348944 0.041249999999999995 0.24449648711943792
1 0.70859375 0.563231850117096 0.061875 0.008430913348946136
2 0.6890625 0.563231850117096 0.015 0.009836065573770491
2 0.728125 0.5620608899297423 0.015 0.006557377049180328
3 0.70859375 0.5210772833723654 0.061875 0.10960187353629976
4 0.69375 0.5245901639344263 0.026250000000000002 0.1180327868852459
4 0.72265625 0.5199063231850117 0.028125 0.12459016393442622
5 0.70859375 0.4894613583138173 0.061875 0.185480093676815
0 0.71328125 0.42857142857142855 0.09562499999999999 0.331615925058548
