1 0.51171875 0.8817330210772834 0.065625 0.053395784543325525
2 0.4921875 0.8735362997658079 0.01875 0.039344262295081964
2 0.53125 0.8957845433255269 0.01875 0.022950819672131147
3 0.51171875 0.8243559718969555 0.065625 0.1911007025761124
4 0.4921875 0.8161592505854801 0.01875 0.19999999999999998
4 0.53125 0.832552693208431 0.01875 0.19999999999999998
5 0.5125 0.7728337236533958 0.06749999999999999 0.31475409836065577
0 0.51796875 0.6978922716627635 0.14437499999999998 0.4946135831381733
1 0.73671875 0.8887587822014051 0.031875 0.0702576112412178
2 0.73671875 0.905152224824356 0.031875 0.0360655737704918
2 0.73359375 0.8618266978922716 0.020624999999999998 0.006557377049180328
3 0.73125 0.8348946135831382 0.045 0.19953161592505855
4 0.73125 0.8430913348946136 0.045 0.2098360655737705
4 0.73515625 0.8079625292740047 0.024375 0.15737704918032785
5 0.73828125 0.7833723653395784 0.061875 0.3231850117096019
0 0.73984375 0.7072599531615925 0.103125 0.5058548009367682
