1 0.51015625 0.8322916666666667 0.189375 0.07749999999999999
2 0.55859375 0.85 0.073125 0.040833333333333326
2 0.46484375 0.8125 0.080625 0.034999999999999996
3 0.51015625 0.7541666666666667 0.189375 0.26499999999999996
4 0.55859375 0.7708333333333334 0.073125 0.26249999999999996
4 0.46484375 0.734375 0.080625 0.25375
5 0.51015625 0.7083333333333334 0.189375 0.375
0 0.51015625 0.5875 0.189375 0.6649999999999999
1 0.4203125 0.475 0.06375 0.029999999999999995
2 0.43984375 0.47291666666666665 0.016874999999999998 0.029166666666666667
2 0.40078125 0.478125 0.016874999999999998 0.02625
3 0.4203125 0.44166666666666665 0.06375 0.11
4 0.43984375 0.4395833333333333 0.016874999999999998 0.1225
4 0.40078125 0.4427083333333333 0.016874999999999998 0.12541666666666665
5 0.4203125 0.4010416666666667 0.06375 0.2075
0 0.41796875 0.321875 0.121875 0.39749999999999996
