1 0.31640625 0.8819444444444444 0.129375 0.16333333333333333
2 0.28984375 0.9319444444444445 0.065625 0.050555555555555555
2 0.359375 0.8375 0.026250000000000002 0.0661111111111111
3 0.31640625 0.8263888888888888 0.129375 0.29666666666666663
4 0.28984375 0.8444444444444444 0.065625 0.2955555555555555
4 0.3375 0.7819444444444444 0.07875 0.22166666666666665
5 0.31640625 0.7388888888888889 0.129375 0.5066666666666667
0 0.28359375 0.5638888888888889 0.20812499999999998 0.8722222222222222
1 0.1125 0.8875 0.14625 0.09666666666666666
2 0.15703125 0.8625 0.039375 0.042777777777777776
2 0.075 0.9111111111111111 0.05625 0.04666666666666666
3 0.1125 0.8375 0.14625 0.21666666666666667
4 0.15703125 0.8138888888888889 0.039375 0.17888888888888888
4 0.075 0.8375 0.05625 0.25277777777777777
5 0.1125 0.7569444444444444 0.14625 0.41
0 0.13046875 0.5902777777777778 0.189375 0.8099999999999999
