1 0.3125 0.6430555555555556 0.10874999999999999 0.07666666666666666
2 0.28515625 0.6541666666666667 0.043125 0.058333333333333334
2 0.346875 0.6333333333333333 0.026250000000000002 0.06222222222222222
3 0.30546875 0.6125 0.125625 0.15
4 0.278125 0.6263888888888889 0.06 0.1361111111111111
4 0.328125 0.6027777777777777 0.07125000000000001 0.14777777777777776
5 0.2921875 0.5972222222222222 0.1575 0.18666666666666668
0 0.26015625 0.5097222222222222 0.234375 0.3966666666666666
1 0.55 0.19305555555555556 0.1125 0.15
2 0.5890625 0.15416666666666667 0.01875 0.0661111111111111
2 0.51328125 0.2222222222222222 0.024375 0.09333333333333332
3 0.53046875 0.16111111111111112 0.159375 0.22666666666666666
4 0.55703125 0.12222222222222222 0.09562499999999999 0.15555555555555556
4 0.49375 0.17777777777777778 0.07125000000000001 0.21777777777777776
0 0.4734375 0.15138888888888888 0.29625 0.25
