1 0.18046875 0.9320843091334895 0.073125 0.04496487119437939
2 0.2015625 0.9332552693208431 0.0225 0.04262295081967213
2 0.16171875 0.9320843091334895 0.028125 0.05245901639344262
3 0.18671875 0.832552693208431 0.088125 0.28384074941451987
4 0.2078125 0.8372365339578455 0.0375 0.3114754098360656
4 0.16171875 0.832552693208431 0.028125 0.3311475409836065
5 0.18671875 0.7435597189695551 0.088125 0.497423887587822
0 0.21484375 0.5597189695550351 0.15562499999999999 0.8805620608899297
1 0.69375 0.9355971896955504 0.08625 0.06463700234192037
2 0.7015625 0.9426229508196722 0.03 0.04918032786885246
2 0.69375 0.9355971896955504 0.08625 0.07540983606557376
3 0.69140625 0.8302107728337237 0.091875 0.31756440281030446
4 0.7015625 0.8442622950819673 0.03 0.3114754098360656
4 0.69140625 0.8302107728337237 0.091875 0.3395784543325527
5 0.69140625 0.7400468384074942 0.091875 0.5199063231850117
0 0.67421875 0.572599531615925 0.133125 0.8548009367681498
