1 0.29921875 0.73125 0.073125 0.065
2 0.27734375 0.7114583333333333 0.020624999999999998 0.020416666666666663
2 0.3109375 0.7416666666666667 0.045 0.04666666666666666
3 0.328125 0.6979166666666666 0.14250000000000002 0.145
4 0.30234375 0.678125 0.080625 0.11374999999999999
4 0.33984375 0.7166666666666667 0.114375 0.11666666666666667
5 0.328125 0.6979166666666666 0.14250000000000002 0.145
0 0.328125 0.634375 0.14250000000000002 0.2975
1 0.515625 0.596875 0.21374999999999997 0.0875
2 0.59140625 0.5729166666666666 0.031875 0.034999999999999996
2 0.44375 0.6229166666666667 0.041249999999999995 0.029166666666666667
3 0.515625 0.5666666666666667 0.21374999999999997 0.16
4 0.59140625 0.5427083333333333 0.031875 0.11958333333333333
4 0.46328125 0.5729166666666666 0.088125 0.16916666666666663
5 0.515625 0.525 0.21374999999999997 0.26
0 0.515625 0.440625 0.21374999999999997 0.4625
1 0.16796875 0.740625 0.110625 0.1075
2 0.12578125 0.6989583333333333 0.009375 0.008749999999999999
2 0.190625 0.7822916666666667 0.05625 0.008749999999999999
3 0.16796875 0.7052083333333333 0.110625 0.19249999999999998
4 0.13046875 0.6635416666666667 0.020624999999999998 0.10791666666666666
4 0.190625 0.7302083333333333 0.05625 0.15458333333333332
5 0.159375 0.6739583333333333 0.13125 0.2675
0 0.1625 0.6145833333333334 0.13874999999999998 0.41
