1 0.5831381733021077 0.64609375 0.08430913348946135 0.046875
2 0.5585480093676815 0.6515625 0.025292740046838406 0.026249999999999996
2 0.6018735362997658 0.64609375 0.03934426229508197 0.0546875
3 0.5831381733021077 0.61328125 0.08430913348946135 0.125625
4 0.5585480093676815 0.61484375 0.025292740046838406 0.1290625
4 0.6018735362997658 0.61328125 0.03934426229508197 0.14656249999999998
5 0.5831381733021077 0.58359375 0.08430913348946135 0.196875
0 0.585480093676815 0.509375 0.24168618266978922 0.375
1 0.42505854800936765 0.56171875 0.09836065573770492 0.076875
2 0.40046838407494145 0.5484375 0.03934426229508197 0.05249999999999999
2 0.446135831381733 0.5859375 0.0477751756440281 0.021875
3 0.42857142857142855 0.5390625 0.10679156908665105 0.13125
4 0.42857142857142855 0.52578125 0.10679156908665105 0.11593749999999999
4 0.446135831381733 0.54609375 0.0477751756440281 0.1334375
5 0.42857142857142855 0.50625 0.10679156908665105 0.21000000000000002
0 0.4379391100702576 0.4390625 0.20234192037470725 0.37124999999999997
