1 0.42065868263473055 0.494 0.16167664670658682 0.2112
2 0.4745508982035928 0.559 0.03233532934131736 0.06439999999999999
2 0.38173652694610777 0.416 0.06826347305389222 0.028
3 0.4431137724550898 0.433 0.2155688622754491 0.3576
4 0.49700598802395207 0.517 0.08622754491017963 0.182
4 0.38173652694610777 0.355 0.06826347305389222 0.19879999999999998
5 0.47005988023952094 0.433 0.2802395209580838 0.3576
0 0.5748502994011976 0.362 0.5317365269461077 0.528
1 0.17065868263473055 0.519 0.06467065868263472 0.0264
2 0.15419161676646706 0.517 0.025149700598802397 0.0252
2 0.1751497005988024 0.526 0.05389221556886228 0.0112
3 0.17065868263473055 0.508 0.06467065868263472 0.0528
4 0.15419161676646706 0.506 0.025149700598802397 0.056
4 0.1751497005988024 0.509 0.05389221556886228 0.0588
5 0.17065868263473055 0.488 0.06467065868263472 0.1008
0 0.1781437125748503 0.456 0.08263473053892215 0.1776
