1 0.27890625 0.7864583333333334 0.15562499999999999 0.1475
2 0.23984375 0.74375 0.061875 0.0525
2 0.3203125 0.8375 0.05625 0.029166666666666667
3 0.27890625 0.7239583333333334 0.15562499999999999 0.2975
4 0.2765625 0.68125 0.15 0.22749999999999998
4 0.3203125 0.7364583333333333 0.05625 0.3120833333333333
5 0.31796875 0.7239583333333334 0.24937499999999999 0.2975
0 0.31796875 0.6125 0.24937499999999999 0.565
1 0.1953125 0.80625 0.10500000000000001 0.045
2 0.228125 0.8104166666666667 0.026250000000000002 0.040833333333333326
2 0.1765625 0.803125 0.06 0.04375
3 0.1953125 0.7385416666666667 0.10500000000000001 0.2075
4 0.228125 0.7385416666666667 0.026250000000000002 0.24208333333333332
4 0.1765625 0.7385416666666667 0.06 0.22458333333333333
5 0.20078125 0.703125 0.118125 0.29250000000000004
0 0.20703125 0.6229166666666667 0.133125 0.485
1 0.70859375 0.8614583333333333 0.18562499999999998 0.0525
2 0.76796875 0.8625 0.043125 0.058333333333333334
2 0.6609375 0.8572916666666667 0.07125000000000001 0.049583333333333326
3 0.70859375 0.759375 0.18562499999999998 0.2975
4 0.76796875 0.7614583333333333 0.043125 0.34124999999999994
4 0.6609375 0.7552083333333334 0.07125000000000001 0.33541666666666664
5 0.71796875 0.7520833333333333 0.20812499999999998 0.315
0 0.72421875 0.6354166666666666 0.22312499999999996 0.595
1 0.534375 0.8291666666666667 0.19874999999999998 0.055
2 0.5984375 0.8302083333333333 0.045 0.06125
2 0.478125 0.8270833333333333 0.06375 0.058333333333333334
3 0.540625 0.7354166666666667 0.21374999999999997 0.28
4 0.6046875 0.74375 0.06 0.30333333333333334
4 0.478125 0.7333333333333333 0.06375 0.32083333333333336
5 0.540625 0.7270833333333333 0.21374999999999997 0.3
0 0.5421875 0.6447916666666667 0.21749999999999997 0.49749999999999994
