1 0.30546875 0.7060889929742389 0.136875 0.04215456674473068
2 0.35 0.7142857142857143 0.03 0.02622950819672131
2 0.2546875 0.7049180327868853 0.015 0.04590163934426229
3 0.30546875 0.6697892271662763 0.136875 0.12927400468384073
4 0.35 0.6697892271662763 0.03 0.15081967213114753
4 0.26875 0.6779859484777517 0.04875 0.12131147540983606
5 0.30546875 0.6440281030444965 0.136875 0.1911007025761124
0 0.31015625 0.5608899297423887 0.148125 0.3906323185011709
1 0.63359375 0.6510538641686182 0.050624999999999996 0.03934426229508197
2 0.6171875 0.6498829039812647 0.01125 0.04262295081967213
2 0.64921875 0.65807962529274 0.013125000000000001 0.02622950819672131
3 0.634375 0.6252927400468384 0.052500000000000005 0.10117096018735362
4 0.6265625 0.6241217798594848 0.033749999999999995 0.11475409836065574
4 0.65 0.6252927400468384 0.015 0.1180327868852459
5 0.63515625 0.6030444964871194 0.05437499999999999 0.15456674473067916
0 0.64921875 0.5468384074941453 0.088125 0.2894613583138173
1 0.215625 0.572599531615925 0.033749999999999995 0.01405152224824356
2 0.22734375 0.5749414519906323 0.005625 0.009836065573770491
2 0.2046875 0.5702576112412178 0.0075 0.009836065573770491
3 0.215625 0.5585480093676815 0.033749999999999995 0.0477751756440281
4 0.2265625 0.5585480093676815 0.0075 0.05573770491803278
4 0.2046875 0.5585480093676815 0.0075 0.04262295081967213
5 0.215625 0.5421545667447307 0.033749999999999995 0.08711943793911006
0 0.2140625 0.5035128805620609 0.0375 0.17985948477751756
1 0.1671875 0.5866510538641686 0.01875 0.01405152224824356
2 0.171875 0.5866510538641686 0.0075 0.01639344262295082
2 0.16015625 0.5866510538641686 0.001875 0.003278688524590164
3 0.16796875 0.5714285714285714 0.020624999999999998 0.05058548009367681
4 0.17265625 0.5714285714285714 0.009375 0.05901639344262295
4 0.16015625 0.5702576112412178 0.001875 0.04918032786885246
5 0.1671875 0.5515222482435597 0.0225 0.09836065573770492
0 0.16640625 0.5117096018735363 0.039375 0.1939110070257611
1 0.54140625 0.6978922716627635 0.043125 0.1180327868852459
2 0.52578125 0.6662763466042154 0.005625 0.04918032786885246
2 0.55546875 0.7400468384074942 0.009375 0.019672131147540982
3 0.54140625 0.6978922716627635 0.043125 0.1180327868852459
4 0.54140625 0.6662763466042154 0.043125 0.04918032786885246
4 0.55546875 0.7014051522248244 0.009375 0.12786885245901639
5 0.55078125 0.6709601873536299 0.065625 0.18266978922716628
0 0.55625 0.607728337236534 0.10500000000000001 0.33442622950819667
1 0.01796875 0.594847775175644 0.024375 0.12365339578454332
2 0.02265625 0.6405152224824356 0.013125000000000001 0.01639344262295082
2 0.0125 0.5480093676814989 0.01125 0.013114754098360656
3 0.02265625 0.594847775175644 0.035625000000000004 0.12365339578454332
4 0.02734375 0.6147540983606558 0.024375 0.08852459016393442
4 0.0125 0.5597189695550351 0.01125 0.04590163934426229
5 0.025 0.5843091334894613 0.041249999999999995 0.14894613583138172
0 0.03515625 0.5386416861826698 0.065625 0.25854800936768146
