1 0.33359375 0.6677083333333333 0.076875 0.0325
2 0.34453125 0.6760416666666667 0.050624999999999996 0.014583333333333334
2 0.3203125 0.6666666666666666 0.045 0.034999999999999996
3 0.35625 0.6583333333333333 0.13125 0.055
4 0.3671875 0.6583333333333333 0.10500000000000001 0.06416666666666666
4 0.35234375 0.6625 0.121875 0.04666666666666666
5 0.38671875 0.6583333333333333 0.20437499999999997 0.055
0 0.42578125 0.6458333333333334 0.298125 0.08499999999999999
1 0.75625 0.6291666666666667 0.052500000000000005 0.05
2 0.76875 0.6229166666666667 0.0225 0.040833333333333326
2 0.74921875 0.6333333333333333 0.035625000000000004 0.04666666666666666
3 0.75703125 0.584375 0.05437499999999999 0.1575
4 0.76953125 0.5822916666666667 0.024375 0.15458333333333332
4 0.74921875 0.584375 0.035625000000000004 0.18374999999999997
5 0.7578125 0.534375 0.05625 0.27749999999999997
0 0.740625 0.45 0.28874999999999995 0.4799999999999999
