1 0.671875 0.9179775280898876 0.32625 0.08359550561797752
2 0.77109375 0.9101123595505618 0.088125 0.07550561797752808
2 0.56015625 0.9202247191011236 0.058124999999999996 0.09123595505617976
3 0.671875 0.8235955056179776 0.32625 0.3101123595505618
4 0.77109375 0.8157303370786517 0.088125 0.3397752808988764
4 0.57734375 0.8325842696629213 0.09937499999999999 0.3348314606741573
5 0.671875 0.744943820224719 0.32625 0.49887640449438203
0 0.671875 0.5584269662921348 0.32625 0.8831460674157303
1 0.16015625 0.750561797752809 0.073125 0.05393258426966292
2 0.1578125 0.7528089887640449 0.06749999999999999 0.01887640449438202
2 0.1625 0.750561797752809 0.06749999999999999 0.06292134831460675
3 0.15625 0.6786516853932584 0.08249999999999999 0.22651685393258425
4 0.1578125 0.6719101123595506 0.06749999999999999 0.24539325842696627
4 0.15625 0.6808988764044944 0.08249999999999999 0.2579775280898876
5 0.15625 0.597752808988764 0.08249999999999999 0.42067415730337077
0 0.1640625 0.46629213483146065 0.10124999999999999 0.7361797752808988
