1 0.54453125 0.972568578553616 0.125625 0.05386533665835411
2 0.58125 0.9763092269326683 0.0375 0.04738154613466334
2 0.51484375 0.9663341645885287 0.05437499999999999 0.04538653366583541
3 0.54453125 0.8690773067331671 0.125625 0.26184538653366585
4 0.58125 0.871571072319202 0.0375 0.256857855361596
4 0.51484375 0.8628428927680798 0.05437499999999999 0.2743142144638404
5 0.54453125 0.7655860349127181 0.125625 0.4688279301745636
0 0.54296875 0.5810473815461347 0.234375 0.8379052369077307
1 0.3546875 0.9526184538653366 0.10500000000000001 0.09476309226932668
2 0.37578125 0.9376558603491272 0.05437499999999999 0.07680798004987531
2 0.33125 0.9551122194513716 0.04875 0.08977556109725686
3 0.3546875 0.8628428927680798 0.10500000000000001 0.2743142144638404
4 0.37578125 0.8478802992518704 0.05437499999999999 0.30423940149625933
4 0.33125 0.8653366583541147 0.04875 0.26932668329177056
5 0.3546875 0.743142144638404 0.10500000000000001 0.513715710723192
0 0.3703125 0.5760598503740648 0.14250000000000002 0.8478802992518704
