1 0.802 0.7754010695187166 0.2016 0.07058823529411765
2 0.863 0.7994652406417112 0.0552 0.014973262032085561
2 0.724 0.7727272727272727 0.014399999999999998 0.0748663101604278
3 0.811 0.7393048128342246 0.22319999999999998 0.15721925133689837
4 0.872 0.7406417112299465 0.0768 0.17967914438502672
4 0.769 0.7366310160427807 0.1224 0.17593582887700535
5 0.811 0.6818181818181818 0.22319999999999998 0.29518716577540105
0 0.834 0.6002673796791443 0.2784 0.4909090909090909
1 0.459 0.9037433155080213 0.3096 0.07058823529411765
2 0.557 0.9077540106951871 0.0744 0.07112299465240642
2 0.34 0.9024064171122995 0.024 0.07860962566844919
3 0.459 0.8262032085561497 0.3096 0.25668449197860965
4 0.557 0.8262032085561497 0.0744 0.2994652406417112
4 0.371 0.8275401069518716 0.09839999999999999 0.28823529411764703
5 0.459 0.7473262032085561 0.3096 0.44598930481283416
0 0.459 0.6096256684491979 0.3096 0.776470588235294
