1 0.39344262295081966 0.934375 0.15175644028103044 0.08625
2 0.4379391100702576 0.93984375 0.04496487119437939 0.08531249999999999
2 0.34192037470725994 0.9203125 0.02810304449648712 0.06124999999999999
3 0.3864168618266979 0.88671875 0.1686182669789227 0.200625
4 0.4379391100702576 0.88671875 0.04496487119437939 0.2265625
4 0.33489461358313816 0.8765625 0.04496487119437939 0.18375
5 0.38173302107728335 0.81953125 0.17985948477751756 0.3609375
0 0.3559718969555035 0.7 0.24168618266978922 0.6
1 0.5784543325526932 0.91328125 0.10117096018735362 0.140625
2 0.6206088992974239 0.8546875 0.0 0.0
2 0.5480093676814989 0.94609375 0.02810304449648712 0.07218749999999999
3 0.5679156908665105 0.8578125 0.12646370023419204 0.27375
4 0.6159250585480094 0.79921875 0.011241217798594848 0.1553125
4 0.5374707259953162 0.86796875 0.053395784543325525 0.2640625
5 0.5585480093676815 0.80546875 0.14894613583138172 0.3890625
0 0.5386416861826698 0.69921875 0.19672131147540983 0.6015625
