1 0.35078125 0.6510538641686182 0.05437499999999999 0.04496487119437939
2 0.36796875 0.6498829039812647 0.013125000000000001 0.04918032786885246
2 0.334375 0.6510538641686182 0.015 0.05245901639344262
3 0.35078125 0.6182669789227166 0.05437499999999999 0.12365339578454332
4 0.36796875 0.6206088992974239 0.013125000000000001 0.13114754098360656
4 0.334375 0.6182669789227166 0.015 0.1442622950819672
5 0.35078125 0.5843091334894613 0.05437499999999999 0.20515222482435597
0 0.346875 0.5210772833723654 0.1125 0.35690866510538644
1 0.43984375 0.6217798594847775 0.035625000000000004 0.019672131147540985
2 0.4515625 0.6217798594847775 0.0075 0.022950819672131147
2 0.4296875 0.6252927400468384 0.01125 0.013114754098360656
3 0.43984375 0.594847775175644 0.035625000000000004 0.08430913348946135
4 0.4515625 0.594847775175644 0.0075 0.09836065573770492
4 0.4296875 0.5960187353629977 0.01125 0.09508196721311474
5 0.440625 0.563231850117096 0.0375 0.16018735362997655
0 0.44296875 0.5046838407494145 0.058124999999999996 0.3007025761124122
1 0.55234375 0.6229508196721312 0.031875 0.01686182669789227
2 0.5625 0.6241217798594848 0.0075 0.01639344262295082
2 0.54296875 0.6217798594847775 0.009375 0.01639344262295082
3 0.55234375 0.5913348946135831 0.031875 0.0927400468384075
4 0.5625 0.5913348946135831 0.0075 0.1081967213114754
4 0.54296875 0.5901639344262295 0.009375 0.10491803278688525
5 0.55234375 0.5526932084309133 0.031875 0.185480093676815
0 0.54140625 0.4882903981264637 0.061875 0.3400468384074941
1 0.5984375 0.6194379391100703 0.05625 0.03653395784543326
2 0.61875 0.6159250585480094 0.0075 0.03278688524590164
2 0.58046875 0.6252927400468384 0.013125000000000001 0.02622950819672131
3 0.5984375 0.5913348946135831 0.05625 0.10398126463700234
4 0.61875 0.5878220140515222 0.0075 0.11147540983606556
4 0.58046875 0.5913348946135831 0.013125000000000001 0.12131147540983606
5 0.5984375 0.5608899297423887 0.05625 0.17704918032786884
0 0.59453125 0.5058548009367682 0.114375 0.3091334894613583
1 0.4953125 0.607728337236534 0.033749999999999995 0.03091334894613583
2 0.50625 0.607728337236534 0.0075 0.0360655737704918
2 0.48671875 0.607728337236534 0.013125000000000001 0.0360655737704918
3 0.4953125 0.5807962529274004 0.033749999999999995 0.0955503512880562
4 0.50625 0.5807962529274004 0.0075 0.11147540983606556
4 0.48671875 0.5807962529274004 0.013125000000000001 0.11147540983606556
5 0.4953125 0.5468384074941453 0.033749999999999995 0.17704918032786884
0 0.4953125 0.5 0.052500000000000005 0.2894613583138173
