1 0.68671875 0.8309859154929577 0.09562499999999999 0.09014084507042253
2 0.66640625 0.8169014084507042 0.046875 0.06572769953051644
2 0.71015625 0.8615023474178404 0.039375 0.019718309859154928
3 0.68203125 0.8004694835680751 0.10687499999999998 0.16338028169014082
4 0.66171875 0.7863849765258216 0.058124999999999996 0.15117370892018778
4 0.70703125 0.823943661971831 0.046875 0.12488262910798122
5 0.68203125 0.7711267605633803 0.10687499999999998 0.23380281690140844
0 0.68203125 0.6678403755868545 0.10687499999999998 0.4816901408450704
1 0.4296875 0.6960093896713615 0.14250000000000002 0.2507042253521127
2 0.39140625 0.778169014084507 0.050624999999999996 0.06244131455399061
2 0.48125 0.6244131455399061 0.01875 0.092018779342723
3 0.4296875 0.6960093896713615 0.14250000000000002 0.2507042253521127
4 0.39453125 0.7124413145539906 0.058124999999999996 0.24647887323943662
4 0.4421875 0.6244131455399061 0.1125 0.092018779342723
5 0.4296875 0.6631455399061033 0.14250000000000002 0.3295774647887324
0 0.4296875 0.5704225352112676 0.14250000000000002 0.552112676056338
