1 0.31640625 0.745125348189415 0.15562499999999999 0.11030640668523677
2 0.38125 0.6991643454038997 0.0 0.0
2 0.26328125 0.7743732590529248 0.028125 0.04679665738161559
3 0.31640625 0.6754874651810585 0.15562499999999999 0.27743732590529246
4 0.36640625 0.6295264623955432 0.035625000000000004 0.19498607242339833
4 0.26328125 0.7103064066852368 0.028125 0.22618384401114203
5 0.31640625 0.6239554317548747 0.15562499999999999 0.4011142061281337
0 0.31015625 0.5013927576601671 0.170625 0.6952646239554318
1 0.21640625 0.807799442896936 0.05437499999999999 0.0467966573816156
2 0.225 0.8008356545961003 0.033749999999999995 0.0350974930362117
2 0.203125 0.8133704735376045 0.0225 0.03899721448467967
3 0.21640625 0.7409470752089137 0.05437499999999999 0.20724233983286905
4 0.225 0.733983286908078 0.033749999999999995 0.22228412256267407
4 0.203125 0.7423398328690808 0.0225 0.23788300835654594
5 0.21640625 0.6782729805013927 0.05437499999999999 0.35766016713091925
0 0.20390625 0.5334261838440112 0.084375 0.705292479108635
