1 0.32109375 0.8109375 0.37687499999999996 0.22125
2 0.4578125 0.7578125 0.04875 0.109375
2 0.18046875 0.8546875 0.039375 0.135625
3 0.32109375 0.7546875 0.37687499999999996 0.35625
4 0.4359375 0.7328125 0.10124999999999999 0.179375
4 0.20546875 0.7546875 0.09937499999999999 0.415625
5 0.32109375 0.6640625 0.37687499999999996 0.57375
0 0.32109375 0.528125 0.37687499999999996 0.9
1 0.8078125 0.8140625 0.37875 0.20625
2 0.94140625 0.7640625 0.058124999999999996 0.10062499999999999
2 0.6671875 0.8625 0.041249999999999995 0.10499999999999998
3 0.8078125 0.75625 0.37875 0.345
4 0.921875 0.734375 0.10500000000000001 0.18375
4 0.69375 0.75625 0.10500000000000001 0.40249999999999997
5 0.8078125 0.678125 0.37875 0.5325
0 0.8078125 0.5265625 0.37875 0.89625
