1 0.669 0.8013333333333333 0.0696 0.112
2 0.677 0.8253333333333334 0.0312 0.06346666666666666
2 0.669 0.764 0.0696 0.02613333333333333
3 0.669 0.7266666666666667 0.0696 0.2912
4 0.68 0.7373333333333333 0.0384 0.3098666666666666
4 0.669 0.6893333333333334 0.0696 0.23519999999999996
5 0.68 0.6466666666666666 0.096 0.48319999999999996
0 0.7 0.5173333333333333 0.144 0.7935999999999999
1 0.71 0.8893333333333333 0.1392 0.0736
2 0.691 0.8946666666666667 0.09359999999999999 0.07093333333333333
2 0.767 0.8733333333333333 0.0024 0.04106666666666666
3 0.72 0.7946666666666666 0.16319999999999998 0.3008
4 0.691 0.808 0.09359999999999999 0.3136
4 0.777 0.7786666666666666 0.0264 0.3061333333333333
5 0.735 0.7093333333333334 0.1992 0.5055999999999999
0 0.781 0.556 0.3096 0.8735999999999999
1 0.088 0.8706666666666667 0.0912 0.1504
2 0.084 0.8533333333333334 0.08159999999999999 0.12693333333333331
2 0.11 0.8853333333333333 0.0384 0.1344
3 0.159 0.864 0.26159999999999994 0.1664
4 0.142 0.8466666666666667 0.2208 0.14559999999999998
4 0.181 0.8853333333333333 0.20879999999999999 0.1344
5 0.205 0.8373333333333334 0.372 0.23039999999999997
0 0.281 0.7866666666666666 0.5544 0.352
1 0.319 0.7 0.1512 0.0608
2 0.36 0.684 0.0528 0.02613333333333333
2 0.272 0.7066666666666667 0.0384 0.05226666666666666
3 0.319 0.6386666666666667 0.1512 0.208
4 0.36 0.6226666666666667 0.0528 0.19786666666666664
4 0.272 0.6466666666666666 0.0384 0.22026666666666664
5 0.319 0.5866666666666667 0.1512 0.3328
0 0.311 0.45466666666666666 0.1704 0.6496
