1 0.32890625 0.8650234741784038 0.433125 0.09859154929577464
2 0.1640625 0.863849765258216 0.0375 0.11173708920187791
2 0.4796875 0.8814553990610329 0.07125000000000001 0.06901408450704224
3 0.32890625 0.7875586854460094 0.433125 0.2845070422535211
4 0.18125 0.7992957746478874 0.07875 0.2924882629107981
4 0.478125 0.7875586854460094 0.075 0.3319248826291079
5 0.32890625 0.7241784037558685 0.433125 0.43661971830985913
0 0.33984375 0.5868544600938967 0.459375 0.7661971830985915
1 0.69921875 0.5669014084507042 0.046875 0.01971830985915493
2 0.71328125 0.5645539906103286 0.013125000000000001 0.01643192488262911
2 0.68515625 0.568075117370892 0.013125000000000001 0.019718309859154928
3 0.69921875 0.528169014084507 0.046875 0.11267605633802817
4 0.7125 0.5258215962441315 0.015 0.12488262910798122
4 0.68515625 0.5305164319248826 0.013125000000000001 0.12488262910798122
5 0.69765625 0.4847417840375587 0.050624999999999996 0.21690140845070421
0 0.690625 0.4154929577464789 0.06749999999999999 0.38309859154929576
1 0.7671875 0.5669014084507042 0.08625 0.008450704225352112
2 0.73125 0.5704225352112676 0.0 0.0
2 0.8 0.5645539906103286 0.0075 0.0032863849765258214
3 0.7671875 0.5211267605633803 0.08625 0.11830985915492957
4 0.7328125 0.5234741784037559 0.00375 0.13145539906103287
4 0.78984375 0.5187793427230047 0.031875 0.13145539906103287
5 0.7671875 0.47769953051643194 0.08625 0.22253521126760561
0 0.73203125 0.4413145539906103 0.170625 0.30985915492957744
1 0.39140625 0.8321596244131455 0.403125 0.15492957746478872
2 0.534375 0.8626760563380281 0.06 0.09530516431924882
2 0.24296875 0.8274647887323944 0.046875 0.16760563380281687
3 0.39140625 0.7746478873239436 0.403125 0.29295774647887324
4 0.534375 0.7746478873239436 0.06 0.3417840375586854
4 0.29609375 0.778169014084507 0.174375 0.3056338028169014
5 0.39140625 0.6737089201877934 0.403125 0.5352112676056338
0 0.39140625 0.5176056338028169 0.403125 0.9098591549295774
1 0.9484375 0.5715962441314554 0.103125 0.01971830985915493
2 0.98203125 0.5727699530516432 0.024375 0.013145539906103286
2 0.91015625 0.5715962441314554 0.013125000000000001 0.02300469483568075
3 0.9484375 0.5316901408450704 0.103125 0.11549295774647886
4 0.97578125 0.5305164319248826 0.039375 0.13145539906103287
4 0.91015625 0.5328638497652582 0.013125000000000001 0.13145539906103287
5 0.9484375 0.4859154929577465 0.103125 0.22535211267605634
0 0.9484375 0.4154929577464789 0.103125 0.39436619718309857
