1 0.6125 0.7147887323943662 0.07125000000000001 0.07605633802816901
2 0.62421875 0.6983568075117371 0.043125 0.04272300469483568
2 0.5984375 0.7206572769953051 0.0375 0.07230046948356807
3 0.6125 0.6443661971830986 0.07125000000000001 0.24507042253521125
4 0.62421875 0.6279342723004695 0.043125 0.23990610328638495
4 0.59921875 0.6678403755868545 0.039375 0.22018779342723005
5 0.61640625 0.5938967136150235 0.080625 0.36619718309859156
0 0.61640625 0.49061032863849763 0.18562499999999998 0.6140845070422535
1 0.74453125 0.5610328638497653 0.065625 0.19718309859154928
2 0.73046875 0.6279342723004695 0.031875 0.04272300469483568
2 0.7546875 0.49413145539906106 0.041249999999999995 0.04272300469483568
3 0.74453125 0.534037558685446 0.065625 0.2619718309859155
4 0.73125 0.5704225352112676 0.033749999999999995 0.20375586854460093
4 0.7546875 0.4671361502347418 0.041249999999999995 0.11830985915492957
5 0.765625 0.534037558685446 0.11624999999999999 0.2619718309859155
0 0.81171875 0.49765258215962443 0.226875 0.3492957746478873
