1 0.325 0.83671875 0.15 0.166875
2 0.3125 0.8796875 0.11999999999999998 0.074375
2 0.33125 0.77890625 0.13499999999999998 0.0328125
3 0.325 0.77109375 0.15 0.32437499999999997
4 0.3125 0.784375 0.11999999999999998 0.34124999999999994
4 0.33125 0.71328125 0.13499999999999998 0.2165625
5 0.325 0.68515625 0.15 0.5306249999999999
0 0.26979166666666665 0.55390625 0.32249999999999995 0.8456249999999998
1 0.5739583333333333 0.69375 0.1425 0.08625
2 0.6010416666666667 0.6671875 0.07749999999999999 0.026249999999999996
2 0.565625 0.709375 0.1225 0.056874999999999995
3 0.5739583333333333 0.6578125 0.1425 0.1725
4 0.565625 0.6578125 0.1225 0.20124999999999998
5 0.5739583333333333 0.5796875 0.1425 0.36
0 0.5864583333333333 0.44609375 0.1725 0.6806249999999999
