1 0.40520833333333334 0.89453125 0.09749999999999999 0.028125
2 0.378125 0.8875 0.0325 0.013124999999999998
2 0.4322916666666667 0.903125 0.0325 0.008749999999999999
3 0.41354166666666664 0.88671875 0.1175 0.046875
4 0.38645833333333335 0.8796875 0.0525 0.034999999999999996
4 0.440625 0.8890625 0.0525 0.048124999999999994
5 0.41354166666666664 0.8734375 0.1175 0.07875
0 0.43333333333333335 0.85234375 0.165 0.129375
1 0.40520833333333334 0.89609375 0.1025 0.024375
2 0.37604166666666666 0.8890625 0.0325 0.008749999999999999
2 0.43333333333333335 0.90390625 0.035 0.006562499999999999
3 0.415625 0.8875 0.1275 0.045
4 0.3885416666666667 0.88046875 0.0625 0.0328125
4 0.44375 0.88828125 0.05999999999999999 0.050312499999999996
5 0.415625 0.87421875 0.1275 0.076875
0 0.4322916666666667 0.85078125 0.16749999999999998 0.133125
