1 0.2359375 0.8425266903914591 0.10124999999999999 0.06619217081850533
2 0.2140625 0.8425266903914591 0.04875 0.07722419928825623
2 0.2625 0.8274021352313167 0.0375 0.0199288256227758
3 0.2359375 0.7855871886120996 0.10124999999999999 0.20284697508896798
4 0.2140625 0.7855871886120996 0.04875 0.23665480427046262
4 0.2625 0.7740213523131673 0.0375 0.16939501779359428
5 0.2359375 0.7455516014234875 0.10124999999999999 0.298932384341637
0 0.240625 0.6530249110320284 0.1125 0.5209964412811388
1 0.6484375 0.5782918149466192 0.04875 0.01281138790035587
2 0.6640625 0.5765124555160143 0.01125 0.0099644128113879
2 0.63125 0.5809608540925267 0.0075 0.007473309608540924
3 0.6484375 0.5596085409252669 0.04875 0.05765124555160142
4 0.6625 0.5578291814946619 0.015 0.06227758007117438
4 0.63125 0.5604982206405694 0.0075 0.06476868327402135
5 0.6484375 0.5355871886120996 0.04875 0.11530249110320284
0 0.64453125 0.4902135231316726 0.058124999999999996 0.22419928825622776
