1 0.83125 0.8130193905817175 0.1125 0.043213296398891966
2 0.86328125 0.8130193905817175 0.035625000000000004 0.05041551246537396
2 0.8 0.8130193905817175 0.0375 0.05041551246537396
3 0.83125 0.7437673130193906 0.1125 0.20941828254847644
4 0.86328125 0.7451523545706371 0.035625000000000004 0.2404432132963989
4 0.8 0.7437673130193906 0.0375 0.24432132963988917
5 0.83125 0.6717451523545707 0.1125 0.38227146814404434
0 0.8296875 0.5484764542936288 0.12 0.6781163434903047
1 0.92265625 0.8421052631578947 0.091875 0.039889196675900275
2 0.95625 0.8434903047091413 0.01125 0.04265927977839335
2 0.90078125 0.8407202216066482 0.039375 0.04265927977839335
3 0.92265625 0.7728531855955678 0.091875 0.20609418282548475
4 0.9546875 0.7728531855955678 0.015 0.2404432132963989
4 0.90078125 0.7742382271468145 0.039375 0.22880886426592797
5 0.92265625 0.7049861495844876 0.091875 0.3689750692520775
0 0.9234375 0.5761772853185596 0.12375 0.6781163434903047
1 0.08515625 0.8781163434903048 0.103125 0.04653739612188366
2 0.10703125 0.871191135734072 0.050624999999999996 0.03490304709141274
2 0.053125 0.8878116343490304 0.026250000000000002 0.02714681440443213
3 0.08515625 0.7908587257617729 0.103125 0.25595567867036007
4 0.10703125 0.7839335180055401 0.050624999999999996 0.2792243767313019
4 0.053125 0.7950138504155124 0.026250000000000002 0.2869806094182825
5 0.08515625 0.7160664819944599 0.103125 0.43545706371191134
0 0.06640625 0.5817174515235457 0.1328125 0.7578947368421052
1 0.584375 0.8337950138504155 0.08249999999999999 0.0332409972299169
2 0.56328125 0.8421052631578947 0.031875 0.015512465373961217
2 0.60390625 0.8310249307479224 0.035625000000000004 0.031024930747922435
3 0.584375 0.7659279778393352 0.08249999999999999 0.19612188365650968
4 0.56484375 0.7659279778393352 0.035625000000000004 0.22880886426592797
4 0.60390625 0.7645429362880887 0.035625000000000004 0.21717451523545703
5 0.584375 0.6911357340720221 0.08249999999999999 0.37562326869806095
0 0.58671875 0.5775623268698061 0.088125 0.6481994459833795
1 0.73359375 0.9002770083102493 0.028125 0.04653739612188366
2 0.7265625 0.9168975069252078 0.01125 0.007756232686980609
2 0.74140625 0.8933518005540166 0.009375 0.03490304709141274
3 0.7234375 0.832409972299169 0.052500000000000005 0.20941828254847644
4 0.7265625 0.8365650969529086 0.01125 0.23268698060941828
4 0.7234375 0.8254847645429363 0.052500000000000005 0.22493074792243764
5 0.721875 0.7423822714681441 0.06375 0.42548476454293627
0 0.7296875 0.5886426592797784 0.1725 0.7944598337950138
