1 0.428 0.8704819277108434 0.033600000000000005 0.007228915662650602
2 0.44 0.8689759036144579 0.0048 0.004216867469879518
2 0.417 0.8704819277108434 0.007199999999999999 0.008433734939759036
3 0.428 0.8463855421686747 0.033600000000000005 0.06506024096385542
4 0.44 0.8463855421686747 0.0048 0.06746987951807229
4 0.417 0.8463855421686747 0.007199999999999999 0.07590361445783132
5 0.428 0.8207831325301205 0.033600000000000005 0.12650602409638553
0 0.428 0.786144578313253 0.048 0.20963855421686745
1 0.363 0.911144578313253 0.0312 0.003614457831325301
2 0.373 0.9126506024096386 0.007199999999999999 0.0
2 0.351 0.9096385542168675 0.0024 0.0
3 0.363 0.8810240963855421 0.0312 0.07590361445783132
4 0.373 0.8810240963855421 0.007199999999999999 0.08855421686746988
4 0.353 0.8795180722891566 0.007199999999999999 0.08433734939759036
5 0.363 0.8418674698795181 0.0312 0.16987951807228915
0 0.367 0.7996987951807228 0.0552 0.2710843373493976
