1 0.32421875 0.8703271028037384 0.084375 0.047663551401869154
2 0.35 0.8796728971962616 0.0225 0.029439252336448597
2 0.2984375 0.8598130841121495 0.0225 0.02616822429906542
3 0.32421875 0.7897196261682243 0.084375 0.2411214953271028
4 0.3421875 0.7897196261682243 0.041249999999999995 0.28130841121495326
4 0.315625 0.780373831775701 0.06375 0.24859813084112148
5 0.33046875 0.727803738317757 0.09937499999999999 0.38971962616822425
0 0.378125 0.5852803738317757 0.24375 0.7317757009345794
1 0.14296875 0.7686915887850467 0.110625 0.016822429906542053
2 0.1078125 0.7698598130841121 0.026250000000000002 0.016355140186915886
2 0.18125 0.7686915887850467 0.01875 0.01962616822429906
3 0.14453125 0.7091121495327103 0.114375 0.1598130841121495
4 0.1171875 0.7114485981308412 0.04875 0.17990654205607476
4 0.1828125 0.7091121495327103 0.0225 0.1864485981308411
5 0.14453125 0.6460280373831776 0.114375 0.311214953271028
0 0.1578125 0.552570093457944 0.14625 0.5355140186915888
