1 0.5296875 0.69375 0.07875 0.035
2 0.54140625 0.7 0.050624999999999996 0.02333333333333333
2 0.5140625 0.6864583333333333 0.041249999999999995 0.020416666666666663
3 0.5296875 0.65 0.07875 0.14
4 0.54140625 0.6541666666666667 0.050624999999999996 0.15166666666666667
4 0.5140625 0.6427083333333333 0.041249999999999995 0.14291666666666666
5 0.5296875 0.6125 0.07875 0.22999999999999998
0 0.5296875 0.5427083333333333 0.07875 0.39749999999999996
1 0.4375 0.715625 0.10124999999999999 0.0475
2 0.41796875 0.7197916666666667 0.05437499999999999 0.04375
2 0.4625 0.7083333333333334 0.041249999999999995 0.034999999999999996
3 0.4375 0.6635416666666667 0.10124999999999999 0.1725
4 0.41796875 0.6677083333333333 0.05437499999999999 0.18958333333333333
4 0.4625 0.65625 0.041249999999999995 0.18083333333333332
5 0.4375 0.6239583333333333 0.10124999999999999 0.2675
0 0.43125 0.5395833333333333 0.1275 0.47
