1 0.178125 0.8861003861003861 0.10874999999999999 0.07413127413127413
2 0.17734375 0.8687258687258688 0.10687499999999998 0.03783783783783783
2 0.1828125 0.8918918918918919 0.0975 0.07027027027027027
3 0.178125 0.7857142857142857 0.10874999999999999 0.31505791505791503
4 0.17734375 0.7847490347490348 0.10687499999999998 0.2729729729729729
4 0.1828125 0.7857142857142857 0.0975 0.36756756756756753
5 0.178125 0.7065637065637066 0.10874999999999999 0.5050193050193049
0 0.18671875 0.5337837837837838 0.159375 0.9196911196911196
1 0.82890625 0.9507722007722008 0.15562499999999999 0.07644787644787646
2 0.85546875 0.9623552123552124 0.091875 0.05675675675675675
2 0.796875 0.9353281853281853 0.07875 0.04594594594594594
3 0.82890625 0.8561776061776062 0.15562499999999999 0.2876447876447876
4 0.85546875 0.861969111969112 0.091875 0.27606177606177607
4 0.796875 0.8407335907335908 0.07875 0.3108108108108108
5 0.82890625 0.7258687258687259 0.15562499999999999 0.5482625482625483
0 0.82890625 0.555984555984556 0.15562499999999999 0.888030888030888
