1 0.02421875 0.70625 0.035625000000000004 0.035
2 0.015625 0.715625 0.015 0.014583333333333334
2 0.03203125 0.703125 0.016874999999999998 0.03208333333333333
3 0.03046875 0.6833333333333333 0.050624999999999996 0.09
4 0.015625 0.6864583333333333 0.015 0.09624999999999999
4 0.03828125 0.6802083333333333 0.031875 0.09624999999999999
5 0.03046875 0.65 0.050624999999999996 0.16999999999999998
0 0.028125 0.6125 0.05625 0.26
1 0.0984375 0.6989583333333333 0.01875 0.042499999999999996
2 0.0921875 0.7104166666666667 0.00375 0.017499999999999998
2 0.09921875 0.6989583333333333 0.016874999999999998 0.049583333333333326
3 0.10546875 0.678125 0.035625000000000004 0.0925
4 0.09453125 0.6822916666666666 0.009375 0.09624999999999999
4 0.10625 0.678125 0.033749999999999995 0.10791666666666666
5 0.10546875 0.653125 0.035625000000000004 0.1525
0 0.09921875 0.6010416666666667 0.061875 0.27749999999999997
