1 0.61875 0.8468468468468469 0.21000000000000002 0.227027027027027
2 0.6859375 0.7927927927927928 0.04875 0.1135135135135135
2 0.55234375 0.9335585585585585 0.050624999999999996 0.02207207207207207
3 0.61875 0.8468468468468469 0.21000000000000002 0.227027027027027
4 0.64609375 0.7927927927927928 0.14437499999999998 0.1135135135135135
4 0.55234375 0.8592342342342343 0.050624999999999996 0.23018018018018016
5 0.61875 0.7804054054054054 0.21000000000000002 0.3864864864864865
0 0.61171875 0.661036036036036 0.226875 0.672972972972973
1 0.36171875 0.918918918918919 0.148125 0.08648648648648648
2 0.31328125 0.920045045045045 0.031875 0.09144144144144142
2 0.41328125 0.918918918918919 0.024375 0.1009009009009009
3 0.359375 0.8592342342342343 0.15375 0.22972972972972974
4 0.3109375 0.8581081081081081 0.0375 0.2648648648648649
4 0.396875 0.8592342342342343 0.06375 0.268018018018018
5 0.359375 0.7713963963963963 0.15375 0.44054054054054054
0 0.34609375 0.661036036036036 0.18562499999999998 0.6779279279279279
1 0.8765625 0.8096846846846847 0.08249999999999999 0.04054054054054054
2 0.88984375 0.8141891891891891 0.050624999999999996 0.034684684684684684
2 0.85546875 0.7995495495495496 0.031875 0.018918918918918916
3 0.8765625 0.7488738738738738 0.08249999999999999 0.18648648648648647
4 0.8890625 0.7691441441441441 0.052500000000000005 0.16081081081081078
4 0.85546875 0.7387387387387387 0.031875 0.1891891891891892
5 0.8765625 0.7094594594594594 0.08249999999999999 0.2810810810810811
0 0.85 0.634009009009009 0.14625 0.46216216216216216
