1 0.3203125 0.78671875 0.21749999999999997 0.129375
2 0.37421875 0.77109375 0.088125 0.10718749999999999
2 0.28046875 0.80234375 0.121875 0.10718749999999999
3 0.3 0.6703125 0.26625 0.40874999999999995
4 0.37421875 0.6546875 0.088125 0.433125
4 0.26015625 0.69921875 0.170625 0.39593749999999994
5 0.28125 0.64453125 0.31124999999999997 0.47062499999999996
0 0.28359375 0.5484375 0.31687499999999996 0.70125
1 0.73671875 0.80078125 0.103125 0.148125
2 0.7140625 0.775 0.04875 0.10062499999999999
2 0.7546875 0.82265625 0.06 0.11156249999999998
3 0.73671875 0.67578125 0.103125 0.448125
4 0.71953125 0.65 0.061875 0.45062499999999994
4 0.746875 0.7421875 0.07875 0.336875
5 0.71015625 0.64765625 0.166875 0.515625
0 0.7515625 0.5421875 0.3525 0.76875
1 0.61953125 0.77109375 0.114375 0.140625
2 0.5953125 0.77578125 0.05625 0.1509375
2 0.64765625 0.7359375 0.046875 0.065625
3 0.56328125 0.6828125 0.24937499999999999 0.3525
4 0.5953125 0.6828125 0.05625 0.41125
4 0.56328125 0.66015625 0.24937499999999999 0.27781249999999996
5 0.55 0.640625 0.28125 0.45375
0 0.53359375 0.5421875 0.320625 0.69
