1 0.58046875 0.9164904862579282 0.076875 0.03298097251585624
2 0.56796875 0.9228329809725159 0.046875 0.020718816067653276
2 0.61171875 0.9101479915433404 0.001875 0.020718816067653276
3 0.58046875 0.861522198731501 0.076875 0.1649048625792812
4 0.56796875 0.861522198731501 0.046875 0.19238900634249473
4 0.6109375 0.8562367864693446 0.00375 0.1716701902748414
5 0.58125 0.8118393234672304 0.07875 0.2841437632135307
0 0.5671875 0.7304439746300211 0.13125 0.4794926004228329
1 0.61875 0.919661733615222 0.03 0.02536997885835095
2 0.61875 0.919661733615222 0.03 0.02959830866807611
2 0.625 0.9090909090909091 0.0 0.0
3 0.61875 0.8699788583509513 0.03 0.1446088794926004
4 0.61875 0.872093023255814 0.03 0.16279069767441862
4 0.6203125 0.8594080338266384 0.01125 0.13911205073995772
5 0.6234375 0.828752642706131 0.041249999999999995 0.2435517970401691
0 0.634375 0.7463002114164905 0.06749999999999999 0.4414376321353065
