1 0.579 0.8524096385542169 0.06 0.028915662650602407
2 0.598 0.8524096385542169 0.014399999999999998 0.033734939759036145
2 0.561 0.8539156626506024 0.016800000000000002 0.02951807228915662
3 0.586 0.8207831325301205 0.0768 0.10481927710843372
4 0.605 0.8207831325301205 0.0312 0.12228915662650601
4 0.561 0.8253012048192772 0.016800000000000002 0.10963855421686747
5 0.586 0.8012048192771084 0.0768 0.15180722891566265
0 0.576 0.7274096385542169 0.1008 0.3289156626506024
1 0.891 0.733433734939759 0.0264 0.003614457831325301
2 0.891 0.733433734939759 0.0264 0.004216867469879518
2 0.902 0.7319277108433735 0.0 0.0
3 0.891 0.697289156626506 0.0264 0.09036144578313253
4 0.891 0.697289156626506 0.0264 0.10542168674698796
4 0.893 0.6957831325301205 0.021599999999999998 0.10120481927710842
5 0.891 0.6716867469879518 0.0264 0.15180722891566265
0 0.887 0.6069277108433735 0.036 0.3072289156626506
