1 0.65859375 0.9447916666666667 0.320625 0.1025
2 0.559375 0.9791666666666666 0.08249999999999999 0.02333333333333333
2 0.7828125 0.940625 0.0225 0.10791666666666666
3 0.65859375 0.9239583333333333 0.320625 0.15208333333333332
4 0.58046875 0.9270833333333334 0.133125 0.14583333333333334
4 0.73046875 0.9197916666666667 0.148125 0.16041666666666668
5 0.65859375 0.8572916666666667 0.320625 0.28541666666666665
0 0.6484375 0.753125 0.345 0.49375
1 0.8953125 0.9145833333333333 0.20249999999999999 0.05
2 0.96796875 0.9166666666666666 0.028125 0.0525
2 0.83671875 0.9135416666666667 0.061875 0.05541666666666666
3 0.8953125 0.85 0.20249999999999999 0.205
4 0.95859375 0.85 0.050624999999999996 0.23916666666666667
4 0.83671875 0.8489583333333334 0.061875 0.23625
5 0.8953125 0.7760416666666666 0.20249999999999999 0.3825
0 0.8953125 0.6708333333333333 0.20249999999999999 0.635
