1 0.60703125 0.8864168618266979 0.298125 0.09836065573770492
2 0.51484375 0.8840749414519906 0.076875 0.1081967213114754
2 0.70625 0.9133489461358314 0.06 0.039344262295081964
3 0.60703125 0.7985948477751756 0.298125 0.3091334894613583
4 0.54609375 0.8629976580796253 0.151875 0.16721311475409834
4 0.69765625 0.7985948477751756 0.080625 0.36065573770491804
5 0.60703125 0.7599531615925058 0.298125 0.4018735362997658
0 0.653125 0.5983606557377049 0.40874999999999995 0.789695550351288
1 0.309375 0.8899297423887588 0.10124999999999999 0.04496487119437939
2 0.30078125 0.8770491803278688 0.080625 0.01639344262295082
2 0.31796875 0.892271662763466 0.080625 0.04590163934426229
3 0.309375 0.7950819672131147 0.10124999999999999 0.27259953161592504
4 0.30859375 0.7845433255269321 0.09937499999999999 0.27540983606557373
4 0.31796875 0.7950819672131147 0.080625 0.3180327868852459
5 0.309375 0.7213114754098361 0.10124999999999999 0.4496487119437939
0 0.31875 0.5843091334894613 0.12375 0.7784543325526931
