1 0.3402777777777778 0.63046875 0.31 0.103125
2 0.2263888888888889 0.6015625 0.03666666666666667 0.039375
2 0.4388888888888889 0.65625 0.07333333333333333 0.048124999999999994
3 0.3402777777777778 0.5734375 0.31 0.24
4 0.23055555555555557 0.54453125 0.04666666666666667 0.19906249999999998
4 0.4388888888888889 0.59453125 0.07333333333333333 0.22093749999999995
5 0.3402777777777778 0.52265625 0.31 0.361875
0 0.30972222222222223 0.415625 0.46333333333333326 0.61875
1 0.5125 0.55546875 0.75 0.271875
2 0.5055555555555555 0.5296875 0.7333333333333333 0.24499999999999997
2 0.6138888888888889 0.55546875 0.5066666666666667 0.3171875
3 0.5125 0.53984375 0.75 0.309375
4 0.5055555555555555 0.5140625 0.7333333333333333 0.28874999999999995
4 0.6138888888888889 0.540625 0.5066666666666667 0.35875
5 0.5152777777777777 0.5203125 0.7566666666666666 0.35625
0 0.5166666666666667 0.49765625 0.7599999999999999 0.410625
1 0.7013888888888888 0.44921875 0.03666666666666667 0.009375
2 0.7138888888888889 0.4484375 0.006666666666666666 0.008749999999999999
2 0.6972222222222222 0.45 0.026666666666666665 0.008749999999999999
3 0.7055555555555556 0.4359375 0.04666666666666667 0.041249999999999995
4 0.7180555555555556 0.43515625 0.016666666666666666 0.0459375
4 0.7 0.43828125 0.03333333333333333 0.041562499999999995
5 0.6930555555555555 0.4359375 0.07666666666666666 0.041249999999999995
0 0.6930555555555555 0.4234375 0.07666666666666666 0.07125000000000001
