1 0.30625 0.703921568627451 0.1875 0.07999999999999999
2 0.3734375 0.703921568627451 0.026250000000000002 0.09333333333333332
2 0.24765625 0.7196078431372549 0.046875 0.038431372549019606
3 0.30625 0.6490196078431373 0.1875 0.21176470588235294
4 0.3515625 0.6803921568627451 0.07875 0.15921568627450977
4 0.25546875 0.6470588235294118 0.065625 0.24156862745098037
5 0.30625 0.5862745098039216 0.1875 0.36235294117647054
0 0.30625 0.44901960784313727 0.1875 0.691764705882353
1 0.68515625 0.907843137254902 0.09562499999999999 0.10823529411764705
2 0.66328125 0.9450980392156862 0.043125 0.021960784313725487
2 0.7203125 0.8647058823529412 0.01125 0.005490196078431372
3 0.67734375 0.8294117647058824 0.114375 0.2964705882352941
4 0.65546875 0.8784313725490196 0.061875 0.20862745098039215
4 0.69375 0.7862745098039216 0.075 0.22509803921568627
5 0.67734375 0.8294117647058824 0.114375 0.2964705882352941
0 0.64609375 0.7666666666666667 0.189375 0.4470588235294118
1 0.87265625 0.8980392156862745 0.230625 0.13176470588235295
2 0.9625 0.9176470588235294 0.015 0.0988235294117647
2 0.7984375 0.8568627450980392 0.052500000000000005 0.038431372549019606
3 0.87265625 0.8196078431372549 0.230625 0.31999999999999995
4 0.93046875 0.9176470588235294 0.091875 0.0988235294117647
4 0.7984375 0.7784313725490196 0.052500000000000005 0.2580392156862745
5 0.87265625 0.8196078431372549 0.230625 0.31999999999999995
0 0.87265625 0.7313725490196078 0.230625 0.5317647058823529
