1 0.414 0.8973333333333333 0.2112 0.0736
2 0.351 0.88 0.06 0.037333333333333336
2 0.488 0.912 0.033600000000000005 0.04479999999999999
3 0.414 0.844 0.2112 0.20159999999999997
4 0.351 0.8266666666666667 0.06 0.18666666666666668
4 0.488 0.8493333333333334 0.033600000000000005 0.22026666666666664
5 0.414 0.796 0.2112 0.31679999999999997
0 0.424 0.676 0.2352 0.6048
1 0.171 0.9146666666666666 0.156 0.05759999999999999
2 0.127 0.9026666666666666 0.0504 0.0336
2 0.207 0.92 0.0696 0.05226666666666666
3 0.171 0.8386666666666667 0.156 0.24
4 0.127 0.8266666666666667 0.0504 0.24639999999999998
4 0.207 0.8453333333333334 0.0696 0.2613333333333333
5 0.171 0.7306666666666667 0.156 0.4992
0 0.181 0.6333333333333333 0.18 0.7328
