1 0.3671875 0.8770491803278688 0.25875 0.0702576112412178
2 0.465625 0.8864168618266979 0.0225 0.05573770491803278
2 0.27421875 0.8688524590163934 0.035625000000000004 0.05901639344262295
3 0.3671875 0.8044496487119438 0.25875 0.24449648711943792
4 0.4609375 0.8067915690866511 0.033749999999999995 0.2786885245901639
4 0.29375 0.7962529274004684 0.08249999999999999 0.26229508196721313
5 0.3671875 0.7224824355971897 0.25875 0.4412177985948478
0 0.3671875 0.607728337236534 0.25875 0.7166276346604216
1 0.8796875 0.6756440281030445 0.11624999999999999 0.019672131147540985
2 0.91796875 0.6779859484777517 0.024375 0.01639344262295082
2 0.83515625 0.6756440281030445 0.009375 0.022950819672131147
3 0.8796875 0.6264637002341921 0.11624999999999999 0.13770491803278687
4 0.91796875 0.6311475409836066 0.024375 0.14754098360655735
4 0.84453125 0.6264637002341921 0.031875 0.160655737704918
5 0.8796875 0.5796252927400468 0.11624999999999999 0.25011709601873533
0 0.8796875 0.5011709601873536 0.11624999999999999 0.43840749414519903
