1 0.27265625 0.7769953051643192 0.148125 0.06197183098591549
2 0.3265625 0.7723004694835681 0.01875 0.059154929577464786
2 0.23125 0.7863849765258216 0.04875 0.0460093896713615
3 0.26015625 0.7171361502347418 0.178125 0.20563380281690138
4 0.29921875 0.7124413145539906 0.084375 0.22676056338028167
4 0.21875 0.7288732394366197 0.07875 0.20704225352112673
5 0.26015625 0.6713615023474179 0.178125 0.3154929577464789
0 0.24296875 0.5786384976525821 0.21937500000000001 0.5380281690140845
1 0.8765625 0.75 0.06749999999999999 0.1267605633802817
2 0.8703125 0.795774647887324 0.052500000000000005 0.019718309859154928
2 0.9 0.7265258215962441 0.01125 0.08215962441314555
3 0.8578125 0.7018779342723005 0.1125 0.24225352112676057
4 0.8703125 0.7018779342723005 0.052500000000000005 0.28262910798122065
4 0.8578125 0.6960093896713615 0.1125 0.16760563380281687
5 0.8578125 0.6525821596244131 0.1125 0.3605633802816901
0 0.83671875 0.5598591549295775 0.163125 0.5830985915492958
