1 0.653125 0.7802083333333333 0.08249999999999999 0.0225
2 0.63359375 0.7791666666666667 0.035625000000000004 0.02333333333333333
2 0.671875 0.7854166666666667 0.0375 0.011666666666666665
3 0.653125 0.7458333333333333 0.08249999999999999 0.105
4 0.64453125 0.7510416666666667 0.061875 0.10208333333333333
4 0.671875 0.7458333333333333 0.0375 0.1225
5 0.653125 0.71875 0.08249999999999999 0.16999999999999998
0 0.66328125 0.66875 0.10687499999999998 0.29
1 0.3890625 0.765625 0.07875 0.0225
2 0.4109375 0.7697916666666667 0.026250000000000002 0.014583333333333334
2 0.36328125 0.7635416666666667 0.016874999999999998 0.020416666666666663
3 0.3890625 0.7364583333333333 0.07875 0.0925
4 0.4109375 0.7364583333333333 0.026250000000000002 0.10791666666666666
4 0.3640625 0.734375 0.01875 0.10208333333333333
5 0.3890625 0.6979166666666666 0.07875 0.185
0 0.409375 0.6364583333333333 0.16875 0.33249999999999996
1 0.06796875 0.6989583333333333 0.031875 0.0225
2 0.07578125 0.6989583333333333 0.013125000000000001 0.02625
2 0.0609375 0.6979166666666666 0.015 0.011666666666666665
3 0.06796875 0.6739583333333333 0.031875 0.0825
4 0.07265625 0.6739583333333333 0.020624999999999998 0.09624999999999999
4 0.06171875 0.6729166666666667 0.016874999999999998 0.08166666666666665
5 0.06796875 0.6489583333333333 0.031875 0.1425
0 0.06171875 0.6 0.046875 0.26
