1 0.7 0.70546875 0.145 0.046875
2 0.7229166666666667 0.71171875 0.09 0.0371875
2 0.6760416666666667 0.69375 0.0875 0.021875
3 0.7 0.65 0.145 0.18
4 0.7229166666666667 0.65078125 0.09 0.2078125
4 0.6760416666666667 0.63828125 0.0875 0.1771875
5 0.7 0.6046875 0.145 0.28874999999999995
0 0.684375 0.509375 0.1825 0.5175
1 0.15625 0.63515625 0.16999999999999998 0.013125000000000001
2 0.2 0.63359375 0.065 0.0109375
2 0.09791666666666667 0.63671875 0.029999999999999995 0.0109375
3 0.15625 0.6 0.16999999999999998 0.0975
4 0.19583333333333333 0.5984375 0.075 0.109375
4 0.09791666666666667 0.60234375 0.029999999999999995 0.10718749999999999
5 0.15625 0.5671875 0.16999999999999998 0.17625
0 0.14375 0.4984375 0.2 0.34125
