1 0.657 0.755 0.09839999999999999 0.0456
2 0.632 0.739 0.0384 0.008399999999999998
2 0.685 0.764 0.0312 0.028
3 0.663 0.708 0.1128 0.1584
4 0.663 0.709 0.1128 0.0924
4 0.685 0.708 0.0312 0.1848
5 0.665 0.65 0.1176 0.2976
0 0.691 0.552 0.18 0.5327999999999999
1 0.486 0.81 0.0912 0.024
2 0.459 0.811 0.0264 0.0252
2 0.524 0.81 0.0 0.028
3 0.486 0.767 0.0912 0.12719999999999998
4 0.46 0.767 0.028799999999999996 0.14839999999999998
4 0.519 0.767 0.012 0.14839999999999998
5 0.486 0.706 0.0912 0.27359999999999995
0 0.471 0.63 0.12719999999999998 0.456
1 0.16 0.748 0.1536 0.048
2 0.207 0.756 0.040799999999999996 0.03359999999999999
2 0.125 0.745 0.0696 0.047599999999999996
3 0.191 0.686 0.228 0.19679999999999997
4 0.238 0.686 0.11519999999999998 0.2296
4 0.131 0.689 0.084 0.20439999999999997
5 0.198 0.686 0.2448 0.19679999999999997
0 0.211 0.65 0.276 0.2832
