1 0.225 0.8641826923076923 0.09 0.07788461538461539
2 0.24609375 0.8449519230769231 0.039375 0.03701923076923076
2 0.19765625 0.8713942307692307 0.024375 0.07067307692307692
3 0.225 0.8052884615384616 0.09 0.21923076923076923
4 0.24609375 0.7860576923076923 0.039375 0.20192307692307693
4 0.19765625 0.8088942307692307 0.024375 0.24567307692307688
5 0.225 0.7463942307692307 0.09 0.3605769230769231
0 0.2328125 0.6189903846153846 0.28500000000000003 0.6663461538461538
1 0.83984375 0.9098557692307693 0.151875 0.08942307692307691
2 0.88046875 0.9314903846153846 0.05437499999999999 0.04375
2 0.79609375 0.8834134615384616 0.046875 0.03028846153846154
3 0.83984375 0.8521634615384616 0.151875 0.22788461538461538
4 0.88046875 0.8557692307692307 0.05437499999999999 0.25576923076923075
4 0.8078125 0.8257211538461539 0.075 0.19182692307692306
5 0.83984375 0.7944711538461539 0.151875 0.3663461538461539
0 0.84375 0.6682692307692307 0.16125 0.6634615384615384
