1 0.1370757180156658 0.721875 0.1472584856396867 0.12
2 0.1031331592689295 0.7515625 0.06579634464751959 0.056874999999999995
2 0.16318537859007834 0.69140625 0.0845953002610966 0.0546875
3 0.17493472584856398 0.66171875 0.23812010443864232 0.26437499999999997
4 0.17493472584856398 0.72109375 0.23812010443864232 0.1421875
4 0.1671018276762402 0.63125 0.09399477806788512 0.22312499999999996
5 0.22193211488250653 0.66171875 0.35091383812010446 0.26437499999999997
0 0.2819843342036554 0.6328125 0.4950391644908616 0.33375
1 0.7845953002610966 0.70625 0.13472584856396866 0.0225
2 0.7845953002610966 0.70625 0.13472584856396866 0.026249999999999996
2 0.7885117493472585 0.715625 0.0 0.0
3 0.7845953002610966 0.66484375 0.13472584856396866 0.121875
4 0.7845953002610966 0.66484375 0.13472584856396866 0.1421875
4 0.7924281984334204 0.68359375 0.00939947780678851 0.0896875
0 0.7845953002610966 0.66484375 0.13472584856396866 0.121875
