1 0.36875 0.7864583333333334 0.22125 0.1425
2 0.31328125 0.7552083333333334 0.088125 0.07875
2 0.4171875 0.8104166666666667 0.10500000000000001 0.09916666666666665
3 0.36875 0.7427083333333333 0.22125 0.2475
4 0.31328125 0.7114583333333333 0.088125 0.20124999999999998
4 0.4171875 0.7635416666666667 0.10500000000000001 0.23041666666666666
5 0.36875 0.6875 0.22125 0.38
0 0.36875 0.55625 0.22125 0.695
1 0.67109375 0.653125 0.170625 0.0725
2 0.63671875 0.6708333333333333 0.088125 0.034999999999999996
2 0.73828125 0.628125 0.009375 0.014583333333333334
3 0.67109375 0.6083333333333333 0.170625 0.18
4 0.63671875 0.6208333333333333 0.088125 0.175
4 0.72890625 0.5833333333333334 0.031875 0.13999999999999999
5 0.67109375 0.5760416666666667 0.170625 0.2575
0 0.69375 0.4864583333333333 0.225 0.4725
