1 0.2546875 0.6068075117370892 0.04875 0.04788732394366197
2 0.25859375 0.5927230046948356 0.039375 0.01643192488262911
2 0.24765625 0.6208920187793427 0.031875 0.01643192488262911
3 0.271875 0.5809859154929577 0.09 0.10985915492957746
4 0.27578125 0.5669014084507042 0.080625 0.08873239436619718
4 0.25859375 0.5856807511737089 0.058124999999999996 0.11502347417840375
5 0.2703125 0.5809859154929577 0.09375 0.10985915492957746
0 0.28515625 0.5410798122065728 0.159375 0.20563380281690138
1 0.16640625 0.5715962441314554 0.091875 0.0647887323943662
2 0.190625 0.5528169014084507 0.033749999999999995 0.02300469483568075
2 0.1421875 0.5892018779342723 0.033749999999999995 0.02629107981220657
3 0.16640625 0.5316901408450704 0.091875 0.16056338028169012
4 0.190625 0.5129107981220657 0.033749999999999995 0.13474178403755868
4 0.15234375 0.5598591549295775 0.058124999999999996 0.10845070422535211
5 0.16640625 0.5293427230046949 0.091875 0.16619718309859155
0 0.16875 0.49295774647887325 0.0975 0.2535211267605634
1 0.48671875 0.5504694835680751 0.20437499999999997 0.04225352112676056
2 0.56640625 0.5539906103286385 0.013125000000000001 0.039436619718309855
2 0.4109375 0.5469483568075117 0.0225 0.039436619718309855
3 0.48671875 0.5246478873239436 0.20437499999999997 0.10422535211267606
4 0.55390625 0.5246478873239436 0.043125 0.1215962441314554
4 0.42734375 0.5234741784037559 0.061875 0.10516431924882629
5 0.48671875 0.49413145539906106 0.20437499999999997 0.17746478873239435
0 0.48671875 0.4495305164319249 0.20437499999999997 0.2845070422535211
