1 0.5909090909090909 0.70625 0.23216783216783216 0.0225
2 0.6561771561771562 0.709375 0.07552447552447553 0.013124999999999998
2 0.5163170163170163 0.70625 0.05314685314685315 0.026249999999999996
3 0.5909090909090909 0.684375 0.23216783216783216 0.075
4 0.6561771561771562 0.68984375 0.07552447552447553 0.0678125
4 0.5303030303030303 0.684375 0.08671328671328671 0.0875
5 0.5967365967365967 0.6515625 0.24615384615384614 0.15375
0 0.6468531468531469 0.59296875 0.3664335664335664 0.294375
1 0.23543123543123542 0.7140625 0.11748251748251748 0.015
2 0.1888111888111888 0.709375 0.005594405594405594 0.0043749999999999995
2 0.2494172494172494 0.715625 0.08391608391608392 0.013124999999999998
3 0.23543123543123542 0.67109375 0.11748251748251748 0.118125
4 0.2261072261072261 0.66640625 0.0951048951048951 0.12468749999999999
4 0.2494172494172494 0.67109375 0.08391608391608392 0.13781249999999998
5 0.24358974358974358 0.6296875 0.13706293706293707 0.21749999999999997
0 0.2762237762237762 0.54453125 0.21538461538461537 0.421875
