1 0.24453125 0.8364485981308412 0.129375 0.09532710280373831
2 0.27265625 0.8060747663551402 0.061875 0.02616822429906542
2 0.20859375 0.8598130841121495 0.043125 0.04579439252336448
3 0.2359375 0.7733644859813084 0.15 0.2467289719626168
4 0.27265625 0.7429906542056075 0.061875 0.202803738317757
4 0.2 0.7757009345794392 0.06375 0.28130841121495326
5 0.21953125 0.7733644859813084 0.189375 0.2467289719626168
0 0.21953125 0.6939252336448598 0.189375 0.43738317757009343
1 0.63515625 0.8598130841121495 0.084375 0.11214953271028037
2 0.653125 0.8820093457943925 0.026250000000000002 0.06869158878504672
2 0.63515625 0.8586448598130841 0.084375 0.1275700934579439
3 0.7015625 0.7990654205607477 0.24375 0.25794392523364484
4 0.72265625 0.7990654205607477 0.193125 0.3009345794392523
4 0.69609375 0.7990654205607477 0.230625 0.29439252336448596
5 0.79296875 0.7990654205607477 0.4140625 0.25794392523364484
0 0.79296875 0.7990654205607477 0.4140625 0.25794392523364484
