1 0.169 0.7493261455525606 0.1128 0.0646900269541779
2 0.128 0.7304582210242587 0.014399999999999998 0.02264150943396226
2 0.212 0.7654986522911051 0.0096 0.030188679245283016
3 0.169 0.6994609164420486 0.1128 0.184366576819407
4 0.135 0.6805929919137467 0.0312 0.16226415094339622
4 0.208 0.7008086253369272 0.0192 0.2113207547169811
5 0.169 0.6590296495956873 0.1128 0.2814016172506738
0 0.167 0.5754716981132075 0.1176 0.4819407008086253
1 0.455 0.7601078167115903 0.0456 0.03234501347708895
2 0.462 0.7695417789757413 0.028799999999999996 0.01132075471698113
2 0.444 0.7506738544474394 0.0192 0.01132075471698113
3 0.455 0.7115902964959568 0.0456 0.14878706199460914
4 0.462 0.7115902964959568 0.028799999999999996 0.17358490566037735
4 0.445 0.7035040431266847 0.021599999999999998 0.14339622641509434
5 0.457 0.6617250673854448 0.0504 0.26846361185983825
0 0.454 0.5835579514824798 0.1248 0.45606469002695416
1 0.785 0.7668463611859838 0.13679999999999998 0.04851752021563342
2 0.737 0.7547169811320755 0.021599999999999998 0.02264150943396226
2 0.835 0.7749326145552561 0.016800000000000002 0.033962264150943396
3 0.785 0.7237196765498652 0.13679999999999998 0.15202156334231806
4 0.737 0.7115902964959568 0.021599999999999998 0.14339622641509434
4 0.823 0.7277628032345014 0.0456 0.1660377358490566
5 0.785 0.6846361185983828 0.13679999999999998 0.24582210242587602
0 0.785 0.6064690026954178 0.13679999999999998 0.43342318059299184
