1 0.14453125 0.16004672897196262 0.103125 0.019626168224299065
2 0.17734375 0.15771028037383178 0.024375 0.016355140186915886
2 0.10546875 0.16355140186915887 0.009375 0.01308411214953271
3 0.14453125 0.12733644859813084 0.103125 0.09813084112149532
4 0.17578125 0.125 0.028125 0.10794392523364485
4 0.11015625 0.12733644859813084 0.020624999999999998 0.11448598130841121
5 0.14453125 0.102803738317757 0.103125 0.15700934579439252
0 0.14453125 0.08761682242990654 0.103125 0.17523364485981308
1 0.15703125 0.7476635514018691 0.268125 0.09532710280373831
2 0.25 0.772196261682243 0.045 0.042523364485981305
2 0.05234375 0.7301401869158879 0.016874999999999998 0.06214953271028037
3 0.15703125 0.7184579439252337 0.268125 0.16542056074766354
4 0.24921875 0.7184579439252337 0.046875 0.19299065420560746
4 0.08515625 0.7126168224299065 0.09562499999999999 0.11121495327102802
5 0.15703125 0.6787383177570093 0.268125 0.26074766355140183
0 0.19375 0.610981308411215 0.35625 0.4233644859813084
