1 0.4010416666666667 0.85625 0.0825 0.01875
2 0.425 0.85546875 0.025 0.0196875
2 0.3802083333333333 0.8578125 0.0325 0.017499999999999998
3 0.4010416666666667 0.825 0.0825 0.09375
4 0.425 0.825 0.025 0.10499999999999998
4 0.3802083333333333 0.825 0.0325 0.109375
5 0.40208333333333335 0.7828125 0.08499999999999999 0.195
0 0.41458333333333336 0.7125 0.205 0.36374999999999996
1 0.6541666666666667 0.8671875 0.5299999999999999 0.041249999999999995
2 0.484375 0.86953125 0.1225 0.041562499999999995
2 0.8489583333333334 0.86015625 0.0625 0.028437499999999998
3 0.6541666666666667 0.80703125 0.5299999999999999 0.18562499999999998
4 0.5197916666666667 0.81171875 0.2075 0.2034375
4 0.8333333333333334 0.8 0.1 0.19687499999999997
5 0.6541666666666667 0.73046875 0.5299999999999999 0.36937499999999995
0 0.6541666666666667 0.65 0.5299999999999999 0.5625
