1 0.7421875 0.8802083333333334 0.0975 0.1225
2 0.7421875 0.9177083333333333 0.0975 0.03791666666666667
2 0.73046875 0.8458333333333333 0.06937499999999999 0.04666666666666666
3 0.7421875 0.8427083333333333 0.0975 0.2125
4 0.7421875 0.85625 0.0975 0.21
4 0.73046875 0.8083333333333333 0.06937499999999999 0.15166666666666667
5 0.7421875 0.771875 0.0975 0.3825
0 0.6921875 0.6322916666666667 0.23249999999999998 0.7174999999999999
1 0.20703125 0.7583333333333333 0.10687499999999998 0.025
2 0.2515625 0.7479166666666667 0.0 0.0
2 0.1625 0.76875 0.0 0.0
3 0.20703125 0.6916666666666667 0.10687499999999998 0.185
4 0.2484375 0.68125 0.0075 0.18666666666666665
4 0.1734375 0.6927083333333334 0.026250000000000002 0.21291666666666664
5 0.20703125 0.634375 0.10687499999999998 0.32249999999999995
0 0.21328125 0.5197916666666667 0.136875 0.5975
