1 0.77109375 0.9150943396226415 0.073125 0.05786163522012578
2 0.7609375 0.9203354297693921 0.04875 0.05283018867924528
2 0.79921875 0.8951781970649895 0.005625 0.011740041928721173
3 0.77109375 0.8385744234800838 0.073125 0.24150943396226413
4 0.7609375 0.8385744234800838 0.04875 0.2817610062893081
4 0.78984375 0.8197064989517819 0.028125 0.22306079664570228
5 0.77109375 0.7484276729559748 0.073125 0.4578616352201258
0 0.75390625 0.6352201257861635 0.148125 0.7295597484276729
1 0.25078125 0.8763102725366876 0.043125 0.11572327044025156
2 0.2390625 0.8941299790356394 0.015 0.0851153039832285
2 0.25859375 0.8626834381551363 0.024375 0.09685534591194968
3 0.2609375 0.8039832285115304 0.06749999999999999 0.2893081761006289
4 0.24375 0.8249475890985325 0.026250000000000002 0.27882599580712786
4 0.26875 0.790356394129979 0.04875 0.2993710691823899
5 0.2609375 0.759958071278826 0.06749999999999999 0.3949685534591195
0 0.253125 0.6278825995807128 0.1575 0.7119496855345911
