1 0.04154727793696275 0.66171875 0.0830945558739255 0.028125
2 0.004297994269340974 0.66484375 0.0034383954154727794 0.024062499999999997
2 0.05157593123209169 0.65625 0.06876790830945559 0.017499999999999998
3 0.04154727793696275 0.596875 0.0830945558739255 0.18375
4 0.05157593123209169 0.59140625 0.06876790830945559 0.19906249999999998
5 0.04154727793696275 0.51875 0.0830945558739255 0.37124999999999997
0 0.050143266475644696 0.4484375 0.10028653295128939 0.5399999999999999
1 0.47421203438395415 0.79375 0.27851002865329516 0.06375
2 0.4068767908309456 0.79453125 0.1169054441260745 0.07218749999999999
2 0.5587392550143266 0.78984375 0.07564469914040114 0.0634375
3 0.47421203438395415 0.70546875 0.27851002865329516 0.275625
4 0.4154727793696275 0.70546875 0.13753581661891118 0.3215625
4 0.5587392550143266 0.70546875 0.07564469914040114 0.2996875
5 0.47421203438395415 0.60078125 0.27851002865329516 0.526875
0 0.47707736389684813 0.478125 0.3747851002865329 0.82125
