1 0.866 0.8987341772151899 0.1296 0.09113924050632911
2 0.882 0.910126582278481 0.0912 0.07443037974683545
2 0.851 0.8772151898734177 0.09359999999999999 0.04607594936708861
3 0.866 0.8012658227848102 0.1296 0.32506329113924054
4 0.882 0.8050632911392405 0.0912 0.36860759493670886
4 0.851 0.779746835443038 0.09359999999999999 0.3189873417721519
5 0.866 0.7164556962025317 0.1296 0.5286075949367088
0 0.896 0.5063291139240507 0.2016 0.9873417721518988
1 0.093 0.5265822784810127 0.0696 0.02430379746835443
2 0.111 0.5265822784810127 0.0264 0.028354430379746835
2 0.07 0.5316455696202531 0.014399999999999998 0.014177215189873417
3 0.087 0.48860759493670886 0.084 0.11544303797468355
4 0.107 0.48860759493670886 0.036 0.13468354430379745
4 0.064 0.49240506329113926 0.028799999999999996 0.1240506329113924
5 0.082 0.4506329113924051 0.096 0.20658227848101265
0 0.073 0.37341772151898733 0.1176 0.39189873417721516
