1 0.43046875 0.6861826697892272 0.189375 0.10679156908665105
2 0.46875 0.6627634660421545 0.0975 0.05901639344262295
2 0.38671875 0.7154566744730679 0.084375 0.04262295081967213
3 0.43046875 0.5971896955503513 0.189375 0.3203747072599531
4 0.4515625 0.5737704918032787 0.13874999999999998 0.3081967213114754
4 0.38671875 0.6276346604215457 0.084375 0.2885245901639344
5 0.390625 0.5971896955503513 0.28500000000000003 0.3203747072599531
0 0.38828125 0.5117096018735363 0.290625 0.5255269320843091
1 0.74140625 0.6826697892271663 0.076875 0.019672131147540985
2 0.746875 0.6861826697892272 0.06375 0.013114754098360656
2 0.725 0.6779859484777517 0.0375 0.009836065573770491
3 0.74140625 0.5960187353629977 0.076875 0.22763466042154568
4 0.746875 0.6042154566744731 0.06375 0.2426229508196721
4 0.72890625 0.5913348946135831 0.046875 0.2524590163934426
5 0.796875 0.572599531615925 0.21000000000000002 0.28384074941451987
0 0.82421875 0.47892271662763464 0.275625 0.5086651053864168
1 0.64921875 0.5936768149882904 0.091875 0.053395784543325525
2 0.66328125 0.5936768149882904 0.058124999999999996 0.06229508196721311
2 0.62578125 0.5901639344262295 0.035625000000000004 0.02622950819672131
3 0.64921875 0.5515222482435597 0.091875 0.15456674473067916
4 0.66328125 0.5562060889929742 0.058124999999999996 0.16721311475409834
4 0.6265625 0.5433255269320844 0.0375 0.15737704918032785
5 0.671875 0.5421545667447307 0.14625 0.17704918032786884
0 0.67578125 0.45433255269320844 0.15562499999999999 0.3878220140515222
1 0.478125 0.5187353629976581 0.026250000000000002 0.03653395784543326
2 0.478125 0.5257611241217799 0.026250000000000002 0.022950819672131147
2 0.47890625 0.5105386416861827 0.020624999999999998 0.019672131147540982
3 0.48125 0.5 0.033749999999999995 0.08149882903981263
4 0.48125 0.509367681498829 0.033749999999999995 0.06885245901639343
4 0.4828125 0.4918032786885246 0.03 0.0721311475409836
5 0.50078125 0.5 0.080625 0.08149882903981263
0 0.50546875 0.47540983606557374 0.091875 0.1405152224824356
