1 0.29453125 0.7100313479623824 0.20437499999999997 0.12413793103448276
2 0.3515625 0.7429467084639498 0.06749999999999999 0.05266457680250783
2 0.246875 0.677115987460815 0.09 0.05266457680250783
3 0.29453125 0.6684952978056427 0.20437499999999997 0.2238244514106583
4 0.3515625 0.677115987460815 0.06749999999999999 0.23699059561128524
4 0.246875 0.6355799373040752 0.09 0.16896551724137931
5 0.31640625 0.6003134796238244 0.256875 0.3874608150470219
0 0.36796875 0.48589341692789967 0.380625 0.6620689655172414
1 0.52734375 0.7437304075235109 0.196875 0.1786833855799373
2 0.578125 0.70141065830721 0.075 0.08996865203761756
2 0.49296875 0.780564263322884 0.114375 0.10532915360501566
3 0.52578125 0.6849529780564263 0.200625 0.31974921630094044
4 0.52578125 0.6449843260188087 0.200625 0.24796238244514104
4 0.49296875 0.6849529780564263 0.114375 0.3730407523510971
5 0.52578125 0.6434169278996865 0.200625 0.4194357366771159
0 0.5453125 0.512539184952978 0.2475 0.7335423197492164
