1 0.47109375 0.917864476386037 0.271875 0.049281314168377825
2 0.56953125 0.9168377823408624 0.035625000000000004 0.020123203285420943
2 0.37109375 0.917864476386037 0.031875 0.057494866529774126
3 0.4578125 0.7926078028747433 0.30375 0.34989733059548256
4 0.56953125 0.7854209445585215 0.035625000000000004 0.38809034907597534
4 0.3578125 0.7987679671457906 0.06375 0.390965092402464
5 0.4578125 0.7587268993839835 0.30375 0.43121149897330596
0 0.4390625 0.5831622176591376 0.34875 0.8336755646817249
1 0.82109375 0.9096509240246407 0.170625 0.03449691991786448
2 0.86640625 0.9024640657084189 0.061875 0.020123203285420943
2 0.7625 0.9147843942505134 0.03 0.025872689938398356
3 0.79140625 0.7597535934291582 0.24187499999999998 0.3942505133470226
4 0.86640625 0.7525667351129364 0.061875 0.43983572895277206
4 0.7328125 0.768993839835729 0.10124999999999999 0.4340862422997946
5 0.79140625 0.7258726899383984 0.24187499999999998 0.475564681724846
0 0.77421875 0.5831622176591376 0.36937499999999995 0.8180698151950718
