1 0.40859375 0.7213114754098361 0.06937499999999999 0.0955503512880562
2 0.38984375 0.7412177985948478 0.024375 0.05573770491803278
2 0.4265625 0.6932084309133489 0.026250000000000002 0.03278688524590164
3 0.43046875 0.6733021077283372 0.121875 0.2107728337236534
4 0.409375 0.7037470725995316 0.07125000000000001 0.160655737704918
4 0.4484375 0.6451990632318502 0.07875 0.16721311475409834
5 0.43046875 0.6428571428571429 0.121875 0.28384074941451987
0 0.4453125 0.563231850117096 0.1575 0.47494145199063226
1 0.5984375 0.6697892271662763 0.052500000000000005 0.06744730679156909
2 0.61328125 0.6615925058548009 0.016874999999999998 0.05573770491803278
2 0.584375 0.6861826697892272 0.01875 0.03278688524590164
3 0.60078125 0.6475409836065574 0.058124999999999996 0.12084309133489461
4 0.615625 0.6428571428571429 0.0225 0.1081967213114754
4 0.58671875 0.6475409836065574 0.024375 0.14098360655737704
5 0.6046875 0.6018735362997658 0.06749999999999999 0.23044496487119437
0 0.6171875 0.5152224824355972 0.10874999999999999 0.43840749414519903
1 0.153125 0.7330210772833724 0.15375 0.07868852459016394
2 0.1953125 0.7564402810304449 0.052500000000000005 0.02622950819672131
2 0.10390625 0.7295081967213115 0.035625000000000004 0.08196721311475409
3 0.153125 0.7002341920374707 0.15375 0.15737704918032788
4 0.1953125 0.7014051522248244 0.052500000000000005 0.18032786885245902
4 0.1296875 0.6967213114754098 0.0975 0.17377049180327866
5 0.153125 0.6557377049180327 0.15375 0.2641686182669789
0 0.153125 0.5608899297423887 0.15375 0.4918032786885246
1 0.78671875 0.7072599531615925 0.039375 0.11241217798594848
2 0.796875 0.747072599531616 0.015 0.019672131147540982
2 0.78359375 0.680327868852459 0.031875 0.05573770491803278
3 0.79765625 0.6955503512880562 0.065625 0.1405152224824356
4 0.8078125 0.7049180327868853 0.041249999999999995 0.13770491803278687
4 0.78359375 0.6686182669789227 0.031875 0.08852459016393442
5 0.8109375 0.6428571428571429 0.0975 0.26697892271662765
0 0.82578125 0.5538641686182669 0.133125 0.4805620608899297
1 0.40546875 0.6768149882903981 0.21187499999999998 0.2079625292740047
2 0.41171875 0.6697892271662763 0.196875 0.22295081967213112
2 0.38671875 0.6826697892271663 0.166875 0.2262295081967213
3 0.40546875 0.6487119437939111 0.21187499999999998 0.27540983606557373
4 0.41171875 0.6697892271662763 0.196875 0.22295081967213112
4 0.38671875 0.6487119437939111 0.166875 0.321311475409836
5 0.40234375 0.6451990632318502 0.21937500000000001 0.28384074941451987
0 0.340625 0.5796252927400468 0.3675 0.4412177985948478
1 0.91796875 0.7611241217798594 0.1640625 0.06182669789227166
2 0.859375 0.7716627634660421 0.033749999999999995 0.04262295081967213
2 0.98203125 0.7611241217798594 0.020624999999999998 0.0721311475409836
3 0.91796875 0.7213114754098361 0.1640625 0.15737704918032788
4 0.88046875 0.7271662763466042 0.084375 0.16721311475409834
4 0.9796875 0.7213114754098361 0.026250000000000002 0.18360655737704917
5 0.91796875 0.6943793911007026 0.1640625 0.22201405152224823
0 0.91796875 0.6053864168618267 0.1640625 0.43559718969555034
