1 0.2890625 0.6954022988505747 0.13874999999999998 0.0910344827586207
2 0.3265625 0.6701149425287356 0.04875 0.03540229885057471
2 0.24375 0.7126436781609196 0.03 0.05793103448275862
3 0.2890625 0.628735632183908 0.13874999999999998 0.25103448275862067
4 0.3265625 0.603448275862069 0.04875 0.22206896551724137
4 0.24375 0.6448275862068965 0.03 0.247816091954023
5 0.2890625 0.5655172413793104 0.13874999999999998 0.4027586206896551
0 0.29609375 0.4471264367816092 0.15562499999999999 0.686896551724138
1 0.63359375 0.7977011494252874 0.125625 0.06620689655172413
2 0.659375 0.7827586206896552 0.06375 0.03540229885057471
2 0.60546875 0.8114942528735632 0.058124999999999996 0.03862068965517241
3 0.63828125 0.7344827586206897 0.136875 0.2179310344827586
4 0.6640625 0.7195402298850575 0.075 0.21241379310344827
4 0.621875 0.7505747126436781 0.0975 0.20919540229885059
5 0.63828125 0.6954022988505747 0.136875 0.3117241379310345
0 0.66796875 0.6609195402298851 0.20812499999999998 0.39448275862068966
1 0.14375 0.7942528735632184 0.13499999999999998 0.06896551724137931
2 0.16953125 0.7781609195402299 0.073125 0.03540229885057471
2 0.11484375 0.8080459770114943 0.065625 0.04183908045977011
3 0.14609375 0.735632183908046 0.140625 0.2096551724137931
4 0.171875 0.7195402298850575 0.07875 0.19954022988505746
4 0.13046875 0.7482758620689656 0.103125 0.20919540229885059
5 0.14609375 0.6954022988505747 0.140625 0.3062068965517241
0 0.1796875 0.6574712643678161 0.22125 0.3972413793103448
1 0.784375 0.6919540229885057 0.14625 0.08827586206896551
2 0.81953125 0.667816091954023 0.061875 0.03540229885057471
2 0.73359375 0.7103448275862069 0.024375 0.05149425287356321
3 0.784375 0.6241379310344828 0.14625 0.25103448275862067
4 0.81953125 0.6 0.061875 0.22528735632183908
4 0.73359375 0.6402298850574712 0.024375 0.247816091954023
5 0.784375 0.5609195402298851 0.14625 0.4027586206896551
0 0.784375 0.44482758620689655 0.15 0.6813793103448276
