1 0.67578125 0.6384976525821596 0.15562499999999999 0.09577464788732394
2 0.73203125 0.6467136150234741 0.020624999999999998 0.08873239436619718
2 0.62421875 0.6255868544600939 0.031875 0.07558685446009389
3 0.6890625 0.6384976525821596 0.1875 0.09577464788732394
4 0.7453125 0.6467136150234741 0.052500000000000005 0.08873239436619718
4 0.653125 0.6255868544600939 0.10124999999999999 0.07558685446009389
5 0.6921875 0.6384976525821596 0.195 0.09577464788732394
0 0.69296875 0.5774647887323944 0.196875 0.24225352112676057
1 0.075 0.5704225352112676 0.08249999999999999 0.04507042253521126
2 0.05078125 0.5645539906103286 0.024375 0.03615023474178403
2 0.1078125 0.573943661971831 0.00375 0.04272300469483568
3 0.07734375 0.5199530516431925 0.088125 0.16619718309859155
4 0.05390625 0.5187793427230047 0.031875 0.1643192488262911
4 0.11015625 0.5199530516431925 0.009375 0.19389671361502345
5 0.0828125 0.4706572769953052 0.10124999999999999 0.2845070422535211
0 0.0859375 0.3744131455399061 0.10874999999999999 0.5154929577464789
1 0.43671875 0.6244131455399061 0.24562499999999998 0.09577464788732394
2 0.521875 0.6349765258215962 0.041249999999999995 0.06244131455399061
2 0.35859375 0.6244131455399061 0.058124999999999996 0.11173708920187791
3 0.43671875 0.5387323943661971 0.24562499999999998 0.30140845070422534
4 0.48671875 0.5352112676056338 0.125625 0.3417840375586854
4 0.35859375 0.5938967136150235 0.058124999999999996 0.19718309859154928
5 0.4140625 0.49061032863849763 0.3 0.4169014084507042
0 0.36953125 0.36384976525821594 0.526875 0.7211267605633802
