1 0.62265625 0.8833333333333333 0.133125 0.15499999999999997
2 0.61171875 0.9177083333333333 0.10687499999999998 0.08458333333333332
2 0.678125 0.81875 0.0 0.0
3 0.596875 0.7958333333333333 0.195 0.365
4 0.61171875 0.7958333333333333 0.10687499999999998 0.4083333333333333
4 0.596875 0.7541666666666667 0.195 0.18083333333333332
5 0.65 0.7958333333333333 0.3225 0.365
0 0.6359375 0.6489583333333333 0.35625 0.7020833333333333
1 0.15625 0.7385416666666667 0.15375 0.1025
2 0.18828125 0.7114583333333333 0.076875 0.04375
2 0.1359375 0.7552083333333334 0.10500000000000001 0.07291666666666667
3 0.184375 0.6760416666666667 0.22125 0.2525
4 0.21640625 0.653125 0.14437499999999998 0.2070833333333333
4 0.14765625 0.6760416666666667 0.133125 0.2945833333333333
5 0.16015625 0.6760416666666667 0.279375 0.2525
0 0.196875 0.5604166666666667 0.3675 0.5299999999999999
