1 0.41911764705882354 0.7066993464052288 0.07647058823529411 0.029411764705882353
2 0.3929738562091503 0.6952614379084967 0.013725490196078431 0.002287581699346405
2 0.43218954248366015 0.7156862745098039 0.045098039215686274 0.00915032679738562
3 0.41911764705882354 0.6781045751633987 0.07647058823529411 0.09803921568627451
4 0.4027777777777778 0.6666666666666666 0.03725490196078431 0.08235294117647059
4 0.43218954248366015 0.6813725490196079 0.045098039215686274 0.10522875816993463
5 0.41911764705882354 0.6503267973856209 0.07647058823529411 0.16470588235294117
0 0.4223856209150327 0.5964052287581699 0.08431372549019608 0.29411764705882354
1 0.33088235294117646 0.7295751633986928 0.07254901960784313 0.025490196078431372
2 0.3480392156862745 0.7222222222222222 0.03137254901960784 0.00915032679738562
2 0.31862745098039214 0.7377450980392157 0.043137254901960784 0.006862745098039215
3 0.33088235294117646 0.7075163398692811 0.07254901960784313 0.0784313725490196
4 0.3480392156862745 0.7001633986928104 0.03137254901960784 0.07091503267973856
4 0.31862745098039214 0.7099673202614379 0.043137254901960784 0.08464052287581698
5 0.33088235294117646 0.6813725490196079 0.07254901960784313 0.1411764705882353
0 0.3161764705882353 0.6290849673202614 0.1588235294117647 0.26666666666666666
