1 0.9484375 0.8051643192488263 0.08249999999999999 0.016901408450704224
2 0.97890625 0.8051643192488263 0.009375 0.019718309859154928
2 0.92265625 0.8051643192488263 0.020624999999999998 0.019718309859154928
3 0.9484375 0.75 0.08249999999999999 0.14929577464788732
4 0.978125 0.75 0.01125 0.17417840375586852
4 0.92265625 0.75 0.020624999999999998 0.17417840375586852
5 0.94609375 0.6784037558685446 0.088125 0.32112676056338024
0 0.93203125 0.5657276995305164 0.1359375 0.5915492957746479
1 0.64609375 0.8063380281690141 0.080625 0.04225352112676056
2 0.67421875 0.8086854460093896 0.013125000000000001 0.04272300469483568
2 0.62421875 0.8063380281690141 0.028125 0.04929577464788732
3 0.66328125 0.75 0.121875 0.17746478873239435
4 0.69140625 0.7629107981220657 0.05437499999999999 0.1708920187793427
4 0.62421875 0.75 0.028125 0.20704225352112673
5 0.66328125 0.7394366197183099 0.121875 0.20281690140845068
0 0.66875 0.6619718309859155 0.13499999999999998 0.38873239436619716
1 0.284375 0.7546948356807511 0.04875 0.053521126760563385
2 0.271875 0.7382629107981221 0.01875 0.01643192488262911
2 0.2890625 0.7640845070422535 0.0375 0.03615023474178403
3 0.30234375 0.7147887323943662 0.091875 0.14929577464788732
4 0.2890625 0.6983568075117371 0.06 0.12816901408450704
4 0.30703125 0.7253521126760564 0.080625 0.14460093896713613
5 0.29765625 0.7147887323943662 0.103125 0.14929577464788732
0 0.30625 0.6525821596244131 0.12375 0.29859154929577464
1 0.46796875 0.7629107981220657 0.076875 0.1295774647887324
2 0.45859375 0.8051643192488263 0.05437499999999999 0.03286384976525822
2 0.48671875 0.7347417840375586 0.031875 0.07230046948356807
3 0.46796875 0.7136150234741784 0.076875 0.24788732394366195
4 0.45859375 0.7382629107981221 0.05437499999999999 0.22018779342723005
4 0.48671875 0.6854460093896714 0.031875 0.21032863849765257
5 0.4875 0.7136150234741784 0.12375 0.24788732394366195
0 0.4875 0.6326291079812206 0.12375 0.4422535211267606
