1 0.19375 0.6020833333333333 0.0375 0.014999999999999998
2 0.1875 0.6 0.0 0.0
2 0.19375 0.6020833333333333 0.0375 0.017499999999999998
3 0.19375 0.578125 0.0375 0.0725
4 0.184375 0.5739583333333333 0.0075 0.07291666666666667
4 0.19375 0.578125 0.0375 0.08458333333333332
5 0.18828125 0.5541666666666667 0.050624999999999996 0.13
0 0.196875 0.5208333333333334 0.07125000000000001 0.21
1 0.72578125 0.6166666666666667 0.05437499999999999 0.029999999999999995
2 0.70625 0.609375 0.0075 0.014583333333333334
2 0.73359375 0.6239583333333333 0.035625000000000004 0.014583333333333334
3 0.72578125 0.5864583333333333 0.05437499999999999 0.1025
4 0.71015625 0.5791666666666667 0.016874999999999998 0.09916666666666665
4 0.73359375 0.5916666666666667 0.035625000000000004 0.105
5 0.72578125 0.559375 0.05437499999999999 0.16749999999999998
0 0.72578125 0.5177083333333333 0.05437499999999999 0.2675
