1 0.2734375 0.7049180327868853 0.1875 0.24168618266978922
2 0.21875 0.7939110070257611 0.05625 0.03278688524590164
2 0.33125 0.6311475409836066 0.04875 0.07540983606557376
3 0.2734375 0.6498829039812647 0.1875 0.37377049180327865
4 0.21875 0.7213114754098361 0.05625 0.2360655737704918
4 0.33125 0.5761124121779859 0.04875 0.22950819672131148
5 0.2671875 0.6487119437939111 0.20249999999999999 0.37658079625292734
0 0.26015625 0.5140515222482436 0.21937500000000001 0.6997658079625293
1 0.46796875 0.5819672131147541 0.05437499999999999 0.09836065573770492
2 0.475 0.5749414519906323 0.0375 0.09508196721311474
2 0.4546875 0.5901639344262295 0.0225 0.09180327868852459
3 0.4484375 0.5714285714285714 0.10124999999999999 0.12365339578454332
4 0.459375 0.5644028103044496 0.075 0.12459016393442622
4 0.43515625 0.5901639344262295 0.06937499999999999 0.09180327868852459
5 0.43125 0.5714285714285714 0.14250000000000002 0.12365339578454332
0 0.403125 0.5011709601873536 0.21000000000000002 0.29227166276346606
1 0.86796875 0.7482435597189696 0.121875 0.03091334894613583
2 0.896875 0.7447306791569087 0.052500000000000005 0.02622950819672131
2 0.825 0.7540983606557377 0.01875 0.019672131147540982
3 0.86796875 0.6850117096018735 0.121875 0.18266978922716628
4 0.896875 0.6838407494145199 0.052500000000000005 0.19672131147540983
4 0.82578125 0.6850117096018735 0.020624999999999998 0.21311475409836064
5 0.86015625 0.6651053864168618 0.140625 0.23044496487119437
0 0.86015625 0.5655737704918032 0.140625 0.4693208430913349
1 0.7328125 0.6990632318501171 0.1575 0.03653395784543326
2 0.78203125 0.6967213114754098 0.039375 0.0360655737704918
2 0.68046875 0.7096018735362998 0.031875 0.013114754098360656
3 0.7328125 0.6334894613583139 0.1575 0.1939110070257611
4 0.78203125 0.6311475409836066 0.039375 0.21967213114754097
4 0.68515625 0.6346604215456675 0.043125 0.22295081967213112
5 0.7328125 0.6334894613583139 0.1575 0.1939110070257611
0 0.7328125 0.5585480093676815 0.1575 0.37377049180327865
