1 0.6041666666666666 0.80859375 0.245 0.354375
2 0.5541666666666667 0.70078125 0.125 0.11156249999999998
2 0.6479166666666667 0.8734375 0.14 0.23187499999999997
3 0.559375 0.7640625 0.3625 0.46125
4 0.60625 0.65625 0.25 0.23625
4 0.5572916666666666 0.81953125 0.3575 0.3609375
5 0.559375 0.7640625 0.3625 0.46125
0 0.5239583333333333 0.61640625 0.5225 0.7671875
1 0.8614583333333333 0.171875 0.042499999999999996 0.0225
2 0.871875 0.171875 0.0175 0.026249999999999996
2 0.8458333333333333 0.1765625 0.005 0.0
3 0.8541666666666666 0.1609375 0.05999999999999999 0.04875
4 0.8541666666666666 0.171875 0.05999999999999999 0.026249999999999996
4 0.840625 0.15859375 0.0175 0.050312499999999996
5 0.8541666666666666 0.1609375 0.05999999999999999 0.04875
0 0.8541666666666666 0.13515625 0.05999999999999999 0.110625
