1 0.42421875 0.7815420560747663 0.091875 0.06448598130841121
2 0.44140625 0.7745327102803738 0.050624999999999996 0.05560747663551401
2 0.4140625 0.7897196261682243 0.06749999999999999 0.05233644859813084
3 0.41328125 0.6904205607476636 0.118125 0.2831775700934579
4 0.42734375 0.6834112149532711 0.084375 0.3107476635514019
4 0.403125 0.7032710280373832 0.09375 0.29439252336448596
5 0.35625 0.6717289719626168 0.255 0.3280373831775701
0 0.346875 0.552570093457944 0.27749999999999997 0.6140186915887851
1 0.82265625 0.677570093457944 0.21187499999999998 0.07289719626168224
2 0.8953125 0.6904205607476636 0.0375 0.04906542056074766
2 0.75078125 0.6635514018691588 0.039375 0.04579439252336448
3 0.82265625 0.6098130841121495 0.21187499999999998 0.23551401869158878
4 0.8953125 0.6156542056074766 0.0375 0.258411214953271
4 0.759375 0.5957943925233645 0.06 0.23551401869158878
5 0.82265625 0.5619158878504673 0.21187499999999998 0.35046728971962615
0 0.82734375 0.4462616822429907 0.22312499999999996 0.6280373831775701
