1 0.5518867924528302 0.78828125 0.31698113207547174 0.05437499999999999
2 0.6450471698113207 0.78828125 0.09339622641509435 0.0634375
2 0.4740566037735849 0.79453125 0.13018867924528302 0.0459375
3 0.5518867924528302 0.72109375 0.31698113207547174 0.215625
4 0.6450471698113207 0.72109375 0.09339622641509435 0.2515625
4 0.4740566037735849 0.7234375 0.13018867924528302 0.24499999999999997
5 0.5518867924528302 0.62265625 0.31698113207547174 0.45187499999999997
0 0.5448113207547169 0.490625 0.35094339622641507 0.76875
1 0.11438679245283019 0.56640625 0.0820754716981132 0.016874999999999998
2 0.12853773584905662 0.56484375 0.04811320754716981 0.015312499999999998
2 0.09905660377358491 0.5671875 0.045283018867924525 0.017499999999999998
3 0.11674528301886793 0.528125 0.08773584905660377 0.10874999999999999
4 0.13089622641509435 0.528125 0.05377358490566038 0.118125
4 0.10141509433962265 0.528125 0.05094339622641509 0.126875
5 0.10141509433962265 0.528125 0.12452830188679245 0.10874999999999999
0 0.08608490566037735 0.484375 0.16132075471698112 0.21374999999999997
