1 0.37890625 0.3399532710280374 0.21187499999999998 0.23271028037383176
2 0.44453125 0.411214953271028 0.05437499999999999 0.0719626168224299
2 0.3078125 0.2780373831775701 0.041249999999999995 0.09813084112149532
3 0.39765625 0.2885514018691589 0.256875 0.3560747663551402
4 0.46328125 0.35630841121495327 0.09937499999999999 0.22570093457943924
4 0.33984375 0.2266355140186916 0.118125 0.24205607476635513
5 0.39765625 0.2885514018691589 0.256875 0.3560747663551402
0 0.396875 0.22546728971962618 0.32999999999999996 0.45093457943925236
1 0.3046875 0.580607476635514 0.06749999999999999 0.05327102803738318
2 0.3140625 0.5747663551401869 0.045 0.04579439252336448
2 0.2921875 0.5992990654205608 0.0375 0.00981308411214953
3 0.303125 0.5747663551401869 0.07125000000000001 0.06728971962616821
4 0.309375 0.5689252336448598 0.05625 0.06214953271028037
4 0.290625 0.5771028037383178 0.041249999999999995 0.0719626168224299
5 0.29921875 0.5467289719626168 0.080625 0.13457943925233642
0 0.28828125 0.4953271028037383 0.10687499999999998 0.25794392523364484
