1 0.55859375 0.6041666666666666 0.103125 0.029999999999999995
2 0.5828125 0.60625 0.045 0.029166666666666667
2 0.525 0.6041666666666666 0.0225 0.034999999999999996
3 0.55859375 0.5583333333333333 0.103125 0.14
4 0.5828125 0.5604166666666667 0.045 0.1575
4 0.525 0.5583333333333333 0.0225 0.1633333333333333
5 0.54609375 0.546875 0.133125 0.16749999999999998
0 0.5421875 0.49270833333333336 0.14250000000000002 0.2975
1 0.4578125 0.56875 0.08249999999999999 0.055
2 0.471875 0.5697916666666667 0.04875 0.06125
2 0.4375 0.559375 0.033749999999999995 0.03791666666666667
3 0.4578125 0.5322916666666667 0.08249999999999999 0.1425
4 0.471875 0.5364583333333334 0.04875 0.15458333333333332
4 0.4375 0.5229166666666667 0.033749999999999995 0.13999999999999999
5 0.4453125 0.5166666666666667 0.1125 0.18
0 0.43203125 0.47604166666666664 0.14437499999999998 0.27749999999999997
