1 0.621 0.6731927710843374 0.2376 0.08313253012048193
2 0.589 0.6897590361445783 0.16079999999999997 0.05060240963855421
2 0.712 0.6521084337349398 0.0192 0.03795180722891566
3 0.626 0.45933734939759036 0.2496 0.5963855421686747
4 0.589 0.45933734939759036 0.16079999999999997 0.6957831325301204
4 0.717 0.4789156626506024 0.0312 0.5228915662650602
5 0.741 0.45933734939759036 0.518 0.5963855421686747
0 0.741 0.4186746987951807 0.518 0.6939759036144577
1 0.78 0.5798192771084337 0.096 0.08313253012048193
2 0.763 0.5918674698795181 0.0552 0.06325301204819277
2 0.82 0.5451807228915663 0.0 0.0
3 0.78 0.4954819277108434 0.096 0.2855421686746988
4 0.763 0.4954819277108434 0.0552 0.3331325301204819
4 0.808 0.4608433734939759 0.028799999999999996 0.23614457831325297
5 0.803 0.4954819277108434 0.1512 0.2855421686746988
0 0.803 0.4954819277108434 0.1512 0.2855421686746988
1 0.115 0.5647590361445783 0.13679999999999998 0.11204819277108433
2 0.103 0.572289156626506 0.108 0.10963855421686747
2 0.12 0.5406626506024096 0.1248 0.06325301204819277
3 0.115 0.45180722891566266 0.13679999999999998 0.3831325301204819
4 0.103 0.48042168674698793 0.108 0.36686746987951807
4 0.12 0.42771084337349397 0.1248 0.37951807228915657
5 0.115 0.3177710843373494 0.13679999999999998 0.6355421686746988
0 0.115 0.3177710843373494 0.13679999999999998 0.6355421686746988
