1 0.428125 0.8239583333333333 0.14250000000000002 0.0625
2 0.46171875 0.8104166666666667 0.061875 0.034999999999999996
2 0.39921875 0.840625 0.073125 0.02625
3 0.428125 0.7739583333333333 0.14250000000000002 0.1825
4 0.46171875 0.7604166666666666 0.061875 0.175
4 0.39921875 0.7770833333333333 0.073125 0.20416666666666666
5 0.428125 0.7083333333333334 0.14250000000000002 0.33999999999999997
0 0.45859375 0.6083333333333333 0.215625 0.58
1 0.6046875 0.8010416666666667 0.10500000000000001 0.057499999999999996
2 0.578125 0.8125 0.041249999999999995 0.034999999999999996
2 0.63359375 0.7895833333333333 0.035625000000000004 0.034999999999999996
3 0.6046875 0.7520833333333333 0.10500000000000001 0.175
4 0.58125 0.7614583333333333 0.04875 0.17791666666666664
4 0.63359375 0.740625 0.035625000000000004 0.1720833333333333
5 0.615625 0.7 0.13125 0.3
0 0.62109375 0.5885416666666666 0.15562499999999999 0.5675
1 0.7421875 0.6760416666666667 0.06749999999999999 0.0225
2 0.72578125 0.6760416666666667 0.028125 0.02625
2 0.759375 0.6791666666666667 0.026250000000000002 0.017499999999999998
3 0.74296875 0.6270833333333333 0.06937499999999999 0.14
4 0.72578125 0.6270833333333333 0.028125 0.1633333333333333
4 0.76015625 0.6291666666666667 0.028125 0.1575
5 0.7515625 0.5822916666666667 0.09 0.2475
0 0.765625 0.4895833333333333 0.1275 0.47
1 0.53828125 0.6989583333333333 0.076875 0.0175
2 0.5125 0.7020833333333333 0.015 0.011666666666666665
2 0.55546875 0.696875 0.035625000000000004 0.014583333333333334
3 0.53828125 0.6552083333333333 0.076875 0.1225
4 0.521875 0.6552083333333333 0.0375 0.14291666666666666
4 0.55546875 0.65625 0.035625000000000004 0.12833333333333333
5 0.53828125 0.615625 0.076875 0.21749999999999997
0 0.54609375 0.5322916666666667 0.09562499999999999 0.41750000000000004
