1 0.71171875 0.8145833333333333 0.133125 0.04
2 0.68046875 0.8229166666666666 0.058124999999999996 0.02333333333333333
2 0.75 0.80625 0.041249999999999995 0.02333333333333333
3 0.71171875 0.75625 0.133125 0.18
4 0.68671875 0.75625 0.073125 0.21
4 0.74375 0.7541666666666667 0.05625 0.16916666666666663
5 0.71484375 0.7041666666666667 0.140625 0.305
0 0.715625 0.6072916666666667 0.14250000000000002 0.5375
1 0.13203125 0.7989583333333333 0.110625 0.0625
2 0.1625 0.7791666666666667 0.0375 0.017499999999999998
2 0.09765625 0.8125 0.028125 0.034999999999999996
3 0.13203125 0.7385416666666667 0.110625 0.2075
4 0.1625 0.71875 0.0375 0.18666666666666665
4 0.109375 0.7447916666666666 0.05625 0.22458333333333333
5 0.134375 0.6708333333333333 0.11624999999999999 0.37
0 0.15390625 0.5666666666666667 0.163125 0.6199999999999999
