1 0.371875 0.7666666666666667 0.2525 0.20666666666666664
2 0.4427083333333333 0.8291666666666667 0.0825 0.0661111111111111
2 0.28125 0.7222222222222222 0.035 0.11666666666666667
3 0.38125 0.7555555555555555 0.275 0.23333333333333334
4 0.45208333333333334 0.8291666666666667 0.105 0.0661111111111111
4 0.3614583333333333 0.7111111111111111 0.2275 0.14777777777777776
5 0.45729166666666665 0.7555555555555555 0.45749999999999996 0.23333333333333334
0 0.5895833333333333 0.6527777777777778 0.775 0.4799999999999999
1 0.215625 0.7888888888888889 0.2025 0.07333333333333333
2 0.15625 0.7888888888888889 0.05999999999999999 0.08555555555555555
2 0.2604166666666667 0.8013888888888889 0.095 0.02722222222222222
3 0.215625 0.7097222222222223 0.2025 0.2633333333333333
4 0.18125 0.7097222222222223 0.11999999999999998 0.30722222222222223
4 0.23958333333333334 0.7458333333333333 0.145 0.18277777777777776
5 0.22395833333333334 0.6638888888888889 0.2225 0.37333333333333335
0 0.18645833333333334 0.6041666666666666 0.3125 0.5166666666666667
