1 0.4413145539906103 0.8359375 0.12394366197183097 0.10124999999999999
2 0.4072769953051643 0.8484375 0.04225352112676056 0.08312499999999999
2 0.4812206572769953 0.8296875 0.028169014084507043 0.10062499999999999
3 0.43896713615023475 0.7765625 0.1295774647887324 0.24375
4 0.40492957746478875 0.7796875 0.04788732394366197 0.27562499999999995
4 0.46830985915492956 0.7703125 0.059154929577464786 0.266875
5 0.4225352112676056 0.7109375 0.16901408450704225 0.40125
0 0.2852112676056338 0.51796875 0.49859154929577465 0.8643749999999999
1 0.7488262910798122 0.75546875 0.19718309859154928 0.114375
2 0.6995305164319249 0.76484375 0.07887323943661972 0.10718749999999999
2 0.818075117370892 0.74296875 0.030985915492957743 0.09843749999999998
3 0.7488262910798122 0.72265625 0.19718309859154928 0.193125
4 0.6995305164319249 0.72265625 0.07887323943661972 0.22531249999999997
4 0.818075117370892 0.71015625 0.030985915492957743 0.1903125
5 0.7511737089201878 0.659375 0.20281690140845068 0.345
0 0.7323943661971831 0.503125 0.24788732394366195 0.72
