1 0.2921875 0.8992974238875878 0.13874999999999998 0.06744730679156909
2 0.33984375 0.8887587822014051 0.024375 0.04918032786885246
2 0.24296875 0.905152224824356 0.020624999999999998 0.06229508196721311
3 0.29921875 0.8149882903981265 0.15562499999999999 0.26978922716627635
4 0.346875 0.8138173302107728 0.041249999999999995 0.25901639344262295
4 0.259375 0.8149882903981265 0.06 0.3147540983606557
5 0.30390625 0.7142857142857143 0.166875 0.5114754098360655
0 0.30546875 0.550351288056206 0.170625 0.8992974238875878
1 0.640625 0.8735362997658079 0.14250000000000002 0.05058548009367681
2 0.7 0.8758782201405152 0.0 0.0
2 0.6015625 0.8735362997658079 0.04875 0.05901639344262295
3 0.640625 0.788056206088993 0.14250000000000002 0.25573770491803277
4 0.69296875 0.7892271662763466 0.016874999999999998 0.2426229508196721
4 0.6015625 0.788056206088993 0.04875 0.29836065573770487
5 0.640625 0.7213114754098361 0.14250000000000002 0.4159250585480094
0 0.64375 0.5386416861826698 0.21000000000000002 0.8543325526932084
1 0.47578125 0.8875878220140515 0.21187499999999998 0.04496487119437939
2 0.54765625 0.8946135831381733 0.039375 0.03278688524590164
2 0.40078125 0.8840749414519906 0.031875 0.04262295081967213
3 0.47578125 0.8009367681498829 0.21187499999999998 0.2529274004683841
4 0.54765625 0.8021077283372365 0.039375 0.29180327868852457
4 0.40703125 0.797423887587822 0.046875 0.28524590163934427
5 0.47578125 0.7072599531615925 0.21187499999999998 0.477751756440281
0 0.47578125 0.5374707259953162 0.21187499999999998 0.8852459016393442
