1 0.3737957610789981 0.89453125 0.3144508670520231 0.061875
2 0.48458574181117536 0.89921875 0.048554913294797684 0.0590625
2 0.30828516377649323 0.88828125 0.15722543352601154 0.0546875
3 0.3737957610789981 0.80078125 0.3144508670520231 0.286875
4 0.48458574181117536 0.8015625 0.048554913294797684 0.33249999999999996
4 0.30828516377649323 0.79453125 0.15722543352601154 0.3171875
5 0.3737957610789981 0.7265625 0.3144508670520231 0.46499999999999997
0 0.3940269749518304 0.525 0.3630057803468208 0.9487499999999999
1 0.7678227360308285 0.65625 0.07630057803468208 0.041249999999999995
2 0.7928709055876686 0.665625 0.0161849710982659 0.021875
2 0.7456647398843931 0.65234375 0.023121387283236993 0.0371875
3 0.7707129094412332 0.63046875 0.08323699421965317 0.103125
4 0.7957610789980732 0.63515625 0.023121387283236993 0.10718749999999999
4 0.7533718689788054 0.6265625 0.04161849710982658 0.109375
5 0.7726396917148363 0.59609375 0.08786127167630058 0.18562499999999998
0 0.7890173410404624 0.5265625 0.12716763005780346 0.3525
1 0.07321772639691715 0.934375 0.1464354527938343 0.045
2 0.0953757225433526 0.9203125 0.11791907514450867 0.013124999999999998
2 0.07225433526011561 0.93671875 0.14450867052023122 0.0459375
3 0.07321772639691715 0.83671875 0.1464354527938343 0.279375
4 0.0953757225433526 0.8234375 0.11791907514450867 0.284375
4 0.07225433526011561 0.83671875 0.14450867052023122 0.3259375
5 0.07321772639691715 0.7125 0.1464354527938343 0.575
0 0.09730250481695568 0.528125 0.19460500963391136 0.94375
