1 0.5270833333333333 0.63828125 0.15 0.028125
2 0.5760416666666667 0.6421875 0.0325 0.021875
2 0.4708333333333333 0.6328125 0.014999999999999998 0.017499999999999998
3 0.5270833333333333 0.61796875 0.15 0.076875
4 0.571875 0.61953125 0.042499999999999996 0.08531249999999999
4 0.478125 0.6125 0.0325 0.074375
5 0.5270833333333333 0.5953125 0.15 0.13125
0 0.5489583333333333 0.53984375 0.21749999999999997 0.26437499999999997
1 0.284375 0.5015625 0.042499999999999996 0.0075
2 0.296875 0.5015625 0.0125 0.008749999999999999
2 0.278125 0.50078125 0.0275 0.006562499999999999
3 0.284375 0.49140625 0.042499999999999996 0.031875
4 0.296875 0.49140625 0.0125 0.0371875
4 0.278125 0.490625 0.0275 0.034999999999999996
5 0.28541666666666665 0.4796875 0.045 0.06
0 0.29583333333333334 0.4578125 0.07 0.1125
