1 0.575075075075075 0.281 0.04684684684684685 0.132
2 0.5780780780780781 0.251 0.025225225225225228 0.07
2 0.575075075075075 0.321 0.04684684684684685 0.042
3 0.5330330330330331 0.278 0.14774774774774774 0.1392
4 0.5315315315315315 0.248 0.13693693693693695 0.0784
4 0.5330330330330331 0.304 0.14774774774774774 0.0896
5 0.5075075075075075 0.28 0.20900900900900898 0.144
0 0.4024024024024024 0.268 0.46126126126126127 0.17279999999999998
1 0.5075075075075075 0.178 0.07927927927927927 0.0048
2 0.5405405405405406 0.18 0.0 0.0
2 0.4744744744744745 0.176 0.0 0.0
3 0.5075075075075075 0.149 0.07927927927927927 0.0744
4 0.5375375375375375 0.15 0.007207207207207207 0.084
4 0.4774774774774775 0.147 0.007207207207207207 0.0812
5 0.5075075075075075 0.114 0.07927927927927927 0.1584
0 0.5165165165165165 0.092 0.10090090090090091 0.184
