1 0.409375 0.7834728033472803 0.11624999999999999 0.15815899581589957
2 0.4296875 0.7311715481171548 0.06749999999999999 0.03807531380753138
2 0.3890625 0.8190376569037657 0.06749999999999999 0.08493723849372384
3 0.4078125 0.7552301255230126 0.12 0.22594142259414227
4 0.42734375 0.702928870292887 0.073125 0.11715481171548117
4 0.3875 0.7887029288702929 0.07125000000000001 0.16987447698744768
5 0.40234375 0.702928870292887 0.133125 0.3514644351464435
0 0.3484375 0.5606694560669456 0.2625 0.6928870292887029
1 0.67578125 0.7562761506276151 0.121875 0.19832635983263597
2 0.68515625 0.8179916317991632 0.09937499999999999 0.058577405857740586
2 0.65390625 0.6914225941422594 0.06937499999999999 0.04979079497907949
3 0.67578125 0.7322175732217573 0.121875 0.2560669456066945
4 0.68515625 0.7719665271966527 0.09937499999999999 0.18744769874476985
4 0.65390625 0.6673640167364017 0.06937499999999999 0.11715481171548117
5 0.67578125 0.6976987447698745 0.121875 0.3389121338912134
0 0.6890625 0.5502092050209205 0.15375 0.6928870292887029
