1 0.27578125 0.5631443298969072 0.18562499999999998 0.03402061855670103
2 0.33828125 0.5670103092783505 0.035625000000000004 0.014432989690721649
2 0.2046875 0.5631443298969072 0.015 0.039690721649484534
3 0.27578125 0.5193298969072165 0.18562499999999998 0.13917525773195877
4 0.33828125 0.5167525773195877 0.035625000000000004 0.1551546391752577
4 0.2296875 0.5360824742268041 0.075 0.11546391752577319
5 0.27578125 0.4806701030927835 0.18562499999999998 0.23195876288659795
0 0.27578125 0.40463917525773196 0.18562499999999998 0.4144329896907216
1 0.64140625 0.36082474226804123 0.09562499999999999 0.030927835051546393
2 0.67109375 0.3582474226804124 0.024375 0.028865979381443297
2 0.60625 0.36597938144329895 0.01125 0.02164948453608247
3 0.64453125 0.327319587628866 0.103125 0.111340206185567
4 0.67421875 0.3247422680412371 0.031875 0.122680412371134
4 0.61484375 0.33118556701030927 0.031875 0.1190721649484536
5 0.64453125 0.3015463917525773 0.103125 0.1731958762886598
0 0.64453125 0.23969072164948454 0.103125 0.32164948453608244
