1 0.47630718954248363 0.9272875816993464 0.11960784313725491 0.11960784313725491
2 0.49754901960784315 0.9076797385620915 0.06862745098039216 0.08464052287581698
2 0.44362745098039214 0.9485294117647058 0.041176470588235294 0.08006535947712418
3 0.477124183006536 0.8602941176470589 0.12156862745098038 0.27941176470588236
4 0.49836601307189543 0.8406862745098039 0.07058823529411765 0.2722222222222222
4 0.44362745098039214 0.8627450980392157 0.041176470588235294 0.27450980392156865
5 0.4950980392156863 0.7491830065359477 0.16470588235294117 0.5016339869281046
0 0.5155228758169934 0.6102941176470589 0.2176470588235294 0.7794117647058824
1 0.815359477124183 0.8537581699346405 0.11372549019607842 0.14313725490196078
2 0.7908496732026143 0.8929738562091504 0.054901960784313725 0.05718954248366013
2 0.8521241830065359 0.8333333333333334 0.025490196078431372 0.10980392156862744
3 0.8137254901960784 0.8112745098039216 0.11764705882352941 0.24509803921568626
4 0.7908496732026143 0.8112745098039216 0.054901960784313725 0.28594771241830064
4 0.8137254901960784 0.8022875816993464 0.11764705882352941 0.19673202614379084
5 0.7924836601307189 0.7205882352941176 0.16862745098039217 0.46274509803921565
0 0.755718954248366 0.5923202614379085 0.3588235294117647 0.7705882352941176
