1 0.565625 0.584375 0.041249999999999995 0.0175
2 0.5671875 0.5864583333333333 0.0375 0.014583333333333334
2 0.56015625 0.5791666666666667 0.028125 0.005833333333333333
3 0.565625 0.55 0.041249999999999995 0.1
4 0.5671875 0.5510416666666667 0.0375 0.11374999999999999
4 0.56171875 0.5447916666666667 0.031875 0.10208333333333333
5 0.58671875 0.546875 0.091875 0.1075
0 0.596875 0.4979166666666667 0.11624999999999999 0.225
1 0.3265625 0.5197916666666667 0.052500000000000005 0.042499999999999996
2 0.3390625 0.53125 0.0225 0.017499999999999998
2 0.321875 0.515625 0.041249999999999995 0.03791666666666667
3 0.3265625 0.509375 0.052500000000000005 0.06749999999999999
4 0.3390625 0.509375 0.0225 0.07875
4 0.321875 0.50625 0.041249999999999995 0.06416666666666666
5 0.3265625 0.4875 0.052500000000000005 0.11999999999999998
0 0.3265625 0.465625 0.052500000000000005 0.1725
