1 0.234375 0.6364583333333333 0.06749999999999999 0.32249999999999995
2 0.240625 0.5416666666666666 0.026250000000000002 0.11083333333333333
2 0.234375 0.7489583333333333 0.06749999999999999 0.06125
3 0.2546875 0.6364583333333333 0.11624999999999999 0.32249999999999995
4 0.26640625 0.5708333333333333 0.088125 0.19249999999999998
4 0.24453125 0.66875 0.091875 0.28583333333333333
5 0.26015625 0.6104166666666667 0.129375 0.38499999999999995
0 0.2875 0.4895833333333333 0.195 0.675
1 0.12265625 0.5520833333333334 0.196875 0.095
2 0.05 0.546875 0.0225 0.09624999999999999
2 0.17890625 0.5833333333333334 0.061875 0.02333333333333333
3 0.12265625 0.53125 0.196875 0.145
4 0.0828125 0.528125 0.10124999999999999 0.14875
4 0.17890625 0.53125 0.061875 0.16916666666666663
5 0.12265625 0.46979166666666666 0.196875 0.29250000000000004
0 0.12265625 0.378125 0.196875 0.5125
1 0.84453125 0.5333333333333333 0.061875 0.02
2 0.8578125 0.5333333333333333 0.03 0.02333333333333333
2 0.83125 0.5375 0.03 0.011666666666666665
3 0.84453125 0.4895833333333333 0.061875 0.125
4 0.8578125 0.4895833333333333 0.03 0.14583333333333334
4 0.83125 0.4895833333333333 0.03 0.14583333333333334
5 0.84453125 0.4427083333333333 0.061875 0.2375
0 0.840625 0.3625 0.07125000000000001 0.43
