1 0.23671875 0.628125 0.06937499999999999 0.1175
2 0.2125 0.5854166666666667 0.01125 0.017499999999999998
2 0.24765625 0.6604166666666667 0.043125 0.04666666666666666
3 0.240625 0.5927083333333333 0.07875 0.2025
4 0.23125 0.55 0.05625 0.11666666666666667
4 0.2515625 0.6260416666666667 0.052500000000000005 0.14291666666666666
5 0.23359375 0.5895833333333333 0.09562499999999999 0.21
0 0.23359375 0.55 0.09562499999999999 0.305
1 0.596875 0.6010416666666667 0.1725 0.0475
2 0.53515625 0.6135416666666667 0.024375 0.020416666666666663
2 0.66484375 0.5885416666666666 0.009375 0.020416666666666663
3 0.596875 0.5666666666666667 0.1725 0.13
4 0.53515625 0.5729166666666666 0.024375 0.13416666666666666
4 0.646875 0.5541666666666667 0.052500000000000005 0.11666666666666667
5 0.596875 0.5354166666666667 0.1725 0.205
0 0.5890625 0.46770833333333334 0.19124999999999998 0.3675
1 0.346875 0.559375 0.033749999999999995 0.1125
2 0.3609375 0.5125 0.0 0.0
2 0.34609375 0.596875 0.031875 0.02625
3 0.3546875 0.5322916666666667 0.052500000000000005 0.17750000000000002
4 0.36875 0.48541666666666666 0.01875 0.07583333333333334
4 0.35390625 0.559375 0.050624999999999996 0.13124999999999998
5 0.340625 0.5322916666666667 0.08625 0.17750000000000002
0 0.371875 0.528125 0.16125 0.1875
