1 0.6315359477124183 0.8962418300653595 0.06470588235294118 0.2019607843137255
2 0.630718954248366 0.9395424836601307 0.06274509803921569 0.11437908496732026
2 0.6584967320261438 0.8120915032679739 0.0 0.0
3 0.5694444444444444 0.8831699346405228 0.2137254901960784 0.2333333333333333
4 0.625 0.8831699346405228 0.07647058823529411 0.23366013071895425
4 0.5694444444444444 0.8382352941176471 0.2137254901960784 0.07320261437908496
5 0.5849673202614379 0.8251633986928104 0.25098039215686274 0.34967320261437906
0 0.5065359477124183 0.7418300653594772 0.4392156862745098 0.5163398692810458
1 0.7973856209150327 0.6200980392156863 0.10980392156862745 0.049019607843137254
2 0.8169934640522876 0.6021241830065359 0.06274509803921569 0.006862745098039215
2 0.7892156862745098 0.6217320261437909 0.09019607843137255 0.052614379084967314
3 0.7973856209150327 0.5449346405228758 0.10980392156862745 0.22941176470588237
4 0.8169934640522876 0.5294117647058824 0.06274509803921569 0.21045751633986925
4 0.7892156862745098 0.5449346405228758 0.09019607843137255 0.2676470588235294
5 0.7973856209150327 0.48856209150326796 0.10980392156862745 0.36470588235294116
0 0.815359477124183 0.35375816993464054 0.15294117647058822 0.6882352941176471
