1 0.822 0.6136363636363636 0.1488 0.08863636363636364
2 0.876 0.5965909090909091 0.0192 0.05568181818181817
2 0.779 0.6321022727272727 0.0456 0.051704545454545454
3 0.822 0.5397727272727273 0.1488 0.2659090909090909
4 0.873 0.5227272727272727 0.0264 0.26249999999999996
4 0.779 0.5681818181818182 0.0456 0.23068181818181815
5 0.822 0.5241477272727273 0.1488 0.3034090909090909
0 0.822 0.4119318181818182 0.3408 0.5727272727272728
1 0.613 0.6960227272727273 0.1224 0.08863636363636364
2 0.642 0.6704545454545454 0.0528 0.031818181818181815
2 0.583 0.7130681818181818 0.0504 0.05568181818181817
3 0.613 0.6022727272727273 0.1224 0.3136363636363636
4 0.642 0.5767045454545454 0.0528 0.2943181818181818
4 0.583 0.6505681818181818 0.0504 0.23068181818181815
5 0.613 0.5625 0.1224 0.4090909090909091
0 0.597 0.42045454545454547 0.3192 0.75
