1 0.1359375 0.8614583333333333 0.15375 0.0225
2 0.09453125 0.8552083333333333 0.05437499999999999 0.008749999999999999
2 0.18046875 0.8625 0.046875 0.02333333333333333
3 0.1359375 0.7958333333333333 0.15375 0.18
4 0.09453125 0.790625 0.05437499999999999 0.18958333333333333
4 0.18046875 0.7958333333333333 0.046875 0.21
5 0.1359375 0.709375 0.15375 0.3875
0 0.11796875 0.5947916666666667 0.196875 0.6625
1 0.28125 0.8208333333333333 0.10874999999999999 0.055
2 0.2484375 0.8208333333333333 0.03 0.06416666666666666
2 0.30625 0.8239583333333333 0.04875 0.05541666666666666
3 0.30859375 0.7604166666666666 0.174375 0.2
4 0.2703125 0.7604166666666666 0.08249999999999999 0.23333333333333334
4 0.33359375 0.7875 0.114375 0.1575
5 0.30625 0.7604166666666666 0.18 0.2
0 0.30625 0.6947916666666667 0.18 0.3575
1 0.73515625 0.846875 0.088125 0.0175
2 0.72421875 0.8479166666666667 0.061875 0.017499999999999998
2 0.77109375 0.8427083333333333 0.001875 0.008749999999999999
3 0.7375 0.7697916666666667 0.09375 0.2025
4 0.72421875 0.7697916666666667 0.061875 0.23625
4 0.7734375 0.765625 0.0075 0.22458333333333333
5 0.7421875 0.696875 0.10500000000000001 0.3775
0 0.75234375 0.5822916666666667 0.129375 0.6525
1 0.85390625 0.26145833333333335 0.050624999999999996 0.0175
2 0.86953125 0.2625 0.013125000000000001 0.017499999999999998
2 0.8375 0.259375 0.01125 0.014583333333333334
3 0.85625 0.23333333333333334 0.05625 0.08499999999999999
4 0.871875 0.2375 0.01875 0.0875
4 0.84296875 0.23125 0.024375 0.09333333333333332
5 0.85859375 0.20729166666666668 0.061875 0.1475
0 0.86796875 0.16354166666666667 0.084375 0.2525
