1 0.7671875 0.671875 0.06 0.06749999999999999
2 0.78046875 0.6822916666666666 0.028125 0.049583333333333326
2 0.74375 0.6489583333333333 0.00375 0.014583333333333334
3 0.7640625 0.6260416666666667 0.06749999999999999 0.17750000000000002
4 0.78046875 0.6333333333333333 0.028125 0.18666666666666665
4 0.740625 0.603125 0.01125 0.14291666666666666
5 0.7640625 0.58125 0.06749999999999999 0.285
0 0.77734375 0.471875 0.103125 0.5475
1 0.62578125 0.7395833333333334 0.076875 0.035
2 0.6484375 0.7333333333333333 0.0225 0.02333333333333333
2 0.603125 0.746875 0.0225 0.020416666666666663
3 0.62578125 0.725 0.076875 0.07
4 0.6484375 0.71875 0.0225 0.06416666666666666
4 0.603125 0.7260416666666667 0.0225 0.07875
5 0.62578125 0.7052083333333333 0.076875 0.1175
0 0.625 0.6427083333333333 0.07875 0.2675
