1 0.64296875 0.7929782082324455 0.26437499999999997 0.17723970944309927
2 0.72734375 0.8631961259079903 0.061875 0.010169491525423726
2 0.54140625 0.7687651331719129 0.020624999999999998 0.13898305084745763
3 0.64296875 0.788135593220339 0.26437499999999997 0.18886198547215496
4 0.71953125 0.788135593220339 0.080625 0.22033898305084745
4 0.59609375 0.7687651331719129 0.151875 0.13898305084745763
5 0.64296875 0.7033898305084746 0.26437499999999997 0.3922518159806295
0 0.61796875 0.5811138014527845 0.32437499999999997 0.6857142857142857
1 0.7953125 0.8038740920096852 0.17625 0.1162227602905569
2 0.86015625 0.7893462469733656 0.020624999999999998 0.09491525423728812
2 0.73828125 0.8292978208232445 0.039375 0.06440677966101695
3 0.7953125 0.7324455205811138 0.17625 0.2876513317191283
4 0.8359375 0.7179176755447942 0.07875 0.29491525423728815
4 0.74375 0.7506053268765133 0.052500000000000005 0.2847457627118644
5 0.790625 0.6694915254237288 0.1875 0.4387409200968523
0 0.76484375 0.5181598062953995 0.24937499999999999 0.8019370460048426
