1 0.30390625 0.7517564402810304 0.039375 0.10679156908665105
2 0.29921875 0.7868852459016393 0.020624999999999998 0.02622950819672131
2 0.30390625 0.7482435597189696 0.039375 0.11475409836065574
3 0.30390625 0.6978922716627635 0.039375 0.2360655737704918
4 0.29921875 0.7177985948477752 0.020624999999999998 0.21967213114754097
4 0.30390625 0.6943793911007026 0.039375 0.26557377049180325
5 0.3140625 0.65807962529274 0.06375 0.331615925058548
0 0.3203125 0.5421545667447307 0.14250000000000002 0.6098360655737705
1 0.6421875 0.5152224824355972 0.07875 0.02810304449648712
2 0.6625 0.5175644028103045 0.03 0.02622950819672131
2 0.61875 0.5152224824355972 0.0225 0.03278688524590164
3 0.6421875 0.468384074941452 0.07875 0.1405152224824356
4 0.6625 0.46955503512880564 0.03 0.160655737704918
4 0.61875 0.468384074941452 0.0225 0.16393442622950818
5 0.6421875 0.4180327868852459 0.07875 0.2613583138173302
0 0.63515625 0.31381733021077285 0.09562499999999999 0.5114754098360655
1 0.13359375 0.5023419203747073 0.035625000000000004 0.008430913348946136
2 0.1421875 0.5023419203747073 0.015 0.009836065573770491
2 0.11953125 0.5035128805620609 0.001875 0.006557377049180328
3 0.12890625 0.45901639344262296 0.046875 0.11241217798594848
4 0.1421875 0.45901639344262296 0.015 0.13114754098360656
4 0.11484375 0.4613583138173302 0.013125000000000001 0.12459016393442622
5 0.12578125 0.4098360655737705 0.05437499999999999 0.23044496487119437
0 0.121875 0.3255269320843091 0.10124999999999999 0.4327868852459016
