1 0.8 0.8684895833333334 0.045 0.046875
2 0.78671875 0.8684895833333334 0.013125000000000001 0.0546875
2 0.8125 0.8802083333333334 0.015 0.007291666666666666
3 0.8 0.8346354166666666 0.045 0.128125
4 0.78671875 0.8346354166666666 0.013125000000000001 0.14947916666666666
4 0.8125 0.8463541666666666 0.015 0.10208333333333332
5 0.8 0.8098958333333334 0.045 0.1875
0 0.80703125 0.73046875 0.088125 0.378125
1 0.753125 0.7643229166666666 0.026250000000000002 0.028124999999999997
2 0.7453125 0.7591145833333334 0.0075 0.018229166666666668
2 0.7609375 0.76953125 0.0075 0.018229166666666668
3 0.753125 0.7473958333333334 0.026250000000000002 0.06874999999999999
4 0.74609375 0.7421875 0.009375 0.065625
4 0.7609375 0.7473958333333334 0.0075 0.08020833333333333
5 0.75390625 0.7213541666666666 0.028125 0.13125
0 0.753125 0.69140625 0.0375 0.203125
