1 0.4390625 0.6756440281030445 0.3375 0.1939110070257611
2 0.5625 0.7318501170960188 0.041249999999999995 0.06885245901639343
2 0.32109375 0.6405152224824356 0.05437499999999999 0.12786885245901639
3 0.4484375 0.65807962529274 0.36 0.2360655737704918
4 0.571875 0.65807962529274 0.06375 0.27540983606557373
4 0.3546875 0.6405152224824356 0.13499999999999998 0.12786885245901639
5 0.4484375 0.6533957845433255 0.36 0.24730679156908664
0 0.48046875 0.5351288056206089 0.43687499999999996 0.5311475409836065
1 0.9203125 0.7177985948477752 0.13874999999999998 0.10398126463700234
2 0.87734375 0.711943793911007 0.035625000000000004 0.10491803278688525
2 0.94296875 0.7259953161592506 0.084375 0.09836065573770492
3 0.9140625 0.6311475409836066 0.15375 0.311943793911007
4 0.87109375 0.6252927400468384 0.050624999999999996 0.34754098360655733
5 0.90625 0.5983606557377049 0.1725 0.3906323185011709
0 0.8625 0.3864168618266979 0.275 0.7728337236533958
