1 0.50625 0.6990291262135923 0.21749999999999997 0.051262135922330095
2 0.5765625 0.7048543689320388 0.04875 0.04349514563106796
2 0.42734375 0.6970873786407767 0.028125 0.05436893203883495
3 0.50625 0.6378640776699029 0.21749999999999997 0.19805825242718447
4 0.5765625 0.654368932038835 0.04875 0.18485436893203883
4 0.4421875 0.6359223300970874 0.06375 0.22563106796116503
5 0.50625 0.5990291262135923 0.21749999999999997 0.2912621359223301
0 0.51015625 0.5446601941747573 0.226875 0.42174757281553393
1 0.33359375 0.6718446601941748 0.10687499999999998 0.04194174757281553
2 0.36171875 0.6660194174757281 0.039375 0.032621359223300964
2 0.30078125 0.6766990291262136 0.028125 0.035339805825242716
3 0.33359375 0.6077669902912621 0.10687499999999998 0.1957281553398058
4 0.36171875 0.6019417475728155 0.039375 0.21203883495145628
4 0.30078125 0.6097087378640776 0.028125 0.2229126213592233
5 0.334375 0.5524271844660195 0.10874999999999999 0.32854368932038835
0 0.378125 0.43786407766990293 0.25875 0.603495145631068
