1 0.46015625 0.7592997811816192 0.046875 0.031509846827133474
2 0.47265625 0.75054704595186 0.016874999999999998 0.012253829321663018
2 0.45859375 0.7691466083150985 0.043125 0.009190371991247262
3 0.46015625 0.7035010940919038 0.046875 0.16542669584245076
4 0.47265625 0.6947483588621444 0.016874999999999998 0.16849015317286653
4 0.45859375 0.7111597374179431 0.043125 0.17155361050328224
5 0.46015625 0.6542669584245077 0.046875 0.2835886214442013
0 0.47265625 0.5809628008752735 0.125625 0.45951859956236324
1 0.659375 0.7833698030634574 0.11624999999999999 0.04201312910284464
2 0.69453125 0.7789934354485777 0.031875 0.03676148796498905
2 0.62734375 0.787746170678337 0.039375 0.03676148796498905
3 0.659375 0.7461706783369803 0.11624999999999999 0.13129102844638948
4 0.68984375 0.7428884026258206 0.043125 0.13785557986870894
4 0.63125 0.7461706783369803 0.04875 0.15317286652078774
5 0.659375 0.6936542669584245 0.11624999999999999 0.2573304157549234
0 0.6703125 0.6214442013129103 0.14250000000000002 0.4306345733041575
1 0.19765625 0.7943107221006565 0.21187499999999998 0.047264770240700214
2 0.12734375 0.8008752735229759 0.043125 0.03676148796498905
2 0.2671875 0.7888402625820569 0.045 0.03982494529540481
3 0.19765625 0.7461706783369803 0.21187499999999998 0.16280087527352297
4 0.13125 0.74945295404814 0.052500000000000005 0.18074398249452953
4 0.26171875 0.7407002188183808 0.058124999999999996 0.17461706783369801
5 0.19765625 0.6892778993435449 0.21187499999999998 0.29934354485776804
0 0.19765625 0.6192560175054704 0.21187499999999998 0.4673960612691466
