1 0.48828125 0.6479166666666667 0.080625 0.02
2 0.509375 0.6479166666666667 0.03 0.02333333333333333
2 0.46875 0.6479166666666667 0.033749999999999995 0.017499999999999998
3 0.48828125 0.60625 0.080625 0.11999999999999998
4 0.509375 0.60625 0.03 0.13999999999999999
4 0.46875 0.60625 0.033749999999999995 0.13416666666666666
5 0.48828125 0.5729166666666666 0.080625 0.2
0 0.5015625 0.5135416666666667 0.14250000000000002 0.3425
1 0.36015625 0.6458333333333334 0.136875 0.035
2 0.40703125 0.65 0.024375 0.029166666666666667
2 0.31796875 0.640625 0.035625000000000004 0.02625
3 0.36015625 0.5947916666666667 0.136875 0.1575
4 0.40625 0.5989583333333334 0.026250000000000002 0.1720833333333333
4 0.32421875 0.5895833333333333 0.050624999999999996 0.16916666666666663
5 0.36015625 0.5479166666666667 0.136875 0.26999999999999996
0 0.36328125 0.465625 0.14437499999999998 0.4675
