1 0.70546875 0.6733966745843231 0.050624999999999996 0.059857482185273155
2 0.6890625 0.6876484560570071 0.01125 0.029928741092636577
2 0.71875 0.661520190023753 0.01875 0.03657957244655582
3 0.70546875 0.6187648456057007 0.050624999999999996 0.19097387173396674
4 0.6890625 0.6270783847980997 0.01125 0.1995249406175772
4 0.71875 0.6068883610451307 0.01875 0.18954869358669832
5 0.70234375 0.5641330166270784 0.058124999999999996 0.32209026128266033
0 0.70546875 0.47624703087885983 0.10687499999999998 0.5330166270783848
1 0.36328125 0.7980997624703088 0.035625000000000004 0.07980997624703089
2 0.359375 0.7862232779097387 0.026250000000000002 0.059857482185273155
2 0.3703125 0.8206650831353919 0.01875 0.029928741092636577
3 0.34921875 0.7339667458432304 0.06937499999999999 0.23372921615201897
4 0.3453125 0.7256532066508313 0.06 0.22945368171021377
4 0.3703125 0.7339667458432304 0.01875 0.27268408551068885
5 0.35078125 0.665083135391924 0.073125 0.3990498812351544
0 0.35390625 0.5356294536817102 0.110625 0.7097387173396675
