1 0.7166666666666667 0.1515625 0.055 0.015
2 0.696875 0.153125 0.007499999999999999 0.013124999999999998
2 0.73125 0.14921875 0.02 0.0109375
3 0.7166666666666667 0.1328125 0.055 0.06
4 0.696875 0.13359375 0.007499999999999999 0.0678125
4 0.73125 0.13046875 0.02 0.0634375
5 0.7135416666666666 0.109375 0.0625 0.11624999999999999
0 0.709375 0.08515625 0.1125 0.1703125
1 0.6239583333333333 0.1546875 0.0175 0.0075
2 0.6166666666666667 0.1515625 0.0 0.0
2 0.625 0.1546875 0.014999999999999998 0.008749999999999999
3 0.6197916666666666 0.1328125 0.0275 0.06
4 0.6125 0.13125 0.01 0.056874999999999995
4 0.625 0.1328125 0.014999999999999998 0.06999999999999999
5 0.6145833333333334 0.10703125 0.04 0.121875
0 0.615625 0.0796875 0.0875 0.159375
1 0.4625 0.16875 0.09 0.0225
2 0.490625 0.17578125 0.0225 0.006562499999999999
2 0.434375 0.1671875 0.0225 0.021875
3 0.4625 0.14453125 0.09 0.080625
4 0.490625 0.14921875 0.0225 0.0809375
4 0.43854166666666666 0.14296875 0.0325 0.0896875
5 0.4625 0.121875 0.09 0.13499999999999998
0 0.475 0.1 0.11999999999999998 0.1875
