1 0.49375 0.5520833333333334 0.052500000000000005 0.02
2 0.5125 0.5520833333333334 0.0075 0.011666666666666665
2 0.4765625 0.5520833333333334 0.01125 0.02333333333333333
3 0.49375 0.5291666666666667 0.052500000000000005 0.075
4 0.51171875 0.5270833333333333 0.009375 0.08166666666666665
4 0.478125 0.5291666666666667 0.015 0.0875
5 0.49375 0.5020833333333333 0.052500000000000005 0.14
0 0.4953125 0.459375 0.05625 0.2425
1 0.27265625 0.553125 0.043125 0.0225
2 0.2859375 0.553125 0.01125 0.020416666666666663
2 0.25859375 0.553125 0.009375 0.02625
3 0.2734375 0.5302083333333333 0.045 0.07749999999999999
4 0.28671875 0.5291666666666667 0.013125000000000001 0.0875
4 0.2625 0.534375 0.01875 0.07875
5 0.275 0.5104166666666666 0.04875 0.125
0 0.28359375 0.465625 0.06937499999999999 0.23249999999999998
