1 0.7172413793103448 0.8421875 0.20413793103448274 0.12
2 0.6942528735632184 0.86484375 0.1489655172413793 0.0765625
2 0.7344827586206897 0.8109375 0.16275862068965516 0.05249999999999999
3 0.7172413793103448 0.76953125 0.20413793103448274 0.294375
4 0.6942528735632184 0.76953125 0.1489655172413793 0.34343749999999995
4 0.7344827586206897 0.7421875 0.16275862068965516 0.24499999999999997
5 0.7172413793103448 0.68359375 0.20413793103448274 0.500625
0 0.7436781609195402 0.53125 0.2675862068965517 0.86625
1 0.5091954022988506 0.81328125 0.13517241379310344 0.073125
2 0.5505747126436782 0.80625 0.03586206896551724 0.065625
2 0.4793103448275862 0.81953125 0.06344827586206896 0.0678125
3 0.5160919540229885 0.746875 0.15172413793103448 0.23249999999999998
4 0.5574712643678161 0.73984375 0.05241379310344828 0.2515625
4 0.4793103448275862 0.75078125 0.06344827586206896 0.2603125
5 0.5252873563218391 0.66640625 0.17379310344827584 0.425625
0 0.5494252873563218 0.509375 0.2593103448275862 0.8025
1 0.296551724137931 0.80546875 0.1268965517241379 0.073125
2 0.33448275862068966 0.80546875 0.03586206896551724 0.08531249999999999
2 0.27241379310344827 0.80625 0.06896551724137931 0.08312499999999999
3 0.30689655172413793 0.72890625 0.15172413793103448 0.256875
4 0.3448275862068966 0.72890625 0.06068965517241379 0.2996875
4 0.27241379310344827 0.7328125 0.06896551724137931 0.28874999999999995
5 0.3160919540229885 0.640625 0.17379310344827584 0.46875
0 0.30689655172413793 0.50234375 0.3117241379310345 0.8006249999999999
