1 0.5015625 0.7666666666666667 0.09375 0.030476190476190476
2 0.53515625 0.7722222222222223 0.013125000000000001 0.02
2 0.4734375 0.7619047619047619 0.026250000000000002 0.022222222222222223
3 0.5015625 0.7444444444444445 0.09375 0.0838095238095238
4 0.53515625 0.75 0.013125000000000001 0.08222222222222222
4 0.47578125 0.7396825396825397 0.031875 0.08444444444444443
5 0.5015625 0.7444444444444445 0.09375 0.0838095238095238
0 0.5015625 0.6928571428571428 0.09375 0.2076190476190476
1 0.484375 0.2523809523809524 0.1275 0.06857142857142856
2 0.5375 0.28095238095238095 0.0 0.0
2 0.4453125 0.23492063492063492 0.033749999999999995 0.031111111111111107
3 0.484375 0.2619047619047619 0.1275 0.09142857142857141
4 0.53671875 0.2904761904761905 0.001875 0.02666666666666666
4 0.45625 0.25793650793650796 0.06 0.09555555555555555
5 0.484375 0.2619047619047619 0.1275 0.09142857142857141
0 0.52421875 0.23015873015873015 0.22312499999999996 0.1676190476190476
