1 0.625 0.7348130841121495 0.0975 0.26074766355140183
2 0.665625 0.6261682242990654 0.0 0.0
2 0.596875 0.8282710280373832 0.03 0.042523364485981305
3 0.625 0.7348130841121495 0.0975 0.26074766355140183
4 0.66015625 0.6460280373831776 0.013125000000000001 0.05560747663551401
4 0.596875 0.7675233644859814 0.03 0.21261682242990654
5 0.625 0.7114485981308412 0.0975 0.316822429906542
0 0.60625 0.5782710280373832 0.14250000000000002 0.6364485981308411
1 0.83984375 0.522196261682243 0.21187499999999998 0.03644859813084112
2 0.9203125 0.5233644859813084 0.01875 0.03925233644859812
2 0.76796875 0.5175233644859814 0.039375 0.029439252336448597
3 0.83984375 0.46261682242990654 0.21187499999999998 0.17943925233644858
4 0.9125 0.46261682242990654 0.0375 0.20934579439252335
4 0.77734375 0.463785046728972 0.061875 0.17990654205607476
5 0.83984375 0.4322429906542056 0.21187499999999998 0.2523364485981308
0 0.83984375 0.35514018691588783 0.21187499999999998 0.43738317757009343
