1 0.32211538461538464 0.8036858974358975 0.11923076923076922 0.03269230769230769
2 0.2828525641025641 0.8068910256410257 0.024999999999999998 0.029166666666666667
2 0.3557692307692308 0.7988782051282052 0.038461538461538464 0.02467948717948718
3 0.32211538461538464 0.7580128205128205 0.11923076923076922 0.1423076923076923
4 0.2844551282051282 0.7588141025641025 0.028846153846153848 0.16378205128205126
4 0.3557692307692308 0.7532051282051282 0.038461538461538464 0.15256410256410255
5 0.32211538461538464 0.6987179487179487 0.11923076923076922 0.2846153846153846
0 0.33974358974358976 0.6282051282051282 0.16153846153846155 0.45384615384615384
1 0.7059294871794872 0.24759615384615385 0.03269230769230769 0.028846153846153848
2 0.719551282051282 0.2419871794871795 0.0 0.0
2 0.7059294871794872 0.24759615384615385 0.03269230769230769 0.03365384615384615
3 0.7323717948717948 0.24519230769230768 0.09615384615384616 0.04615384615384615
4 0.7459935897435898 0.23397435897435898 0.06346153846153846 0.022435897435897436
4 0.717948717948718 0.25 0.061538461538461535 0.04038461538461539
5 0.7323717948717948 0.24358974358974358 0.09615384615384616 0.049999999999999996
0 0.7427884615384616 0.20673076923076922 0.12115384615384614 0.13846153846153844
