1 0.243 0.8753753753753754 0.0792 0.01081081081081081
2 0.264 0.8753753753753754 0.028799999999999996 0.01261261261261261
2 0.225 0.8768768768768769 0.036 0.008408408408408409
3 0.243 0.8333333333333334 0.0792 0.1117117117117117
4 0.261 0.8348348348348348 0.036 0.12612612612612611
4 0.225 0.8333333333333334 0.036 0.1303303303303303
5 0.243 0.7822822822822822 0.0792 0.23423423423423423
0 0.243 0.7132132132132132 0.0792 0.39999999999999997
1 0.335 0.8813813813813813 0.06 0.025225225225225228
2 0.347 0.8783783783783784 0.0312 0.021021021021021023
2 0.322 0.8828828828828829 0.028799999999999996 0.02522522522522522
3 0.335 0.8393393393393394 0.06 0.12612612612612611
4 0.347 0.8363363363363363 0.0312 0.13873873873873874
4 0.322 0.8438438438438438 0.028799999999999996 0.13453453453453454
5 0.335 0.7987987987987988 0.06 0.2234234234234234
0 0.332 0.7342342342342343 0.06720000000000001 0.3783783783783784
