1 0.488 0.6826666666666666 0.12 0.0192
2 0.534 0.6853333333333333 0.0096 0.014933333333333333
2 0.45 0.68 0.028799999999999996 0.014933333333333333
3 0.488 0.6533333333333333 0.12 0.0896
4 0.532 0.66 0.014399999999999998 0.08586666666666666
4 0.458 0.6506666666666666 0.048 0.09706666666666666
5 0.488 0.6266666666666667 0.12 0.1536
0 0.488 0.568 0.12 0.2944
1 0.333 0.6666666666666666 0.0264 0.0063999999999999994
2 0.328 0.664 0.0 0.0
2 0.333 0.6666666666666666 0.0264 0.007466666666666667
3 0.333 0.6306666666666667 0.0264 0.0928
4 0.332 0.632 0.0096 0.08959999999999999
4 0.333 0.6306666666666667 0.0264 0.10826666666666665
5 0.322 0.6053333333333333 0.0528 0.1536
0 0.331 0.5506666666666666 0.084 0.2848
1 0.908 0.692 0.0912 0.08
2 0.938 0.6773333333333333 0.0192 0.05226666666666666
2 0.88 0.7226666666666667 0.024 0.007466666666666667
3 0.908 0.6866666666666666 0.0912 0.0928
4 0.918 0.6773333333333333 0.06720000000000001 0.05226666666666666
4 0.88 0.6866666666666666 0.024 0.10826666666666665
5 0.908 0.6506666666666666 0.0912 0.1792
0 0.9 0.5946666666666667 0.1104 0.3136
