1 0.57109375 0.9154103852596315 0.5756249999999999 0.1306532663316583
2 0.76640625 0.9003350083752094 0.10687499999999998 0.1102177554438861
2 0.37109375 0.9530988274706867 0.09562499999999999 0.04690117252931323
3 0.57109375 0.8199329983249581 0.5756249999999999 0.35979899497487433
4 0.74921875 0.8584589614740369 0.148125 0.22747068676716914
4 0.37109375 0.8199329983249581 0.09562499999999999 0.3601340033500838
5 0.57109375 0.7587939698492462 0.5756249999999999 0.4824120603015075
0 0.57109375 0.5494137353433836 0.5756249999999999 0.9011725293132329
1 0.82109375 0.5812395309882747 0.33187500000000003 0.0763819095477387
2 0.9296875 0.5661641541038526 0.07125000000000001 0.04690117252931323
2 0.7203125 0.5912897822445561 0.09 0.0609715242881072
3 0.82109375 0.5293132328308208 0.33187500000000003 0.20100502512562815
4 0.90859375 0.5142378559463987 0.121875 0.19229480737018426
4 0.7203125 0.5368509212730318 0.09 0.21340033500837519
5 0.82109375 0.4656616415410385 0.33187500000000003 0.3537688442211055
0 0.82109375 0.40619765494137355 0.33187500000000003 0.49648241206030147
