1 0.401 0.16266666666666665 0.2376 0.23679999999999998
2 0.453 0.20933333333333334 0.1128 0.14559999999999998
2 0.35 0.09333333333333334 0.11519999999999998 0.08213333333333332
0 0.401 0.16266666666666665 0.2376 0.23679999999999998
1 0.057 0.6186666666666667 0.1032 0.11519999999999998
2 0.057 0.632 0.1032 0.09706666666666666
2 0.016 0.5706666666666667 0.0 0.0
0 0.057 0.6186666666666667 0.1032 0.11519999999999998
1 0.911 0.30933333333333335 0.1416 0.23039999999999997
2 0.914 0.372 0.13440000000000002 0.09333333333333334
2 0.889 0.23466666666666666 0.0888 0.05973333333333333
3 0.915 0.22533333333333333 0.1512 0.432
4 0.918 0.22533333333333333 0.144 0.45066666666666666
0 0.915 0.22533333333333333 0.1512 0.432
