1 0.70234375 0.7646370023419203 0.06937499999999999 0.05901639344262295
2 0.67890625 0.7763466042154566 0.013125000000000001 0.0360655737704918
2 0.71953125 0.7552693208430913 0.028125 0.04262295081967213
3 0.70234375 0.7295081967213115 0.06937499999999999 0.1433255269320843
4 0.67890625 0.7295081967213115 0.013125000000000001 0.16721311475409834
4 0.71953125 0.7213114754098361 0.028125 0.13770491803278687
5 0.70234375 0.6850117096018735 0.06937499999999999 0.25011709601873533
0 0.70625 0.594847775175644 0.07875 0.4665105386416862
1 0.81328125 0.9332552693208431 0.110625 0.08149882903981263
2 0.775 0.9332552693208431 0.01875 0.09508196721311474
2 0.84609375 0.9519906323185011 0.031875 0.022950819672131147
3 0.81328125 0.8793911007025761 0.110625 0.2107728337236534
4 0.78515625 0.8793911007025761 0.043125 0.24121779859484777
4 0.84609375 0.8817330210772834 0.031875 0.21967213114754097
5 0.81328125 0.8044496487119438 0.110625 0.3906323185011709
0 0.81484375 0.6323185011709602 0.125625 0.7353629976580797
