1 0.5893333333333334 0.726 0.384 0.08159999999999999
2 0.4693333333333333 0.71 0.096 0.0504
2 0.7066666666666667 0.735 0.10239999999999999 0.07
3 0.5893333333333334 0.661 0.384 0.2376
4 0.4693333333333333 0.645 0.096 0.23239999999999997
4 0.6986666666666667 0.699 0.1216 0.17079999999999998
5 0.5893333333333334 0.639 0.384 0.2904
0 0.5893333333333334 0.526 0.384 0.5616
1 0.896 0.508 0.096 0.0528
2 0.9253333333333333 0.502 0.025599999999999998 0.0448
2 0.8666666666666667 0.519 0.025599999999999998 0.030799999999999998
3 0.896 0.491 0.096 0.09359999999999999
4 0.9173333333333333 0.485 0.0448 0.0924
4 0.8666666666666667 0.492 0.025599999999999998 0.1064
5 0.8893333333333333 0.457 0.112 0.1752
0 0.8573333333333333 0.41 0.1888 0.288
1 0.22 0.416 0.0416 0.014399999999999998
2 0.22933333333333333 0.418 0.0192 0.0112
2 0.20933333333333334 0.416 0.016 0.016799999999999995
3 0.22 0.401 0.0416 0.0504
4 0.22933333333333333 0.401 0.0192 0.0588
4 0.20933333333333334 0.403 0.016 0.0532
5 0.22 0.389 0.0416 0.0792
0 0.22 0.361 0.0672 0.1464
