1 0.5390625 0.7394366197183099 0.07125000000000001 0.03943661971830986
2 0.53046875 0.7464788732394366 0.050624999999999996 0.02629107981220657
2 0.56328125 0.7276995305164319 0.013125000000000001 0.013145539906103286
3 0.5328125 0.7065727699530516 0.08625 0.11830985915492957
4 0.52421875 0.7065727699530516 0.065625 0.1380281690140845
4 0.53359375 0.6971830985915493 0.084375 0.09859154929577464
5 0.52265625 0.6514084507042254 0.110625 0.2507042253521127
0 0.4921875 0.568075117370892 0.18375 0.4507042253521127
1 0.52421875 0.49413145539906106 0.024375 0.01971830985915493
2 0.52421875 0.48826291079812206 0.016874999999999998 0.006572769953051643
2 0.52421875 0.4964788732394366 0.024375 0.01643192488262911
3 0.51796875 0.4753521126760563 0.039375 0.0647887323943662
4 0.51640625 0.4694835680751174 0.035625000000000004 0.059154929577464786
5 0.51640625 0.4471830985915493 0.043125 0.1323943661971831
0 0.50234375 0.40023474178403756 0.076875 0.24507042253521125
1 0.32421875 0.5727699530516432 0.039375 0.02253521126760563
2 0.33203125 0.5704225352112676 0.020624999999999998 0.019718309859154928
2 0.31875 0.5762910798122066 0.026250000000000002 0.01643192488262911
3 0.32421875 0.5352112676056338 0.039375 0.11267605633802817
4 0.33203125 0.5363849765258216 0.020624999999999998 0.11502347417840375
4 0.31875 0.5352112676056338 0.026250000000000002 0.13145539906103287
5 0.32421875 0.5023474178403756 0.039375 0.19154929577464788
0 0.34453125 0.44014084507042256 0.110625 0.3408450704225352
