1 0.328125 0.9033018867924528 0.06749999999999999 0.12452830188679245
2 0.30703125 0.9009433962264151 0.016874999999999998 0.02641509433962264
2 0.33359375 0.9033018867924528 0.05437499999999999 0.14528301886792452
3 0.35 0.7735849056603774 0.12 0.43584905660377354
4 0.31875 0.7511792452830188 0.045 0.44575471698113206
4 0.35546875 0.8278301886792453 0.10687499999999998 0.3443396226415094
5 0.390625 0.6639150943396226 0.21749999999999997 0.6721698113207547
0 0.4234375 0.5625 0.31124999999999997 0.875
1 0.88125 0.6379716981132075 0.1125 0.025471698113207545
2 0.921875 0.6379716981132075 0.015 0.029716981132075472
2 0.84140625 0.6367924528301887 0.016874999999999998 0.02641509433962264
3 0.88125 0.5943396226415094 0.1125 0.13018867924528302
4 0.91796875 0.6049528301886793 0.024375 0.1221698113207547
4 0.846875 0.5931603773584906 0.03 0.14858490566037735
5 0.88125 0.5719339622641509 0.1125 0.18396226415094338
0 0.88359375 0.5235849056603774 0.118125 0.3
1 0.771875 0.6143867924528302 0.07125000000000001 0.008490566037735849
2 0.79921875 0.6120283018867925 0.005625 0.00330188679245283
2 0.7453125 0.6155660377358491 0.0075 0.00660377358490566
3 0.771875 0.5990566037735849 0.07125000000000001 0.045283018867924525
4 0.79765625 0.5966981132075472 0.009375 0.04622641509433962
4 0.746875 0.6002358490566038 0.01125 0.049528301886792456
5 0.771875 0.5849056603773585 0.07125000000000001 0.07924528301886793
0 0.771875 0.5601415094339622 0.07125000000000001 0.13867924528301886
