1 0.15703125 0.8620689655172413 0.3140625 0.16551724137931031
2 0.05234375 0.8620689655172413 0.091875 0.19310344827586204
2 0.2625 0.9094827586206896 0.09 0.0603448275862069
3 0.21171875 0.8620689655172413 0.4234375 0.16551724137931031
4 0.07421875 0.8620689655172413 0.14437499999999998 0.19310344827586204
4 0.3171875 0.9094827586206896 0.22125 0.0603448275862069
5 0.21171875 0.8160919540229885 0.4234375 0.27586206896551724
0 0.2484375 0.7227011494252874 0.496875 0.5
1 0.8703125 0.8864942528735632 0.15 0.15517241379310345
2 0.8890625 0.9181034482758621 0.10500000000000001 0.09252873563218389
2 0.84140625 0.8563218390804598 0.080625 0.09655172413793102
3 0.8703125 0.7729885057471264 0.15 0.4275862068965517
4 0.878125 0.7830459770114943 0.13125 0.4339080459770115
4 0.84140625 0.742816091954023 0.080625 0.414367816091954
5 0.88125 0.625 0.17625 0.75
0 0.815625 0.5833333333333334 0.33375 0.8333333333333334
