1 0.1784037558685446 0.52890625 0.09577464788732394 0.020624999999999998
2 0.1983568075117371 0.5265625 0.04788732394366197 0.017499999999999998
2 0.1619718309859155 0.53046875 0.056338028169014086 0.0196875
3 0.1784037558685446 0.49140625 0.09577464788732394 0.110625
4 0.1983568075117371 0.4890625 0.04788732394366197 0.12249999999999998
4 0.1619718309859155 0.49375 0.056338028169014086 0.12249999999999998
5 0.1784037558685446 0.45390625 0.09577464788732394 0.200625
0 0.22769953051643194 0.384375 0.21408450704225354 0.3675
1 0.4694835680751174 0.47421875 0.09014084507042253 0.024375
2 0.4612676056338028 0.475 0.07042253521126761 0.021875
2 0.47300469483568075 0.47421875 0.08169014084507041 0.028437499999999998
3 0.4694835680751174 0.440625 0.09014084507042253 0.10500000000000001
4 0.4647887323943662 0.4421875 0.07887323943661972 0.11374999999999999
4 0.47300469483568075 0.440625 0.08169014084507041 0.12249999999999998
5 0.4694835680751174 0.409375 0.09014084507042253 0.18
0 0.4765258215962441 0.36953125 0.10704225352112677 0.275625
1 0.6349765258215962 0.4515625 0.07042253521126761 0.0225
2 0.6514084507042254 0.44921875 0.030985915492957743 0.0196875
2 0.6150234741784038 0.4515625 0.02253521126760563 0.026249999999999996
3 0.6349765258215962 0.42734375 0.07042253521126761 0.080625
4 0.6514084507042254 0.425 0.030985915492957743 0.0875
4 0.6185446009389671 0.42734375 0.030985915492957743 0.0940625
5 0.6349765258215962 0.40234375 0.07042253521126761 0.140625
0 0.642018779342723 0.359375 0.08732394366197183 0.24375
