1 0.5847902097902098 0.74375 0.34615384615384615 0.20249999999999999
2 0.493006993006993 0.809375 0.1258741258741259 0.05249999999999999
2 0.7036713286713286 0.7078125 0.060839160839160834 0.135625
3 0.5847902097902098 0.7296875 0.34615384615384615 0.23625
4 0.493006993006993 0.7296875 0.1258741258741259 0.27562499999999995
4 0.652972027972028 0.7078125 0.1825174825174825 0.135625
5 0.5847902097902098 0.6890625 0.34615384615384615 0.33375
0 0.5463286713286714 0.53359375 0.43846153846153846 0.7068749999999999
1 0.3994755244755245 0.66796875 0.19090909090909092 0.031875
2 0.4737762237762238 0.671875 0.012587412587412587 0.026249999999999996
2 0.3269230769230769 0.66484375 0.016783216783216783 0.028437499999999998
3 0.3994755244755245 0.6375 0.19090909090909092 0.10500000000000001
4 0.46765734265734266 0.6375 0.02727272727272727 0.12249999999999998
4 0.3374125874125874 0.63515625 0.04195804195804196 0.11156249999999998
5 0.3994755244755245 0.61328125 0.19090909090909092 0.163125
0 0.3994755244755245 0.55390625 0.19090909090909092 0.305625
1 0.7954545454545454 0.7359375 0.2643356643356643 0.052500000000000005
2 0.8793706293706294 0.7359375 0.06293706293706294 0.06124999999999999
2 0.7237762237762237 0.7359375 0.0923076923076923 0.056874999999999995
3 0.7954545454545454 0.66015625 0.2643356643356643 0.234375
4 0.8767482517482518 0.66171875 0.06923076923076923 0.2690625
4 0.7237762237762237 0.659375 0.0923076923076923 0.27125
5 0.7954545454545454 0.58359375 0.2643356643356643 0.41812499999999997
0 0.8164335664335665 0.4390625 0.32307692307692304 0.7649999999999999
