1 0.38598326359832635 0.8609375 0.20836820083682006 0.06375
2 0.4497907949790795 0.87265625 0.05523012552301255 0.041562499999999995
2 0.33263598326359833 0.85390625 0.0803347280334728 0.0546875
3 0.38598326359832635 0.7890625 0.20836820083682006 0.23625
4 0.4497907949790795 0.79296875 0.05523012552301255 0.26468749999999996
4 0.3389121338912134 0.78203125 0.09539748953974896 0.2559375
5 0.38598326359832635 0.725 0.20836820083682006 0.39
0 0.41736401673640167 0.584375 0.28368200836820084 0.7274999999999999
1 0.6401673640167364 0.80390625 0.12050209205020919 0.215625
2 0.6610878661087866 0.86484375 0.07029288702928871 0.0809375
2 0.600418410041841 0.734375 0.02510460251046025 0.056874999999999995
3 0.549163179916318 0.77578125 0.3389121338912134 0.28312499999999996
4 0.6610878661087866 0.77578125 0.07029288702928871 0.33031249999999995
4 0.5094142259414226 0.7640625 0.24351464435146442 0.13999999999999999
5 0.5648535564853556 0.746875 0.37656903765690375 0.3525
0 0.5617154811715481 0.55859375 0.5698744769874476 0.804375
