1 0.55234375 0.6088992974238876 0.24187499999999998 0.10117096018735362
2 0.62890625 0.5749414519906323 0.058124999999999996 0.022950819672131147
2 0.45859375 0.6100702576112412 0.016874999999999998 0.11475409836065574
3 0.55234375 0.5409836065573771 0.24187499999999998 0.2641686182669789
4 0.6265625 0.5070257611241218 0.06375 0.21311475409836064
4 0.49921875 0.5761124121779859 0.114375 0.2098360655737705
5 0.55234375 0.477751756440281 0.24187499999999998 0.4159250585480094
0 0.55234375 0.4016393442622951 0.24187499999999998 0.5985948477751756
1 0.20234375 0.7693208430913349 0.159375 0.10398126463700234
2 0.1625 0.7400468384074942 0.06375 0.039344262295081964
2 0.2375 0.7950819672131147 0.075 0.04918032786885246
3 0.20390625 0.7154566744730679 0.163125 0.2332552693208431
4 0.17265625 0.6861826697892272 0.088125 0.19016393442622948
4 0.2390625 0.7377049180327869 0.07875 0.2098360655737705
5 0.20390625 0.7154566744730679 0.163125 0.2332552693208431
0 0.22265625 0.629976580796253 0.20812499999999998 0.43840749414519903
1 0.36796875 0.7505854800936768 0.103125 0.08711943793911006
2 0.34140625 0.7271662763466042 0.039375 0.0360655737704918
2 0.3875 0.7763466042154566 0.05625 0.029508196721311476
3 0.37265625 0.6861826697892272 0.114375 0.24168618266978922
4 0.36328125 0.6627634660421545 0.091875 0.2163934426229508
4 0.3921875 0.6990632318501171 0.06749999999999999 0.2459016393442623
5 0.3609375 0.6861826697892272 0.14250000000000002 0.24168618266978922
0 0.38359375 0.6346604215456675 0.196875 0.36533957845433257
