1 0.34375 0.79375 0.065 0.05625
2 0.35 0.80234375 0.05 0.041562499999999995
2 0.328125 0.78828125 0.0275 0.050312499999999996
3 0.334375 0.74453125 0.0875 0.174375
4 0.35 0.75078125 0.05 0.18593749999999998
4 0.31875 0.7390625 0.05 0.188125
5 0.3416666666666667 0.6921875 0.105 0.3
0 0.33645833333333336 0.58984375 0.2075 0.545625
1 0.4739583333333333 0.78125 0.0875 0.07125000000000001
2 0.49166666666666664 0.8015625 0.045 0.026249999999999996
2 0.4552083333333333 0.77734375 0.042499999999999996 0.07218749999999999
3 0.478125 0.73515625 0.09749999999999999 0.18187499999999998
4 0.49583333333333335 0.74609375 0.055 0.1815625
4 0.4552083333333333 0.73125 0.042499999999999996 0.20124999999999998
5 0.48020833333333335 0.6875 0.1025 0.29625
0 0.48020833333333335 0.56484375 0.2225 0.590625
