1 0.19789227166276346 0.79296875 0.24449648711943792 0.10687499999999998
2 0.275175644028103 0.803125 0.05901639344262295 0.08312499999999999
2 0.15456674473067916 0.79296875 0.1405152224824356 0.12468749999999999
3 0.22014051522248243 0.703125 0.29789227166276344 0.3225
4 0.297423887587822 0.72265625 0.11241217798594848 0.3084375
4 0.15456674473067916 0.703125 0.1405152224824356 0.37625
5 0.22014051522248243 0.628125 0.29789227166276344 0.5025
0 0.3161592505854801 0.52265625 0.5283372365339578 0.755625
1 0.45433255269320844 0.81171875 0.2079625292740047 0.046875
2 0.5023419203747073 0.80546875 0.0927400468384075 0.0371875
2 0.38524590163934425 0.815625 0.04215456674473068 0.04375
3 0.45433255269320844 0.746875 0.2079625292740047 0.20249999999999999
4 0.5023419203747073 0.740625 0.0927400468384075 0.21875
4 0.38524590163934425 0.74765625 0.04215456674473068 0.23406249999999998
5 0.45433255269320844 0.6796875 0.2079625292740047 0.36374999999999996
0 0.41920374707259955 0.56953125 0.34847775175644025 0.628125
