1 0.43359375 0.3489583333333333 0.28312499999999996 0.1575
2 0.32890625 0.378125 0.031875 0.10208333333333333
2 0.515625 0.31145833333333334 0.08625 0.07875
3 0.43359375 0.365625 0.28312499999999996 0.19749999999999998
4 0.32890625 0.378125 0.031875 0.10208333333333333
4 0.5078125 0.365625 0.10500000000000001 0.23041666666666666
5 0.43046875 0.48333333333333334 0.290625 0.4799999999999999
0 0.39609375 0.5447916666666667 0.373125 0.6275
1 0.721875 0.3416666666666667 0.24375 0.13
2 0.63203125 0.3458333333333333 0.028125 0.13999999999999999
2 0.81328125 0.33541666666666664 0.024375 0.13416666666666666
3 0.7234375 0.346875 0.2475 0.1425
4 0.64140625 0.35104166666666664 0.050624999999999996 0.15458333333333332
4 0.81484375 0.3385416666666667 0.028125 0.14291666666666666
5 0.7234375 0.453125 0.2475 0.39749999999999996
0 0.734375 0.453125 0.27375 0.39749999999999996
