1 0.228125 0.8979166666666667 0.39375 0.05999999999999999
2 0.08125 0.8927083333333333 0.041249999999999995 0.05541666666666666
2 0.35625 0.9166666666666666 0.08625 0.017499999999999998
3 0.228125 0.8197916666666667 0.39375 0.2475
4 0.096875 0.8145833333333333 0.07875 0.27416666666666667
4 0.33671875 0.8197916666666667 0.133125 0.28875
5 0.228125 0.7895833333333333 0.39375 0.32
0 0.228125 0.6322916666666667 0.39375 0.6975
1 0.71953125 0.22708333333333333 0.103125 0.02
2 0.75703125 0.22291666666666668 0.013125000000000001 0.011666666666666665
2 0.68203125 0.23229166666666667 0.013125000000000001 0.008749999999999999
3 0.71953125 0.21666666666666667 0.103125 0.045
4 0.7515625 0.22291666666666668 0.026250000000000002 0.011666666666666665
4 0.68203125 0.21666666666666667 0.013125000000000001 0.0525
5 0.71953125 0.21458333333333332 0.103125 0.05
0 0.71953125 0.17708333333333334 0.103125 0.14
1 0.84609375 0.475 0.050624999999999996 0.04
2 0.83203125 0.4739583333333333 0.016874999999999998 0.04375
2 0.86015625 0.484375 0.016874999999999998 0.020416666666666663
3 0.85078125 0.43125 0.061875 0.145
4 0.83359375 0.43020833333333336 0.020624999999999998 0.16624999999999998
4 0.86484375 0.44375 0.028125 0.13416666666666666
5 0.85703125 0.4010416666666667 0.076875 0.21749999999999997
0 0.86796875 0.30625 0.129375 0.445
