1 0.22734375 0.7903981264637002 0.10687499999999998 0.0702576112412178
2 0.26484375 0.8056206088992974 0.016874999999999998 0.039344262295081964
2 0.1828125 0.7611241217798594 0.0 0.0
3 0.2390625 0.7728337236533958 0.13499999999999998 0.11241217798594848
4 0.2390625 0.7435597189695551 0.13499999999999998 0.04918032786885246
5 0.2265625 0.7552693208430913 0.16499999999999998 0.15456674473067916
0 0.25859375 0.6381733021077284 0.24187499999999998 0.43559718969555034
1 0.7015625 0.9238875878220141 0.0975 0.12646370023419204
2 0.72265625 0.9613583138173302 0.046875 0.04262295081967213
2 0.68359375 0.8852459016393442 0.05437499999999999 0.039344262295081964
3 0.70546875 0.8711943793911007 0.10687499999999998 0.2529274004683841
4 0.7265625 0.8957845433255269 0.05625 0.20843091334894615
4 0.68671875 0.832552693208431 0.061875 0.18688524590163932
5 0.709375 0.8044496487119438 0.11624999999999999 0.3911007025761124
0 0.74453125 0.6697892271662763 0.200625 0.6604215456674473
