1 0.49296875 0.8453125 0.103125 0.0375
2 0.46953125 0.846875 0.046875 0.039375
2 0.5265625 0.83359375 0.0225 0.0109375
3 0.49453125 0.796875 0.10687499999999998 0.15375
4 0.46953125 0.796875 0.046875 0.179375
4 0.528125 0.78515625 0.026250000000000002 0.14656249999999998
5 0.50078125 0.74296875 0.121875 0.28312499999999996
0 0.50078125 0.65 0.121875 0.50625
1 0.2828125 0.8203125 0.06749999999999999 0.07875
2 0.29375 0.79453125 0.041249999999999995 0.0196875
2 0.2703125 0.8453125 0.0375 0.021875
3 0.2828125 0.796875 0.06749999999999999 0.13499999999999998
4 0.2890625 0.77109375 0.052500000000000005 0.08531249999999999
4 0.2703125 0.796875 0.0375 0.1575
5 0.278125 0.7578125 0.07875 0.22875
0 0.30703125 0.6640625 0.148125 0.45375
1 0.415625 0.8671875 0.01125 0.045
2 0.41875 0.8484375 0.0 0.0
2 0.415625 0.87265625 0.01125 0.0371875
3 0.428125 0.821875 0.04875 0.15375
4 0.41328125 0.803125 0.013125000000000001 0.126875
4 0.4296875 0.82734375 0.045 0.1640625
5 0.42109375 0.78203125 0.065625 0.24937499999999999
0 0.42421875 0.6890625 0.088125 0.4725
