1 0.86953125 0.6104166666666667 0.166875 0.045
2 0.925 0.60625 0.033749999999999995 0.040833333333333326
2 0.821875 0.6114583333333333 0.052500000000000005 0.049583333333333326
3 0.86953125 0.5541666666666667 0.166875 0.18
4 0.921875 0.55 0.041249999999999995 0.1983333333333333
4 0.821875 0.5541666666666667 0.052500000000000005 0.21
5 0.86953125 0.4864583333333333 0.166875 0.3425
0 0.86328125 0.359375 0.18187499999999998 0.6475000000000001
1 0.47265625 0.7604166666666666 0.37687499999999996 0.075
2 0.60546875 0.7604166666666666 0.058124999999999996 0.0875
2 0.35078125 0.7854166666666667 0.084375 0.011666666666666665
3 0.47265625 0.6989583333333333 0.37687499999999996 0.2225
4 0.56171875 0.7416666666666667 0.163125 0.13999999999999999
4 0.35546875 0.6979166666666666 0.09562499999999999 0.25666666666666665
5 0.47265625 0.6572916666666667 0.37687499999999996 0.32249999999999995
0 0.47265625 0.5645833333333333 0.37687499999999996 0.5449999999999999
