1 0.1640625 0.9237089201877934 0.06375 0.07605633802816901
2 0.1546875 0.9178403755868545 0.041249999999999995 0.07230046948356807
2 0.184375 0.9436619718309859 0.015 0.03286384976525822
3 0.17890625 0.8779342723004695 0.09937499999999999 0.18591549295774648
4 0.17890625 0.8720657276995305 0.09937499999999999 0.2004694835680751
4 0.18359375 0.8802816901408451 0.016874999999999998 0.21032863849765257
5 0.17890625 0.8227699530516432 0.09937499999999999 0.31830985915492954
0 0.18515625 0.7089201877934272 0.136875 0.5821596244131455
1 0.7109375 0.9272300469483568 0.07875 0.14084507042253522
2 0.7359375 0.9788732394366197 0.01875 0.019718309859154928
2 0.6875 0.9002347417840375 0.0225 0.08873239436619718
3 0.7109375 0.8884976525821596 0.07875 0.22300469483568075
4 0.7359375 0.9014084507042254 0.01875 0.19718309859154928
4 0.6875 0.8615023474178404 0.0225 0.19718309859154928
5 0.7109375 0.8262910798122066 0.07875 0.3474178403755869
0 0.71875 0.7112676056338029 0.16875 0.5774647887323944
