1 0.1953125 0.9227166276346604 0.1275 0.07306791569086651
2 0.15234375 0.914519906323185 0.024375 0.06229508196721311
2 0.23359375 0.936768149882904 0.035625000000000004 0.04590163934426229
3 0.1953125 0.810304449648712 0.1275 0.34285714285714286
4 0.15234375 0.8021077283372365 0.024375 0.3770491803278688
4 0.23203125 0.8185011709601874 0.039375 0.3629976580796253
5 0.18828125 0.6920374707259953 0.14437499999999998 0.6159250585480094
0 0.18359375 0.5339578454332553 0.193125 0.9320843091334895
1 0.4375 0.7704918032786885 0.06 0.08430913348946135
2 0.45390625 0.7646370023419203 0.020624999999999998 0.08196721311475409
2 0.42578125 0.7845433255269321 0.031875 0.05901639344262295
3 0.428125 0.7213114754098361 0.08249999999999999 0.20234192037470725
4 0.43515625 0.7154566744730679 0.065625 0.21967213114754097
4 0.41640625 0.7365339578454333 0.05437499999999999 0.19344262295081965
5 0.42109375 0.6709601873536299 0.09937499999999999 0.3231850117096019
0 0.390625 0.5562060889929742 0.18 0.5985948477751756
1 0.60234375 0.797423887587822 0.129375 0.0477751756440281
2 0.57734375 0.8009367681498829 0.06937499999999999 0.04590163934426229
2 0.6375 0.7903981264637002 0.045 0.0360655737704918
3 0.60234375 0.724824355971897 0.129375 0.22201405152224823
4 0.57734375 0.7259953161592506 0.06937499999999999 0.25573770491803277
4 0.61953125 0.7177985948477752 0.088125 0.23934426229508193
5 0.60234375 0.6639344262295082 0.129375 0.36814988290398126
0 0.553125 0.5421545667447307 0.2475 0.6604215456674473
1 0.84609375 0.8009367681498829 0.09937499999999999 0.05620608899297424
2 0.8625 0.8056206088992974 0.06 0.05245901639344262
2 0.8296875 0.7927400468384075 0.06 0.04262295081967213
3 0.84609375 0.7224824355971897 0.09937499999999999 0.24449648711943792
4 0.8625 0.7271662763466042 0.06 0.27213114754098355
4 0.8296875 0.7142857142857143 0.06 0.26229508196721313
5 0.84609375 0.6428571428571429 0.09937499999999999 0.43559718969555034
0 0.8375 0.531615925058548 0.1275 0.702576112412178
1 0.6421875 0.7962529274004684 0.27749999999999997 0.06182669789227166
2 0.55859375 0.7833723653395784 0.076875 0.0360655737704918
2 0.73828125 0.8032786885245902 0.046875 0.05245901639344262
3 0.6421875 0.7201405152224825 0.27749999999999997 0.24449648711943792
4 0.55859375 0.7072599531615925 0.076875 0.24918032786885244
4 0.71875 0.7365339578454333 0.09375 0.23934426229508193
5 0.6421875 0.6639344262295082 0.27749999999999997 0.3793911007025761
0 0.6421875 0.5374707259953162 0.27749999999999997 0.6829039812646369
