1 0.386 0.6561561561561562 0.168 0.08288288288288288
2 0.343 0.6321321321321322 0.0648 0.029429429429429426
2 0.44 0.6876876876876877 0.0384 0.008408408408408409
3 0.386 0.6036036036036037 0.168 0.20900900900900898
4 0.343 0.5795795795795796 0.0648 0.17657657657657658
4 0.44 0.6171171171171171 0.0384 0.206006006006006
5 0.39 0.566066066066066 0.1776 0.2990990990990991
0 0.439 0.45345345345345345 0.29519999999999996 0.5693693693693693
1 0.728 0.2972972972972973 0.0768 0.13693693693693695
2 0.757 0.24774774774774774 0.007199999999999999 0.021021021021021023
2 0.703 0.34384384384384387 0.016800000000000002 0.029429429429429426
3 0.729 0.27177177177177175 0.0792 0.1981981981981982
4 0.758 0.2222222222222222 0.0096 0.09249249249249249
4 0.703 0.30930930930930933 0.016800000000000002 0.12612612612612611
5 0.729 0.27177177177177175 0.0792 0.1981981981981982
0 0.732 0.25075075075075076 0.08639999999999999 0.24864864864864863
1 0.807 0.40540540540540543 0.0696 0.02162162162162162
2 0.822 0.4084084084084084 0.033600000000000005 0.016816816816816817
2 0.792 0.3978978978978979 0.033600000000000005 0.004204204204204204
3 0.807 0.3663663663663664 0.0696 0.11531531531531532
4 0.822 0.3738738738738739 0.033600000000000005 0.1135135135135135
4 0.792 0.3588588588588589 0.033600000000000005 0.1135135135135135
5 0.807 0.33783783783783783 0.0696 0.18378378378378377
0 0.816 0.26876876876876876 0.0912 0.34954954954954953
