1 0.62734375 0.5617715617715617 0.080625 0.022377622377622378
2 0.65390625 0.5571095571095571 0.016874999999999998 0.013053613053613054
2 0.60234375 0.5652680652680653 0.020624999999999998 0.016317016317016316
3 0.62734375 0.5337995337995338 0.080625 0.08951048951048951
4 0.65390625 0.5291375291375291 0.016874999999999998 0.09137529137529136
4 0.60234375 0.541958041958042 0.020624999999999998 0.08158508158508158
5 0.62734375 0.5337995337995338 0.080625 0.08951048951048951
0 0.63203125 0.4988344988344988 0.10687499999999998 0.17342657342657342
1 0.76875 0.6631701631701632 0.16499999999999998 0.15384615384615385
2 0.82578125 0.7097902097902098 0.028125 0.04895104895104895
2 0.70546875 0.6351981351981352 0.013125000000000001 0.10116550116550116
3 0.76875 0.6433566433566433 0.16499999999999998 0.20139860139860138
4 0.82578125 0.6503496503496503 0.028125 0.21538461538461537
4 0.72578125 0.6153846153846154 0.061875 0.15664335664335663
5 0.76875 0.6002331002331003 0.16499999999999998 0.30489510489510485
0 0.80390625 0.5 0.24937499999999999 0.5454545454545454
1 0.2375 0.5303030303030303 0.07875 0.04195804195804196
2 0.21484375 0.5303030303030303 0.024375 0.04895104895104895
2 0.2515625 0.5303030303030303 0.045 0.04242424242424242
3 0.2375 0.49184149184149184 0.07875 0.13426573426573427
4 0.225 0.4965034965034965 0.04875 0.14358974358974358
4 0.2515625 0.49067599067599066 0.045 0.15337995337995336
5 0.23359375 0.4731934731934732 0.088125 0.17902097902097902
0 0.25625 0.4172494172494173 0.14250000000000002 0.3132867132867133
