1 0.25589622641509435 0.6484375 0.09339622641509435 0.052500000000000005
2 0.2759433962264151 0.65703125 0.045283018867924525 0.0371875
2 0.23231132075471697 0.640625 0.03679245283018868 0.039375
3 0.2688679245283019 0.5828125 0.12452830188679245 0.21000000000000002
4 0.28891509433962265 0.5828125 0.07641509433962264 0.24499999999999997
4 0.23231132075471697 0.58125 0.03679245283018868 0.205625
5 0.2688679245283019 0.5125 0.12452830188679245 0.37875
0 0.27122641509433965 0.39453125 0.28867924528301886 0.661875
1 0.49528301886792453 0.88046875 0.1867924528301887 0.05437499999999999
2 0.4740566037735849 0.88125 0.13584905660377358 0.06124999999999999
2 0.5613207547169812 0.87578125 0.02830188679245283 0.050312499999999996
3 0.49528301886792453 0.82890625 0.1867924528301887 0.178125
4 0.4740566037735849 0.82890625 0.13584905660377358 0.2078125
4 0.5483490566037735 0.82578125 0.059433962264150944 0.1903125
5 0.49528301886792453 0.784375 0.1867924528301887 0.28500000000000003
0 0.49528301886792453 0.6828125 0.1867924528301887 0.5287499999999999
