1 0.2638888888888889 0.7682291666666666 0.29583333333333334 0.11875000000000001
2 0.15538194444444445 0.7630208333333334 0.035416666666666666 0.12395833333333332
2 0.3567708333333333 0.79296875 0.07291666666666667 0.06927083333333332
3 0.2690972222222222 0.703125 0.30833333333333335 0.27499999999999997
4 0.20833333333333334 0.7265625 0.16249999999999998 0.22604166666666667
4 0.3619791666666667 0.703125 0.08541666666666665 0.3208333333333333
5 0.2690972222222222 0.62890625 0.30833333333333335 0.453125
0 0.3055555555555556 0.5182291666666666 0.3958333333333333 0.71875
1 0.7378472222222222 0.5807291666666666 0.07916666666666666 0.01875
2 0.7664930555555556 0.5807291666666666 0.010416666666666666 0.021874999999999995
2 0.7109375 0.5833333333333334 0.014583333333333334 0.014583333333333332
3 0.7378472222222222 0.5559895833333334 0.07916666666666666 0.078125
4 0.7630208333333334 0.5559895833333334 0.01875 0.09114583333333333
4 0.7135416666666666 0.55859375 0.020833333333333332 0.08385416666666666
5 0.7378472222222222 0.53125 0.07916666666666666 0.13749999999999998
0 0.7378472222222222 0.484375 0.07916666666666666 0.25
