1 0.568 0.37237237237237236 0.096 0.04324324324324324
2 0.596 0.36486486486486486 0.028799999999999996 0.029429429429429426
2 0.537 0.3768768768768769 0.021599999999999998 0.03783783783783784
3 0.549 0.3153153153153153 0.1416 0.18018018018018017
4 0.588 0.3078078078078078 0.048 0.18918918918918917
4 0.518 0.3213213213213213 0.06720000000000001 0.19339339339339337
5 0.549 0.3153153153153153 0.1416 0.18018018018018017
0 0.535 0.2732732732732733 0.228 0.28108108108108104
1 0.116 0.6051051051051051 0.0912 0.07567567567567568
2 0.14 0.5915915915915916 0.033600000000000005 0.05045045045045044
2 0.092 0.6186186186186187 0.033600000000000005 0.05045045045045044
3 0.116 0.5435435435435435 0.0912 0.2234234234234234
4 0.137 0.53003003003003 0.040799999999999996 0.22282282282282279
4 0.092 0.5645645645645646 0.033600000000000005 0.20180180180180177
5 0.11 0.5315315315315315 0.1056 0.25225225225225223
0 0.111 0.44894894894894893 0.108 0.45045045045045046
