1 0.60546875 0.7877237851662404 0.09562499999999999 0.09820971867007672
2 0.59609375 0.7877237851662404 0.073125 0.1145780051150895
2 0.64453125 0.7953964194373402 0.001875 0.0
3 0.60546875 0.7378516624040921 0.09562499999999999 0.21790281329923275
4 0.59609375 0.7378516624040921 0.073125 0.2542199488491048
4 0.6390625 0.7352941176470589 0.015 0.16828644501278772
5 0.6203125 0.7046035805626598 0.13125 0.29769820971867006
0 0.62578125 0.5997442455242967 0.148125 0.5493606138107416
1 0.8015625 0.3375959079283887 0.045 0.03682864450127877
2 0.78671875 0.33631713554987214 0.009375 0.03938618925831202
2 0.80859375 0.3388746803069054 0.028125 0.03938618925831202
3 0.8015625 0.2928388746803069 0.045 0.1442455242966752
4 0.78984375 0.29923273657289 0.016874999999999998 0.1432225063938619
4 0.80859375 0.2928388746803069 0.028125 0.16828644501278772
5 0.8015625 0.2595907928388747 0.045 0.2240409207161125
0 0.8015625 0.1918158567774936 0.045 0.3836317135549872
1 0.83515625 0.3375959079283887 0.024375 0.02455242966751918
2 0.828125 0.3273657289002558 0.0 0.0
2 0.83515625 0.3375959079283887 0.024375 0.028644501278772376
3 0.83515625 0.30818414322250637 0.024375 0.09514066496163681
4 0.83203125 0.2979539641943734 0.009375 0.08235294117647057
4 0.83515625 0.3132992327365729 0.024375 0.09667519181585676
5 0.83203125 0.2749360613810742 0.031875 0.17493606138107415
0 0.83203125 0.24168797953964194 0.031875 0.2547314578005115
