1 0.30234375 0.6908665105386417 0.18562499999999998 0.10117096018735362
2 0.359375 0.7189695550351288 0.04875 0.039344262295081964
2 0.2453125 0.6697892271662763 0.04875 0.05901639344262295
3 0.30234375 0.6217798594847775 0.18562499999999998 0.26697892271662765
4 0.34609375 0.6405152224824356 0.080625 0.25901639344262295
4 0.2453125 0.6007025761124122 0.04875 0.2524590163934426
5 0.30234375 0.5644028103044496 0.18562499999999998 0.4046838407494145
0 0.31953125 0.4812646370023419 0.226875 0.6042154566744731
1 0.17109375 0.5526932084309133 0.121875 0.022482435597189696
2 0.1265625 0.5550351288056206 0.015 0.019672131147540982
2 0.21640625 0.5515222482435597 0.013125000000000001 0.022950819672131147
3 0.17109375 0.5175644028103045 0.121875 0.10679156908665105
4 0.13125 0.5187353629976581 0.026250000000000002 0.12131147540983606
4 0.21328125 0.5163934426229508 0.020624999999999998 0.12131147540983606
5 0.17109375 0.468384074941452 0.121875 0.22482435597189696
0 0.18125 0.4063231850117096 0.14625 0.37377049180327865
