1 0.75703125 0.8333333333333334 0.076875 0.065
2 0.76015625 0.85 0.06937499999999999 0.029166666666666667
2 0.74765625 0.8114583333333333 0.05437499999999999 0.014583333333333334
3 0.75703125 0.784375 0.076875 0.1825
4 0.76015625 0.7885416666666667 0.06937499999999999 0.20124999999999998
4 0.74765625 0.7625 0.05437499999999999 0.15166666666666667
5 0.7703125 0.7104166666666667 0.10874999999999999 0.36
0 0.7703125 0.628125 0.10874999999999999 0.5574999999999999
1 0.38203125 0.7770833333333333 0.286875 0.26499999999999996
2 0.47734375 0.6895833333333333 0.058124999999999996 0.06416666666666666
2 0.28984375 0.859375 0.065625 0.07875
3 0.38203125 0.7239583333333334 0.286875 0.3925
4 0.4484375 0.6364583333333333 0.1275 0.21291666666666664
4 0.28984375 0.7927083333333333 0.065625 0.26541666666666663
5 0.38203125 0.7166666666666667 0.286875 0.41
0 0.36953125 0.6197916666666666 0.31687499999999996 0.6425
