1 0.64140625 0.8197916666666667 0.031875 0.0525
2 0.6484375 0.803125 0.015 0.014583333333333334
2 0.63515625 0.8260416666666667 0.016874999999999998 0.04375
3 0.64140625 0.796875 0.031875 0.1075
4 0.6453125 0.7802083333333333 0.0225 0.07875
4 0.64140625 0.8020833333333334 0.031875 0.11083333333333333
5 0.64296875 0.765625 0.035625000000000004 0.1825
0 0.65625 0.7208333333333333 0.12 0.29
1 0.784375 0.8885416666666667 0.14250000000000002 0.0325
2 0.73046875 0.8822916666666667 0.013125000000000001 0.020416666666666663
2 0.83359375 0.8958333333333334 0.024375 0.017499999999999998
3 0.784375 0.8625 0.14250000000000002 0.095
4 0.734375 0.85625 0.0225 0.09333333333333332
4 0.83359375 0.8635416666666667 0.024375 0.10791666666666666
5 0.784375 0.8572916666666667 0.14250000000000002 0.1075
0 0.784375 0.809375 0.14250000000000002 0.2225
1 0.81015625 0.8614583333333333 0.133125 0.0175
2 0.7625 0.8614583333333333 0.01875 0.020416666666666663
2 0.85703125 0.8604166666666667 0.020624999999999998 0.011666666666666665
3 0.81015625 0.8354166666666667 0.133125 0.08
4 0.7625 0.8375 0.01875 0.0875
4 0.8515625 0.8333333333333334 0.033749999999999995 0.0875
5 0.81015625 0.8354166666666667 0.133125 0.08
0 0.81015625 0.7989583333333333 0.133125 0.16749999999999998
1 0.24140625 0.11666666666666667 0.084375 0.01
2 0.275 0.11458333333333333 0.00375 0.005833333333333333
2 0.21015625 0.11666666666666667 0.009375 0.011666666666666665
3 0.24140625 0.1 0.084375 0.05
4 0.27109375 0.09791666666666667 0.013125000000000001 0.0525
4 0.21640625 0.10104166666666667 0.024375 0.05541666666666666
5 0.24140625 0.0875 0.084375 0.08
0 0.24140625 0.06979166666666667 0.084375 0.1225
1 0.26640625 0.3958333333333333 0.09937499999999999 0.165
2 0.29765625 0.33645833333333336 0.024375 0.02625
2 0.22890625 0.459375 0.009375 0.014583333333333334
3 0.2640625 0.3958333333333333 0.10500000000000001 0.165
4 0.28125 0.33958333333333335 0.06375 0.034999999999999996
4 0.2265625 0.43125 0.015 0.09333333333333332
5 0.26015625 0.3958333333333333 0.114375 0.165
0 0.234375 0.375 0.17625 0.215
