1 0.36484375 0.8411214953271028 0.080625 0.09532710280373831
2 0.340625 0.8411214953271028 0.0225 0.09158878504672896
2 0.37421875 0.8411214953271028 0.058124999999999996 0.11121495327102802
3 0.34921875 0.7686915887850467 0.193125 0.26915887850467285
4 0.38046875 0.7686915887850467 0.118125 0.29439252336448596
4 0.33359375 0.7686915887850467 0.15562499999999999 0.314018691588785
5 0.34921875 0.7067757009345794 0.193125 0.41775700934579435
0 0.35234375 0.5607476635514018 0.200625 0.7682242990654206
1 0.62890625 0.8866822429906542 0.148125 0.02523364485981308
2 0.6703125 0.889018691588785 0.04875 0.02289719626168224
2 0.58203125 0.8843457943925234 0.035625000000000004 0.02289719626168224
3 0.62890625 0.7593457943925234 0.148125 0.3308411214953271
4 0.6703125 0.7593457943925234 0.04875 0.3859813084112149
4 0.58203125 0.7605140186915887 0.035625000000000004 0.36962616822429906
5 0.62890625 0.7172897196261683 0.148125 0.4317757009345794
0 0.63515625 0.5782710280373832 0.174375 0.7654205607476635
