1 0.7927400468384075 0.43828125 0.03653395784543326 0.016874999999999998
2 0.7822014051522248 0.43671875 0.011241217798594848 0.015312499999999998
2 0.8044496487119438 0.440625 0.008430913348946136 0.013124999999999998
3 0.7950819672131147 0.42734375 0.04215456674473068 0.043125
4 0.7857142857142857 0.42578125 0.019672131147540985 0.0459375
4 0.8067915690866511 0.4296875 0.01405152224824356 0.04375
5 0.797423887587822 0.41328125 0.0477751756440281 0.076875
0 0.8173302107728337 0.38984375 0.0955503512880562 0.133125
1 0.8747072599531616 0.43828125 0.03653395784543326 0.005625
2 0.8641686182669789 0.43671875 0.011241217798594848 0.0021874999999999998
2 0.8864168618266979 0.4390625 0.008430913348946136 0.0043749999999999995
3 0.8758782201405152 0.42734375 0.03934426229508197 0.031875
4 0.8653395784543325 0.42578125 0.01405152224824356 0.0328125
4 0.8875878220140515 0.428125 0.011241217798594848 0.034999999999999996
5 0.8899297423887588 0.4109375 0.07306791569086651 0.07125000000000001
0 0.9004683840749415 0.38671875 0.09836065573770492 0.129375
