1 0.09765625 0.8967136150234741 0.050624999999999996 0.028169014084507043
2 0.07890625 0.8943661971830986 0.005625 0.02629107981220657
2 0.10546875 0.9002347417840375 0.031875 0.02300469483568075
3 0.09765625 0.8568075117370892 0.050624999999999996 0.12394366197183097
4 0.0828125 0.8544600938967136 0.015 0.1380281690140845
4 0.10546875 0.8568075117370892 0.031875 0.14460093896713613
5 0.09765625 0.8169014084507042 0.050624999999999996 0.21971830985915491
0 0.09765625 0.7511737089201878 0.050624999999999996 0.3774647887323943
1 0.90859375 0.852112676056338 0.039375 0.02253521126760563
2 0.8953125 0.8497652582159625 0.0075 0.019718309859154928
2 0.91640625 0.8556338028169014 0.020624999999999998 0.01643192488262911
3 0.90859375 0.8286384976525821 0.039375 0.07887323943661972
4 0.8953125 0.8262910798122066 0.0075 0.08544600938967135
4 0.91640625 0.8286384976525821 0.020624999999999998 0.092018779342723
5 0.90859375 0.7992957746478874 0.039375 0.14929577464788732
0 0.9046875 0.7488262910798122 0.05625 0.2704225352112676
1 0.18125 0.9389671361502347 0.052500000000000005 0.02253521126760563
2 0.1640625 0.9307511737089202 0.01125 0.0032863849765258214
2 0.1875 0.9436619718309859 0.0375 0.013145539906103286
3 0.18125 0.8955399061032864 0.052500000000000005 0.1267605633802817
4 0.165625 0.8896713615023474 0.015 0.11830985915492957
4 0.1875 0.8955399061032864 0.0375 0.14788732394366194
5 0.18125 0.8568075117370892 0.052500000000000005 0.21971830985915491
0 0.18203125 0.784037558685446 0.05437499999999999 0.39436619718309857
