1 0.36666666666666664 0.714 0.31679999999999997 0.05759999999999999
2 0.4653333333333333 0.714 0.08 0.06719999999999998
2 0.25066666666666665 0.712 0.0384 0.061599999999999995
3 0.36666666666666664 0.645 0.31679999999999997 0.22319999999999998
4 0.4653333333333333 0.645 0.08 0.26039999999999996
4 0.272 0.654 0.0896 0.224
5 0.36666666666666664 0.566 0.31679999999999997 0.4128
0 0.36666666666666664 0.441 0.31679999999999997 0.7128
1 0.22666666666666666 0.555 0.032 0.007199999999999999
2 0.24 0.552 0.0 0.0
2 0.21333333333333335 0.558 0.0 0.0
3 0.22266666666666668 0.536 0.0416 0.0528
4 0.23066666666666666 0.533 0.0224 0.0532
4 0.20933333333333334 0.536 0.0096 0.061599999999999995
5 0.216 0.516 0.05759999999999999 0.1008
0 0.21066666666666667 0.469 0.0832 0.21359999999999998
1 0.5866666666666667 0.561 0.0448 0.036
2 0.5986666666666667 0.552 0.016 0.016799999999999995
2 0.5773333333333334 0.562 0.0224 0.0392
3 0.5866666666666667 0.539 0.0448 0.0888
4 0.5973333333333334 0.53 0.0192 0.0784
4 0.5773333333333334 0.544 0.0224 0.0896
5 0.5866666666666667 0.519 0.0448 0.13679999999999998
0 0.5853333333333334 0.485 0.08639999999999999 0.2184
