1 0.38515625 0.8542435424354243 0.751875 0.12398523985239852
2 0.6671875 0.8284132841328413 0.075 0.07232472324723246
2 0.09296875 0.8763837638376384 0.050624999999999996 0.08265682656826567
3 0.38515625 0.7619926199261993 0.751875 0.34538745387453873
4 0.628125 0.75 0.16875 0.2918819188191882
4 0.15546875 0.7619926199261993 0.200625 0.4029520295202952
5 0.38515625 0.6586715867158671 0.751875 0.5933579335793358
0 0.38515625 0.5285977859778598 0.751875 0.9055350553505535
1 0.16875 0.0940959409594096 0.052500000000000005 0.008856088560885609
2 0.15703125 0.09501845018450185 0.024375 0.0025830258302583023
2 0.184375 0.0940959409594096 0.015 0.01033210332103321
3 0.16875 0.05627306273062731 0.052500000000000005 0.0996309963099631
4 0.15703125 0.055350553505535055 0.024375 0.11070110701107011
4 0.1828125 0.05627306273062731 0.01875 0.11254612546125461
0 0.16875 0.05627306273062731 0.052500000000000005 0.0996309963099631
