1 0.74609375 0.3875 0.091875 0.025
2 0.76015625 0.3875 0.058124999999999996 0.029166666666666667
2 0.7390625 0.3875 0.075 0.029166666666666667
3 0.74609375 0.3104166666666667 0.091875 0.21
4 0.759375 0.3104166666666667 0.06 0.245
4 0.7390625 0.3104166666666667 0.075 0.245
5 0.7046875 0.3072916666666667 0.19124999999999998 0.21749999999999997
0 0.7 0.19895833333333332 0.20249999999999999 0.39791666666666664
1 0.82265625 0.38333333333333336 0.076875 0.02
2 0.83984375 0.38229166666666664 0.035625000000000004 0.020416666666666663
2 0.81640625 0.384375 0.061875 0.020416666666666663
3 0.82265625 0.3104166666666667 0.076875 0.19499999999999998
4 0.8390625 0.309375 0.0375 0.22458333333333333
4 0.81640625 0.31354166666666666 0.061875 0.21875
5 0.7890625 0.2947916666666667 0.1575 0.23249999999999998
0 0.775 0.19895833333333332 0.19124999999999998 0.39791666666666664
