1 0.2390625 0.8501170960187353 0.13874999999999998 0.06744730679156909
2 0.20390625 0.8688524590163934 0.05437499999999999 0.02622950819672131
2 0.27421875 0.84192037470726 0.05437499999999999 0.05573770491803278
3 0.2390625 0.7599531615925058 0.13874999999999998 0.28384074941451987
4 0.21171875 0.7763466042154566 0.073125 0.28524590163934427
4 0.2625 0.7517564402810304 0.08249999999999999 0.3081967213114754
5 0.2390625 0.6709601873536299 0.13874999999999998 0.497423887587822
0 0.246875 0.550351288056206 0.19874999999999998 0.7868852459016393
1 0.82734375 0.9449648711943794 0.076875 0.025292740046838406
2 0.80390625 0.9437939110070258 0.020624999999999998 0.013114754098360656
2 0.8421875 0.9449648711943794 0.041249999999999995 0.029508196721311476
3 0.834375 0.8290398126463701 0.09375 0.3035128805620609
4 0.80390625 0.8348946135831382 0.020624999999999998 0.3180327868852459
4 0.84921875 0.8290398126463701 0.058124999999999996 0.34192037470725994
5 0.8265625 0.7060889929742389 0.1125 0.5878220140515222
0 0.8078125 0.5234192037470726 0.225 0.9531615925058547
1 0.13203125 0.522248243559719 0.06937499999999999 0.03372365339578454
2 0.15390625 0.5210772833723654 0.016874999999999998 0.0360655737704918
2 0.10625 0.5269320843091335 0.0075 0.02622950819672131
3 0.13203125 0.4918032786885246 0.06937499999999999 0.10679156908665105
4 0.1515625 0.49063231850117095 0.0225 0.12131147540983606
4 0.1078125 0.5 0.01125 0.10163934426229508
5 0.13203125 0.468384074941452 0.06937499999999999 0.16299765807962527
0 0.13203125 0.40866510538641687 0.06937499999999999 0.3063231850117096
