1 0.30538922155688625 0.867 0.10059880239520959 0.016800000000000002
2 0.26497005988023953 0.872 0.003592814371257485 0.0056
2 0.3383233532934132 0.86 0.021556886227544907 0.0
3 0.30538922155688625 0.846 0.10059880239520959 0.06720000000000001
4 0.27095808383233533 0.853 0.017964071856287425 0.0588
4 0.3383233532934132 0.839 0.021556886227544907 0.0588
5 0.30538922155688625 0.834 0.10059880239520959 0.096
0 0.32335329341317365 0.794 0.1437125748502994 0.192
1 0.6811377245508982 0.846 0.08263473053892215 0.0192
2 0.7035928143712575 0.84 0.02874251497005988 0.0056
2 0.6526946107784432 0.85 0.01437125748502994 0.0112
3 0.6811377245508982 0.823 0.08263473053892215 0.0744
4 0.7005988023952096 0.817 0.03592814371257485 0.07
4 0.6676646706586826 0.83 0.050299401197604794 0.06719999999999998
5 0.6811377245508982 0.793 0.08263473053892215 0.1464
0 0.688622754491018 0.739 0.10778443113772455 0.276
