1 0.21484375 0.7295081967213115 0.125625 0.0927400468384075
2 0.240625 0.7447306791569087 0.06375 0.06557377049180328
2 0.18671875 0.724824355971897 0.058124999999999996 0.09508196721311474
3 0.21796875 0.6592505854800936 0.133125 0.2613583138173302
4 0.24375 0.6592505854800936 0.07125000000000001 0.30491803278688523
4 0.20859375 0.6604215456674473 0.110625 0.27540983606557373
5 0.21796875 0.5995316159250585 0.133125 0.4046838407494145
0 0.2140625 0.4765807962529274 0.14250000000000002 0.6997658079625293
1 0.83515625 0.9168618266978923 0.31687499999999996 0.13208430913348945
2 0.715625 0.9262295081967213 0.03 0.12786885245901639
2 0.946875 0.8747072599531616 0.04875 0.0360655737704918
3 0.83515625 0.8313817330210773 0.31687499999999996 0.3372365339578454
4 0.71796875 0.8489461358313818 0.035625000000000004 0.30210772833723654
4 0.91328125 0.7892271662763466 0.129375 0.27540983606557373
5 0.83515625 0.7459016393442623 0.31687499999999996 0.5081967213114754
0 0.81015625 0.6147540983606558 0.37687499999999996 0.7704918032786885
1 0.0671875 0.4309133489461358 0.0225 0.02810304449648712
2 0.06484375 0.44028103044496486 0.016874999999999998 0.006557377049180328
2 0.07578125 0.4309133489461358 0.001875 0.03278688524590164
3 0.0671875 0.405152224824356 0.0225 0.08992974238875878
4 0.06484375 0.405152224824356 0.016874999999999998 0.10491803278688525
4 0.06796875 0.4098360655737705 0.020624999999999998 0.09180327868852459
5 0.0671875 0.3747072599531616 0.0225 0.16299765807962527
0 0.06484375 0.32435597189695553 0.06937499999999999 0.28384074941451987
