1 0.4625 0.8620309050772627 0.07125000000000001 0.039735099337748346
2 0.48359375 0.8576158940397351 0.020624999999999998 0.03399558498896247
2 0.440625 0.8664459161147903 0.01875 0.03399558498896247
3 0.4625 0.8134657836644592 0.10124999999999999 0.1562913907284768
4 0.48984375 0.82560706401766 0.035625000000000004 0.12362030905077263
4 0.434375 0.8134657836644592 0.033749999999999995 0.1823399558498896
5 0.4625 0.8134657836644592 0.10124999999999999 0.1562913907284768
0 0.46640625 0.7185430463576159 0.118125 0.3841059602649007
1 0.6859375 0.9216335540838853 0.08625 0.05033112582781457
2 0.690625 0.9271523178807947 0.075 0.043267108167770414
2 0.6796875 0.9139072847682119 0.07125000000000001 0.037086092715231785
3 0.6859375 0.8355408388520972 0.08625 0.25695364238410595
4 0.690625 0.8355408388520972 0.075 0.29977924944812356
4 0.684375 0.8333333333333334 0.08249999999999999 0.2626931567328918
5 0.68828125 0.7472406181015453 0.091875 0.4688741721854305
0 0.67265625 0.6192052980132451 0.129375 0.7615894039735099
