1 0.789 0.7973333333333333 0.0744 0.032
2 0.783 0.8026666666666666 0.06 0.022399999999999996
2 0.818 0.7893333333333333 0.0048 0.014933333333333333
3 0.789 0.7506666666666667 0.0744 0.144
4 0.783 0.7506666666666667 0.06 0.16799999999999998
4 0.801 0.744 0.0456 0.14186666666666667
5 0.789 0.6946666666666667 0.0744 0.2784
0 0.775 0.5773333333333334 0.13679999999999998 0.56
1 0.247 0.7146666666666667 0.132 0.0384
2 0.21 0.72 0.043199999999999995 0.029866666666666666
2 0.286 0.7133333333333334 0.0384 0.04106666666666666
3 0.247 0.6773333333333333 0.132 0.128
4 0.216 0.684 0.05759999999999999 0.13066666666666665
4 0.283 0.676 0.0456 0.14559999999999998
5 0.247 0.6493333333333333 0.132 0.1952
0 0.247 0.5733333333333334 0.132 0.3776
