1 0.46 0.95 0.0928 0.033600000000000005
2 0.428 0.946 0.016 0.028
2 0.484 0.957 0.035199999999999995 0.0196
3 0.46 0.939 0.0928 0.06
4 0.43866666666666665 0.935 0.0416 0.0588
4 0.484 0.939 0.035199999999999995 0.07
5 0.46 0.921 0.0928 0.1032
0 0.46 0.887 0.0928 0.1848
1 0.3453333333333333 0.951 0.112 0.0264
2 0.33466666666666667 0.952 0.08639999999999999 0.028
2 0.35333333333333333 0.95 0.0928 0.028
3 0.3453333333333333 0.931 0.112 0.0744
4 0.3373333333333333 0.931 0.0928 0.0868
4 0.35333333333333333 0.935 0.0928 0.07
5 0.3453333333333333 0.924 0.112 0.0912
0 0.3453333333333333 0.895 0.112 0.16079999999999997
