1 0.384375 0.6357421875 0.24375 0.08203125
2 0.47265625 0.6611328125 0.031875 0.024609375
2 0.29296875 0.6103515625 0.024375 0.024609375
3 0.384375 0.6005859375 0.24375 0.16640625
4 0.46640625 0.6064453125 0.046875 0.177734375
4 0.3171875 0.5751953125 0.08249999999999999 0.12304687499999999
5 0.384375 0.5439453125 0.24375 0.30234374999999997
0 0.3984375 0.462890625 0.27749999999999997 0.49687499999999996
1 0.88203125 0.8115234375 0.088125 0.14296875
2 0.875 0.8603515625 0.07125000000000001 0.030078124999999997
2 0.89140625 0.767578125 0.065625 0.04375
3 0.88203125 0.7744140625 0.088125 0.23203125
4 0.875 0.80078125 0.07125000000000001 0.196875
4 0.89140625 0.73046875 0.065625 0.14765625
5 0.8984375 0.7421875 0.1275 0.309375
0 0.88828125 0.6787109375 0.151875 0.46171874999999996
1 0.6984375 0.7763671875 0.06749999999999999 0.11015625
2 0.70234375 0.8056640625 0.058124999999999996 0.046484374999999994
2 0.6703125 0.73046875 0.0 0.0
3 0.671875 0.74609375 0.13125 0.1828125
4 0.67421875 0.771484375 0.125625 0.1421875
4 0.64375 0.7001953125 0.06375 0.084765625
5 0.67421875 0.74609375 0.136875 0.1828125
0 0.6734375 0.681640625 0.13874999999999998 0.33749999999999997
