1 0.3421875 0.7253521126760564 0.04875 0.03380281690140845
2 0.33125 0.7335680751173709 0.0225 0.01643192488262911
2 0.35390625 0.7206572769953051 0.020624999999999998 0.02629107981220657
3 0.3390625 0.7230046948356808 0.05625 0.03943661971830986
4 0.328125 0.7230046948356808 0.03 0.0460093896713615
5 0.33984375 0.710093896713615 0.058124999999999996 0.07042253521126761
0 0.32109375 0.6842723004694836 0.103125 0.1323943661971831
1 0.79765625 0.5880281690140845 0.039375 0.036619718309859155
2 0.7953125 0.5985915492957746 0.033749999999999995 0.013145539906103286
2 0.80234375 0.5809859154929577 0.028125 0.02300469483568075
3 0.79765625 0.573943661971831 0.039375 0.07042253521126761
4 0.796875 0.5786384976525821 0.0375 0.06901408450704224
4 0.80234375 0.5669014084507042 0.028125 0.06244131455399061
5 0.81328125 0.562206572769953 0.076875 0.09859154929577464
0 0.79765625 0.5328638497652582 0.114375 0.16901408450704225
