1 0.5765625 0.9389233954451346 0.19124999999999998 0.07204968944099378
2 0.6109375 0.9575569358178054 0.10874999999999999 0.03188405797101449
2 0.53203125 0.9285714285714286 0.084375 0.05507246376811594
3 0.5765625 0.8467908902691511 0.19124999999999998 0.293167701863354
4 0.6109375 0.860248447204969 0.10874999999999999 0.2795031055900621
4 0.53203125 0.8364389233954451 0.084375 0.31304347826086953
5 0.5765625 0.7836438923395446 0.19124999999999998 0.432712215320911
0 0.57578125 0.5817805383022774 0.193125 0.8364389233954451
1 0.396875 0.94824016563147 0.16499999999999998 0.10351966873706005
2 0.3296875 0.9161490683229814 0.00375 0.043478260869565216
2 0.44296875 0.9875776397515528 0.05437499999999999 0.023188405797101446
3 0.39375 0.8581780538302277 0.1725 0.2836438923395445
4 0.3265625 0.8260869565217391 0.01125 0.29565217391304344
4 0.40546875 0.860248447204969 0.14437499999999998 0.2795031055900621
5 0.36953125 0.7380952380952381 0.230625 0.5238095238095238
0 0.37265625 0.5424430641821946 0.256875 0.9151138716356108
