1 0.2375 0.905152224824356 0.13874999999999998 0.09836065573770492
2 0.2671875 0.8805620608899297 0.06749999999999999 0.04590163934426229
2 0.19375 0.9180327868852459 0.033749999999999995 0.07868852459016393
3 0.2375 0.8185011709601874 0.13874999999999998 0.3063231850117096
4 0.2671875 0.7939110070257611 0.06749999999999999 0.2885245901639344
4 0.19375 0.8313817330210773 0.033749999999999995 0.321311475409836
5 0.2375 0.7447306791569087 0.13874999999999998 0.48337236533957845
0 0.24453125 0.5690866510538641 0.189375 0.8618266978922716
1 0.39453125 0.8442622950819673 0.174375 0.08149882903981263
2 0.4484375 0.8372365339578455 0.045 0.07540983606557376
2 0.33359375 0.8489461358313818 0.028125 0.08196721311475409
3 0.39453125 0.7845433255269321 0.174375 0.22482435597189696
4 0.4484375 0.7775175644028103 0.045 0.2426229508196721
4 0.33671875 0.7845433255269321 0.035625000000000004 0.26229508196721313
5 0.39453125 0.6814988290398126 0.174375 0.4721311475409836
0 0.39453125 0.5374707259953162 0.174375 0.8177985948477752
1 0.534375 0.8266978922716628 0.08249999999999999 0.03934426229508197
2 0.55703125 0.8266978922716628 0.028125 0.04590163934426229
2 0.50859375 0.8255269320843092 0.020624999999999998 0.04262295081967213
3 0.534375 0.7611241217798594 0.08249999999999999 0.19672131147540983
4 0.55703125 0.7611241217798594 0.028125 0.22950819672131148
4 0.51171875 0.7599531615925058 0.028125 0.2262295081967213
5 0.534375 0.702576112412178 0.08249999999999999 0.3372365339578454
0 0.54453125 0.5468384074941453 0.148125 0.7110070257611241
1 0.6390625 0.7939110070257611 0.11624999999999999 0.06182669789227166
2 0.67421875 0.7997658079625293 0.031875 0.05573770491803278
2 0.609375 0.7822014051522248 0.045 0.039344262295081964
3 0.6390625 0.7259953161592506 0.11624999999999999 0.22482435597189696
4 0.67421875 0.7306791569086651 0.031875 0.24918032786885244
4 0.609375 0.7142857142857143 0.045 0.22950819672131148
5 0.63984375 0.6522248243559718 0.118125 0.4018735362997658
0 0.65 0.5199063231850117 0.14250000000000002 0.7194379391100703
1 0.7671875 0.832552693208431 0.10500000000000001 0.06463700234192037
2 0.80390625 0.8384074941451991 0.016874999999999998 0.05901639344262295
2 0.74453125 0.8126463700234192 0.050624999999999996 0.019672131147540982
3 0.7671875 0.765807962529274 0.10500000000000001 0.22482435597189696
4 0.80390625 0.7681498829039812 0.016874999999999998 0.25573770491803277
4 0.74453125 0.7459016393442623 0.050624999999999996 0.2065573770491803
5 0.7671875 0.6967213114754098 0.10500000000000001 0.3906323185011709
0 0.77890625 0.5456674473067916 0.140625 0.7531615925058547
