1 0.628125 0.9613636363636363 0.10500000000000001 0.06
2 0.66328125 0.9625 0.020624999999999998 0.06681818181818182
2 0.59296875 0.9613636363636363 0.020624999999999998 0.06999999999999999
3 0.628125 0.9 0.10500000000000001 0.2
4 0.66328125 0.9 0.020624999999999998 0.2
4 0.59453125 0.9045454545454545 0.024375 0.19090909090909092
5 0.628125 0.821590909090909 0.10500000000000001 0.3568181818181818
0 0.62265625 0.6886363636363636 0.163125 0.6227272727272727
1 0.2234375 0.9829545454545454 0.14625 0.019090909090909092
2 0.24765625 0.9818181818181818 0.088125 0.01909090909090909
2 0.16953125 0.9886363636363636 0.016874999999999998 0.006363636363636363
3 0.2234375 0.9204545454545454 0.14625 0.1590909090909091
4 0.24765625 0.9193181818181818 0.088125 0.16136363636363638
4 0.18671875 0.9204545454545454 0.058124999999999996 0.1590909090909091
5 0.2234375 0.8465909090909091 0.14625 0.3068181818181818
0 0.2484375 0.6465909090909091 0.20625 0.7068181818181818
