1 0.39166666666666666 0.73359375 0.08 0.076875
2 0.41041666666666665 0.73671875 0.035 0.0809375
2 0.36666666666666664 0.72890625 0.02 0.0765625
3 0.37395833333333334 0.6875 0.1225 0.1875
4 0.40520833333333334 0.6875 0.0475 0.21875
4 0.3489583333333333 0.6875 0.0625 0.19249999999999998
5 0.35625 0.6453125 0.165 0.28874999999999995
0 0.28958333333333336 0.5359375 0.325 0.55125
1 0.8333333333333334 0.771875 0.18 0.075
2 0.8739583333333333 0.796875 0.0825 0.017499999999999998
2 0.771875 0.753125 0.0325 0.034999999999999996
3 0.8333333333333334 0.7390625 0.18 0.15375
4 0.8666666666666667 0.74453125 0.1 0.1640625
4 0.771875 0.7203125 0.0325 0.126875
5 0.8239583333333333 0.6890625 0.2025 0.27375
0 0.7604166666666666 0.5875 0.35500000000000004 0.5175
