1 0.096875 0.6252927400468384 0.19375 0.06182669789227166
2 0.0546875 0.6428571428571429 0.10874999999999999 0.022950819672131147
2 0.14765625 0.6194379391100703 0.088125 0.05573770491803278
3 0.1265625 0.5292740046838408 0.253125 0.29227166276346606
4 0.1265625 0.5362997658079626 0.253125 0.321311475409836
4 0.1765625 0.5234192037470726 0.1575 0.3245901639344262
5 0.20859375 0.5292740046838408 0.4171875 0.29227166276346606
0 0.3375 0.5199063231850117 0.675 0.31475409836065577
1 0.80546875 0.914519906323185 0.365625 0.04215456674473068
2 0.92734375 0.914519906323185 0.073125 0.04918032786885246
2 0.67578125 0.9180327868852459 0.05437499999999999 0.039344262295081964
3 0.80546875 0.7786885245901639 0.365625 0.36814988290398126
4 0.92734375 0.7786885245901639 0.073125 0.4295081967213114
4 0.68125 0.7798594847775175 0.06749999999999999 0.4262295081967213
5 0.80546875 0.7540983606557377 0.365625 0.4271662763466042
0 0.80546875 0.5784543325526932 0.365625 0.8430913348946136
