1 0.478125 0.8166666666666667 0.14250000000000002 0.095
2 0.51484375 0.809375 0.05437499999999999 0.09041666666666666
2 0.4390625 0.8395833333333333 0.04875 0.04666666666666666
3 0.478125 0.746875 0.14250000000000002 0.2625
4 0.51484375 0.7395833333333334 0.05437499999999999 0.28583333333333333
4 0.4390625 0.75 0.04875 0.2975
5 0.478125 0.6552083333333333 0.14250000000000002 0.4825
0 0.45234375 0.528125 0.20437499999999997 0.7875
1 0.1234375 0.33125 0.10124999999999999 0.014999999999999998
2 0.1546875 0.32916666666666666 0.026250000000000002 0.011666666666666665
2 0.09140625 0.3333333333333333 0.024375 0.011666666666666665
3 0.1234375 0.28125 0.10124999999999999 0.13499999999999998
4 0.1546875 0.2791666666666667 0.026250000000000002 0.15166666666666667
4 0.09609375 0.2833333333333333 0.035625000000000004 0.15166666666666667
5 0.1234375 0.2375 0.10124999999999999 0.23999999999999996
0 0.1421875 0.178125 0.14625 0.35625
1 0.53203125 0.16979166666666667 0.050624999999999996 0.0325
2 0.5140625 0.16458333333333333 0.0075 0.02333333333333333
2 0.5390625 0.17395833333333333 0.033749999999999995 0.02625
3 0.53203125 0.13333333333333333 0.050624999999999996 0.11999999999999998
4 0.515625 0.128125 0.01125 0.12541666666666665
4 0.5390625 0.1375 0.033749999999999995 0.12833333333333333
5 0.528125 0.09270833333333334 0.06 0.18541666666666667
0 0.53203125 0.09270833333333334 0.084375 0.18541666666666667
1 0.275 0.09270833333333334 0.052500000000000005 0.0275
2 0.2875 0.090625 0.0225 0.02625
2 0.2578125 0.09583333333333334 0.01125 0.02333333333333333
3 0.28359375 0.071875 0.091875 0.07749999999999999
4 0.3 0.06979166666666667 0.052500000000000005 0.08458333333333332
4 0.25390625 0.07291666666666667 0.020624999999999998 0.0875
5 0.28359375 0.071875 0.091875 0.07749999999999999
0 0.28359375 0.06041666666666667 0.091875 0.105
