1 0.490625 0.6177083333333333 0.041249999999999995 0.0175
2 0.49765625 0.6166666666666667 0.024375 0.017499999999999998
2 0.47734375 0.6208333333333333 0.009375 0.011666666666666665
3 0.490625 0.5885416666666666 0.041249999999999995 0.0875
4 0.49765625 0.5875 0.024375 0.09916666666666665
4 0.47734375 0.5916666666666667 0.009375 0.09333333333333332
5 0.4890625 0.5635416666666667 0.045 0.1475
0 0.49921875 0.5333333333333333 0.06937499999999999 0.22
1 0.6953125 0.6229166666666667 0.05625 0.025
2 0.70546875 0.6260416666666667 0.031875 0.020416666666666663
2 0.68515625 0.61875 0.031875 0.017499999999999998
3 0.6953125 0.5875 0.05625 0.11
4 0.70546875 0.5947916666666667 0.031875 0.10791666666666666
4 0.6859375 0.5833333333333334 0.033749999999999995 0.11666666666666667
5 0.6953125 0.5614583333333333 0.05625 0.1725
0 0.70390625 0.503125 0.080625 0.3125
