1 0.30859375 0.8583138173302107 0.020624999999999998 0.11522248243559718
2 0.31015625 0.8793911007025761 0.016874999999999998 0.07540983606557376
2 0.3 0.810304449648712 0.0 0.0
3 0.2921875 0.7857142857142857 0.06 0.2894613583138173
4 0.2921875 0.7950819672131147 0.06 0.3114754098360656
4 0.29296875 0.7377049180327869 0.016874999999999998 0.20327868852459016
5 0.271875 0.702576112412178 0.10874999999999999 0.48899297423887583
0 0.21875 0.5515222482435597 0.39375 0.8515222482435596
1 0.49375 0.8220140515222483 0.22875 0.08430913348946135
2 0.57109375 0.8454332552693209 0.043125 0.03278688524590164
2 0.409375 0.8079625292740047 0.026250000000000002 0.05901639344262295
3 0.49375 0.7412177985948478 0.22875 0.2782201405152225
4 0.57109375 0.7412177985948478 0.043125 0.3245901639344262
4 0.42265625 0.7271662763466042 0.058124999999999996 0.28524590163934427
5 0.49375 0.65807962529274 0.22875 0.477751756440281
0 0.5 0.5257611241217799 0.24375 0.7953161592505854
