1 0.55 0.7572916666666667 0.195 0.0375
2 0.48046875 0.765625 0.028125 0.020416666666666663
2 0.62421875 0.75 0.016874999999999998 0.02333333333333333
3 0.55 0.71875 0.195 0.13
4 0.48203125 0.7239583333333334 0.031875 0.13708333333333333
4 0.60703125 0.7114583333333333 0.058124999999999996 0.13124999999999998
5 0.55 0.6802083333333333 0.195 0.2225
0 0.53984375 0.6041666666666666 0.21937500000000001 0.405
1 0.94296875 0.6677083333333333 0.050624999999999996 0.0925
2 0.9453125 0.6947916666666667 0.045 0.03208333333333333
2 0.93046875 0.6364583333333333 0.020624999999999998 0.020416666666666663
3 0.94296875 0.640625 0.050624999999999996 0.1575
4 0.9453125 0.6427083333333333 0.045 0.17791666666666664
4 0.93046875 0.609375 0.020624999999999998 0.09624999999999999
5 0.94296875 0.59375 0.050624999999999996 0.26999999999999996
0 0.94296875 0.515625 0.050624999999999996 0.45749999999999996
1 0.8015625 0.6708333333333333 0.041249999999999995 0.05999999999999999
2 0.80234375 0.6770833333333334 0.039375 0.0525
2 0.784375 0.6458333333333334 0.0 0.0
3 0.775 0.6458333333333334 0.10500000000000001 0.11999999999999998
4 0.790625 0.6552083333333333 0.06749999999999999 0.11374999999999999
4 0.7578125 0.6208333333333333 0.06375 0.06999999999999999
5 0.7796875 0.6458333333333334 0.11624999999999999 0.11999999999999998
0 0.75 0.5614583333333333 0.1875 0.32249999999999995
