1 0.2765625 0.6992665036674817 0.06749999999999999 0.029339853300733496
2 0.2921875 0.706601466992665 0.03 0.013691931540342298
2 0.259375 0.6919315403422983 0.026250000000000002 0.013691931540342298
3 0.278125 0.6662591687041565 0.07125000000000001 0.10855745721271394
4 0.29375 0.6699266503667481 0.033749999999999995 0.11638141809290953
4 0.26328125 0.6589242053789731 0.035625000000000004 0.1061124694376528
5 0.2796875 0.6356968215158925 0.075 0.18190709046454764
0 0.2796875 0.5916870415647921 0.075 0.28753056234718827
1 0.1359375 0.69559902200489 0.03 0.038141809290953545
2 0.13125 0.6919315403422983 0.01875 0.034229828850855744
2 0.14375 0.7090464547677262 0.01125 0.006845965770171149
3 0.1390625 0.6601466992665037 0.0375 0.12322738386308069
4 0.13125 0.656479217603912 0.01875 0.1334963325183374
4 0.146875 0.6662591687041565 0.01875 0.12665036674816627
5 0.14453125 0.6344743276283619 0.050624999999999996 0.184841075794621
0 0.13671875 0.5794621026894865 0.06937499999999999 0.31687041564792173
