1 0.68125 0.8571428571428571 0.045 0.05620608899297424
2 0.66953125 0.8747072599531616 0.016874999999999998 0.01639344262295082
2 0.69296875 0.8559718969555035 0.016874999999999998 0.06229508196721311
3 0.67890625 0.7962529274004684 0.050624999999999996 0.20234192037470725
4 0.6671875 0.8009367681498829 0.0225 0.22295081967213112
4 0.69296875 0.7950819672131147 0.016874999999999998 0.23278688524590163
5 0.67578125 0.7306791569086651 0.058124999999999996 0.35971896955503513
0 0.66875 0.6030444964871194 0.12 0.6660421545667446
1 0.54140625 0.870023419203747 0.05437499999999999 0.0702576112412178
2 0.5265625 0.882903981264637 0.01875 0.019672131147540982
2 0.553125 0.870023419203747 0.026250000000000002 0.08196721311475409
3 0.54140625 0.8056206088992974 0.05437499999999999 0.22482435597189696
4 0.5265625 0.8044496487119438 0.01875 0.23934426229508193
4 0.553125 0.8056206088992974 0.026250000000000002 0.26229508196721313
5 0.53515625 0.747072599531616 0.06937499999999999 0.36533957845433257
0 0.5265625 0.6182669789227166 0.14250000000000002 0.6744730679156908
1 0.38828125 0.8348946135831382 0.050624999999999996 0.04215456674473068
2 0.4015625 0.8395784543325527 0.01875 0.0360655737704918
2 0.38046875 0.8348946135831382 0.031875 0.04918032786885246
3 0.39140625 0.7845433255269321 0.058124999999999996 0.16299765807962527
4 0.4046875 0.7857142857142857 0.026250000000000002 0.18688524590163932
4 0.38046875 0.7845433255269321 0.031875 0.19016393442622948
5 0.3953125 0.7306791569086651 0.06749999999999999 0.29227166276346606
0 0.40390625 0.6159250585480094 0.10687499999999998 0.5676814988290397
1 0.2203125 0.8454332552693209 0.06 0.022482435597189696
2 0.234375 0.8454332552693209 0.026250000000000002 0.02622950819672131
2 0.2 0.8430913348946136 0.01125 0.019672131147540982
3 0.2203125 0.7927400468384075 0.06 0.14894613583138172
4 0.234375 0.7962529274004684 0.026250000000000002 0.16393442622950818
4 0.2 0.7903981264637002 0.01125 0.16721311475409834
5 0.2203125 0.7295081967213115 0.06 0.3007025761124122
0 0.25234375 0.6346604215456675 0.14437499999999998 0.5283372365339578
1 0.3390625 0.8477751756440282 0.06375 0.06744730679156909
2 0.35859375 0.8372365339578455 0.016874999999999998 0.04918032786885246
2 0.31875 0.8665105386416861 0.015 0.02622950819672131
3 0.3390625 0.8056206088992974 0.06375 0.1686182669789227
4 0.35859375 0.7950819672131147 0.016874999999999998 0.16721311475409834
4 0.31875 0.810304449648712 0.015 0.18360655737704917
5 0.33671875 0.752927400468384 0.06937499999999999 0.29508196721311475
0 0.33671875 0.6311475409836066 0.103125 0.5873536299765808
