1 0.63515625 0.8166666666666667 0.15562499999999999 0.09
2 0.68359375 0.8229166666666666 0.039375 0.0875
2 0.590625 0.8104166666666667 0.04875 0.0875
3 0.63515625 0.7572916666666667 0.15562499999999999 0.23249999999999998
4 0.6796875 0.7572916666666667 0.04875 0.27125
4 0.590625 0.7541666666666667 0.04875 0.245
5 0.63515625 0.678125 0.15562499999999999 0.4225
0 0.625 0.5541666666666667 0.18 0.72
1 0.3921875 0.8145833333333333 0.1125 0.045
2 0.425 0.8072916666666666 0.033749999999999995 0.03208333333333333
2 0.36171875 0.815625 0.039375 0.049583333333333326
3 0.39453125 0.74375 0.118125 0.215
4 0.42734375 0.7395833333333334 0.039375 0.22166666666666665
4 0.36328125 0.74375 0.043125 0.2508333333333333
5 0.3953125 0.6583333333333333 0.12 0.42
0 0.4234375 0.5447916666666667 0.19124999999999998 0.6925
1 0.22578125 0.8020833333333334 0.076875 0.045
2 0.25078125 0.796875 0.016874999999999998 0.03791666666666667
2 0.20234375 0.8072916666666666 0.020624999999999998 0.03791666666666667
3 0.22734375 0.7520833333333333 0.080625 0.165
4 0.25234375 0.746875 0.020624999999999998 0.17791666666666664
4 0.20234375 0.7552083333333334 0.020624999999999998 0.18374999999999997
5 0.22734375 0.6854166666666667 0.080625 0.325
0 0.2390625 0.5697916666666667 0.16875 0.6024999999999999
