1 0.7265625 0.6145833333333334 0.14625 0.2
2 0.740625 0.6895833333333333 0.1125 0.02333333333333333
2 0.7125 0.55625 0.1125 0.06999999999999999
3 0.7265625 0.5197916666666667 0.14625 0.4275
4 0.740625 0.59375 0.1125 0.2916666666666667
4 0.7125 0.46145833333333336 0.1125 0.33541666666666664
5 0.746875 0.5197916666666667 0.195 0.4275
0 0.72734375 0.47291666666666665 0.26437499999999997 0.5399999999999999
1 0.1359375 0.446875 0.271875 0.3075
2 0.19140625 0.3614583333333333 0.163125 0.11958333333333333
2 0.0296875 0.509375 0.041249999999999995 0.18374999999999997
3 0.1359375 0.35208333333333336 0.271875 0.535
4 0.19140625 0.26666666666666666 0.163125 0.38499999999999995
4 0.0296875 0.39791666666666664 0.041249999999999995 0.4958333333333333
0 0.1359375 0.35208333333333336 0.271875 0.535
