1 0.35859375 0.8802083333333334 0.09937499999999999 0.042499999999999996
2 0.37890625 0.8729166666666667 0.050624999999999996 0.029166666666666667
2 0.328125 0.8822916666666667 0.026250000000000002 0.04375
3 0.35390625 0.8208333333333333 0.110625 0.185
4 0.37890625 0.815625 0.050624999999999996 0.18958333333333333
4 0.3234375 0.8208333333333333 0.0375 0.21583333333333332
5 0.35078125 0.7614583333333333 0.118125 0.32749999999999996
0 0.32109375 0.6322916666666667 0.189375 0.6375
1 0.74765625 0.7625 0.073125 0.05
2 0.75859375 0.76875 0.046875 0.040833333333333326
2 0.7359375 0.7489583333333333 0.045 0.020416666666666663
3 0.74765625 0.709375 0.073125 0.17750000000000002
4 0.75859375 0.7135416666666666 0.046875 0.19541666666666666
4 0.7359375 0.6958333333333333 0.045 0.16916666666666663
5 0.74765625 0.6552083333333333 0.073125 0.3075
0 0.7546875 0.5572916666666666 0.09375 0.5425
