1 0.46015625 0.7997658079625293 0.076875 0.0702576112412178
2 0.475 0.7985948477751756 0.041249999999999995 0.07868852459016393
2 0.43984375 0.7997658079625293 0.028125 0.08196721311475409
3 0.48515625 0.7236533957845434 0.136875 0.2529274004683841
4 0.5 0.7224824355971897 0.10124999999999999 0.29180327868852457
4 0.45078125 0.7271662763466042 0.05437499999999999 0.28524590163934427
5 0.48515625 0.6908665105386417 0.136875 0.331615925058548
0 0.47734375 0.5386416861826698 0.15562499999999999 0.6969555035128805
1 0.66953125 0.7798594847775175 0.21937500000000001 0.08992974238875878
2 0.73359375 0.7763466042154566 0.065625 0.09508196721311474
2 0.59453125 0.7810304449648712 0.039375 0.10163934426229508
3 0.66953125 0.6733021077283372 0.21937500000000001 0.34566744730679155
4 0.73359375 0.6697892271662763 0.065625 0.39344262295081966
4 0.59453125 0.6768149882903981 0.039375 0.39344262295081966
5 0.66875 0.6733021077283372 0.22125 0.34566744730679155
0 0.58359375 0.5070257611241218 0.425625 0.7447306791569087
1 0.321875 0.8782201405152225 0.22875 0.1180327868852459
2 0.3890625 0.860655737704918 0.06749999999999999 0.08852459016393442
2 0.24453125 0.8934426229508197 0.043125 0.09508196721311474
3 0.3265625 0.775175644028103 0.24 0.36533957845433257
4 0.39375 0.7576112412177985 0.07875 0.3770491803278688
4 0.24453125 0.7857142857142857 0.043125 0.3967213114754098
5 0.3265625 0.7693208430913349 0.24 0.3793911007025761
0 0.3265625 0.5889929742388759 0.24 0.8121779859484778
