1 0.690625 0.7563352826510721 0.041249999999999995 0.0
2 0.7078125 0.7563352826510721 0.0 0.0
2 0.6734375 0.7563352826510721 0.0 0.0
3 0.678125 0.6978557504873294 0.07125000000000001 0.14035087719298245
4 0.70390625 0.6978557504873294 0.009375 0.16374269005847952
4 0.6609375 0.6998050682261209 0.03 0.15828460038986353
5 0.67421875 0.631578947368421 0.080625 0.2994152046783626
0 0.66484375 0.5058479532163743 0.170625 0.6011695906432748
1 0.89609375 0.47173489278752434 0.09562499999999999 0.014035087719298244
2 0.928125 0.4727095516569201 0.01875 0.008187134502923975
2 0.86171875 0.47173489278752434 0.013125000000000001 0.01637426900584795
3 0.89609375 0.44834307992202727 0.09562499999999999 0.07017543859649122
4 0.92578125 0.449317738791423 0.024375 0.07368421052631578
4 0.8640625 0.44834307992202727 0.01875 0.08187134502923976
5 0.89609375 0.4171539961013645 0.09562499999999999 0.14502923976608184
0 0.89609375 0.37524366471734893 0.09562499999999999 0.24561403508771928
