1 0.55546875 0.7354166666666667 0.09562499999999999 0.05
2 0.5859375 0.7208333333333333 0.0225 0.017499999999999998
2 0.525 0.7489583333333333 0.0225 0.020416666666666663
3 0.55546875 0.7083333333333334 0.09562499999999999 0.11499999999999999
4 0.5859375 0.69375 0.0225 0.09333333333333332
4 0.52578125 0.7125 0.024375 0.1225
5 0.55546875 0.6875 0.09562499999999999 0.165
0 0.55546875 0.6322916666666667 0.09562499999999999 0.2975
1 0.32734375 0.684375 0.039375 0.0225
2 0.3375 0.6791666666666667 0.015 0.011666666666666665
2 0.315625 0.6895833333333333 0.01125 0.011666666666666665
3 0.32734375 0.6697916666666667 0.039375 0.057499999999999996
4 0.3375 0.6645833333333333 0.015 0.0525
4 0.31640625 0.6729166666666667 0.013125000000000001 0.058333333333333334
5 0.32734375 0.6552083333333333 0.039375 0.0925
0 0.3296875 0.628125 0.045 0.1575
1 0.26953125 0.7541666666666667 0.076875 0.02
2 0.2875 0.7520833333333333 0.033749999999999995 0.011666666666666665
2 0.2421875 0.7541666666666667 0.01125 0.02333333333333333
3 0.26953125 0.725 0.076875 0.09
4 0.2875 0.7229166666666667 0.033749999999999995 0.09333333333333332
4 0.25 0.725 0.03 0.105
5 0.26953125 0.6958333333333333 0.076875 0.16
0 0.2796875 0.6604166666666667 0.10124999999999999 0.245
1 0.2046875 0.696875 0.045 0.0125
2 0.21875 0.6947916666666667 0.01125 0.008749999999999999
2 0.19140625 0.6989583333333333 0.013125000000000001 0.008749999999999999
3 0.2046875 0.68125 0.045 0.05
4 0.21875 0.6791666666666667 0.01125 0.0525
4 0.19609375 0.68125 0.024375 0.058333333333333334
5 0.20625 0.6604166666666667 0.04875 0.1
0 0.21640625 0.6395833333333333 0.073125 0.15
1 0.08046875 0.728125 0.046875 0.0225
2 0.0921875 0.728125 0.01875 0.020416666666666663
2 0.0765625 0.728125 0.0375 0.02625
3 0.08515625 0.7041666666666667 0.058124999999999996 0.08
4 0.096875 0.7041666666666667 0.03 0.0875
4 0.0765625 0.7041666666666667 0.0375 0.09333333333333332
5 0.08671875 0.6739583333333333 0.061875 0.1525
0 0.096875 0.6270833333333333 0.08625 0.26499999999999996
1 0.44765625 0.7447916666666666 0.043125 0.0175
2 0.4625 0.74375 0.0075 0.017499999999999998
2 0.4328125 0.7447916666666666 0.0075 0.020416666666666663
3 0.44765625 0.7177083333333333 0.043125 0.0825
4 0.4625 0.7177083333333333 0.0075 0.09041666666666666
4 0.43359375 0.7177083333333333 0.009375 0.09624999999999999
5 0.44765625 0.690625 0.043125 0.1475
0 0.4421875 0.6322916666666667 0.09 0.2875
