1 0.24609375 0.5322916666666667 0.046875 0.0325
2 0.2578125 0.5322916666666667 0.01875 0.03791666666666667
2 0.23359375 0.5364583333333334 0.016874999999999998 0.02625
3 0.25 0.51875 0.05625 0.065
4 0.26171875 0.51875 0.028125 0.07583333333333334
4 0.23359375 0.528125 0.016874999999999998 0.049583333333333326
5 0.25390625 0.5177083333333333 0.065625 0.06749999999999999
0 0.2515625 0.45625 0.08249999999999999 0.215
1 0.4265625 0.6875 0.16499999999999998 0.18
2 0.37265625 0.64375 0.035625000000000004 0.0875
2 0.4671875 0.7395833333333334 0.06749999999999999 0.06416666666666666
3 0.4265625 0.6125 0.16499999999999998 0.36
4 0.40703125 0.56875 0.118125 0.2975
4 0.4671875 0.6458333333333334 0.06749999999999999 0.3266666666666666
5 0.4265625 0.6125 0.16499999999999998 0.36
0 0.4375 0.5104166666666666 0.195 0.605
1 0.66953125 0.7833333333333333 0.22312499999999996 0.075
2 0.7234375 0.7927083333333333 0.09375 0.06125
2 0.609375 0.778125 0.07875 0.07291666666666667
3 0.6515625 0.6979166666666666 0.26625 0.28
4 0.7109375 0.7166666666666667 0.12375 0.27416666666666667
4 0.59140625 0.6927083333333334 0.121875 0.3120833333333333
5 0.6515625 0.6520833333333333 0.26625 0.38999999999999996
0 0.6484375 0.5489583333333333 0.27375 0.6375
