1 0.36328125 0.8571428571428571 0.09562499999999999 0.05620608899297424
2 0.33984375 0.8641686182669789 0.039375 0.04590163934426229
2 0.3828125 0.8372365339578455 0.04875 0.009836065573770491
3 0.36328125 0.7903981264637002 0.09562499999999999 0.2163934426229508
4 0.33984375 0.7927400468384075 0.039375 0.2459016393442623
4 0.3828125 0.7704918032786885 0.04875 0.19672131147540983
5 0.36328125 0.7295081967213115 0.09562499999999999 0.3625292740046838
0 0.36875 0.5901639344262295 0.10874999999999999 0.6969555035128805
1 0.28671875 0.8290398126463701 0.091875 0.05620608899297424
2 0.30546875 0.819672131147541 0.046875 0.039344262295081964
2 0.26796875 0.8337236533957846 0.046875 0.05245901639344262
3 0.28671875 0.765807962529274 0.091875 0.2079625292740047
4 0.30546875 0.7564402810304449 0.046875 0.2163934426229508
4 0.26796875 0.775175644028103 0.046875 0.2163934426229508
5 0.28671875 0.6908665105386417 0.091875 0.3878220140515222
0 0.28125 0.5714285714285714 0.12 0.6744730679156908
