1 0.546875 0.6655011655011654 0.18375 0.019580419580419582
2 0.61484375 0.6655011655011654 0.020624999999999998 0.02284382284382284
2 0.478125 0.668997668997669 0.01875 0.006526806526806527
3 0.546875 0.6282051282051282 0.18375 0.10909090909090909
4 0.6109375 0.6282051282051282 0.03 0.12727272727272726
4 0.4953125 0.6386946386946387 0.06 0.09137529137529136
5 0.546875 0.5967365967365967 0.18375 0.18461538461538463
0 0.546875 0.5268065268065268 0.18375 0.35244755244755244
1 0.17421875 0.6585081585081585 0.114375 0.013986013986013986
2 0.221875 0.655011655011655 0.0 0.0
2 0.1421875 0.6585081585081585 0.0375 0.016317016317016316
3 0.19765625 0.6585081585081585 0.170625 0.013986013986013986
4 0.2453125 0.6561771561771562 0.05625 0.0032634032634032634
4 0.1671875 0.6585081585081585 0.0975 0.016317016317016316
5 0.19765625 0.6351981351981352 0.170625 0.06993006993006994
0 0.2078125 0.5582750582750583 0.195 0.2545454545454546
