1 0.2628504672897196 0.703125 0.1878504672897196 0.0975
2 0.30957943925233644 0.71875 0.07570093457943924 0.06999999999999999
2 0.19626168224299065 0.68125 0.028037383177570093 0.05249999999999999
3 0.2628504672897196 0.63203125 0.1878504672897196 0.268125
4 0.30957943925233644 0.66171875 0.07570093457943924 0.2296875
4 0.20794392523364486 0.61015625 0.056074766355140186 0.2515625
5 0.2628504672897196 0.58203125 0.1878504672897196 0.38812499999999994
0 0.2780373831775701 0.45625 0.22429906542056074 0.69
1 0.7570093457943925 0.746875 0.4485981308411215 0.052500000000000005
2 0.9299065420560748 0.75078125 0.033644859813084106 0.050312499999999996
2 0.6144859813084113 0.73671875 0.10654205607476636 0.0328125
3 0.7570093457943925 0.69453125 0.4485981308411215 0.178125
4 0.905373831775701 0.70859375 0.09252336448598131 0.1684375
4 0.6144859813084113 0.684375 0.10654205607476636 0.179375
5 0.7570093457943925 0.64609375 0.4485981308411215 0.294375
0 0.7570093457943925 0.5390625 0.4485981308411215 0.55125
