1 0.44609375 0.7040094339622641 0.103125 0.019811320754716984
2 0.475 0.6992924528301887 0.033749999999999995 0.009905660377358488
2 0.4171875 0.7051886792452831 0.033749999999999995 0.019811320754716977
3 0.44609375 0.6733490566037735 0.103125 0.09339622641509435
4 0.475 0.6686320754716981 0.033749999999999995 0.09575471698113207
4 0.4171875 0.6768867924528302 0.033749999999999995 0.09905660377358491
5 0.44609375 0.6474056603773585 0.103125 0.15566037735849056
0 0.44609375 0.5813679245283019 0.103125 0.3141509433962264
1 0.334375 0.7441037735849056 0.08625 0.019811320754716984
2 0.3625 0.7441037735849056 0.01875 0.02311320754716981
2 0.309375 0.7476415094339622 0.026250000000000002 0.01320754716981132
3 0.334375 0.7110849056603774 0.08625 0.09905660377358491
4 0.359375 0.714622641509434 0.026250000000000002 0.10566037735849056
4 0.309375 0.7110849056603774 0.026250000000000002 0.11556603773584906
5 0.334375 0.6875 0.08625 0.15566037735849056
0 0.328125 0.6261792452830188 0.10124999999999999 0.30283018867924527
