1 0.203125 0.7358490566037735 0.11624999999999999 0.04025157232704402
2 0.2390625 0.7337526205450734 0.03 0.0410901467505241
2 0.16640625 0.7379454926624738 0.028125 0.0410901467505241
3 0.203125 0.6792452830188679 0.11624999999999999 0.1761006289308176
4 0.2390625 0.6771488469601677 0.03 0.19958071278825992
4 0.16640625 0.6813417190775681 0.028125 0.19958071278825992
5 0.203125 0.6132075471698113 0.11624999999999999 0.33459119496855344
0 0.19765625 0.48846960167714887 0.129375 0.6339622641509434
1 0.721875 0.7557651991614256 0.10124999999999999 0.06792452830188679
2 0.7296875 0.7662473794549266 0.08249999999999999 0.04989517819706498
2 0.7078125 0.7442348008385744 0.06749999999999999 0.04696016771488469
3 0.721875 0.6949685534591195 0.10124999999999999 0.2138364779874214
4 0.7296875 0.69916142557652 0.08249999999999999 0.23773584905660375
4 0.7078125 0.6834381551362684 0.06749999999999999 0.2171907756813417
5 0.73046875 0.6184486373165619 0.121875 0.3974842767295597
0 0.740625 0.4811320754716981 0.14625 0.7270440251572328
