1 0.22109375 0.6435294117647059 0.103125 0.07058823529411765
2 0.2640625 0.6705882352941176 0.0 0.0
2 0.18828125 0.6435294117647059 0.024375 0.08235294117647059
3 0.24921875 0.6564705882352941 0.170625 0.1016470588235294
4 0.2921875 0.6847058823529412 0.06749999999999999 0.039529411764705875
4 0.228125 0.6435294117647059 0.12 0.08235294117647059
5 0.26875 0.6388235294117647 0.21749999999999997 0.144
0 0.32578125 0.6435294117647059 0.354375 0.17223529411764707
1 0.8875 0.5964705882352941 0.0225 0.031058823529411764
2 0.8890625 0.5835294117647059 0.0 0.0
2 0.8875 0.6070588235294118 0.0225 0.0065882352941176465
3 0.8875 0.5741176470588235 0.0225 0.08470588235294117
4 0.884375 0.5611764705882353 0.01125 0.06258823529411764
4 0.8875 0.5752941176470588 0.0225 0.09552941176470586
5 0.88515625 0.5470588235294118 0.028125 0.1496470588235294
0 0.89453125 0.5035294117647059 0.080625 0.2541176470588235
