1 0.63984375 0.709375 0.21937500000000001 0.06749999999999999
2 0.7109375 0.7114583333333333 0.04875 0.07291666666666667
2 0.5625 0.7052083333333333 0.033749999999999995 0.06708333333333333
3 0.62421875 0.646875 0.256875 0.21749999999999997
4 0.7109375 0.6604166666666667 0.04875 0.21583333333333332
4 0.546875 0.6427083333333333 0.07125000000000001 0.24208333333333332
5 0.62421875 0.646875 0.256875 0.21749999999999997
0 0.62421875 0.5833333333333334 0.256875 0.37
1 0.42265625 0.6197916666666666 0.065625 0.0125
2 0.42265625 0.6197916666666666 0.065625 0.014583333333333334
2 0.403125 0.625 0.0 0.0
3 0.40234375 0.5854166666666667 0.215625 0.095
4 0.44375 0.59375 0.11624999999999999 0.0875
4 0.3578125 0.5854166666666667 0.10874999999999999 0.11083333333333333
5 0.40234375 0.5854166666666667 0.215625 0.095
0 0.41015625 0.4895833333333333 0.234375 0.325
