1 0.27684964200477324 0.89296875 0.4066825775656325 0.035625000000000004
2 0.40692124105011934 0.8859375 0.09451073985680192 0.021875
2 0.14797136038186157 0.89375 0.09737470167064438 0.039375
3 0.27684964200477324 0.85 0.4066825775656325 0.13874999999999998
4 0.40692124105011934 0.84296875 0.09451073985680192 0.1421875
4 0.1658711217183771 0.8578125 0.14033412887828162 0.13999999999999999
5 0.27684964200477324 0.80859375 0.4066825775656325 0.238125
0 0.27684964200477324 0.71640625 0.4066825775656325 0.459375
1 0.5990453460620525 0.84375 0.11455847255369929 0.015
2 0.6288782816229117 0.83984375 0.04295942720763723 0.006562499999999999
2 0.5692124105011933 0.84453125 0.04295942720763723 0.015312499999999998
3 0.5990453460620525 0.82734375 0.11455847255369929 0.05437499999999999
4 0.6288782816229117 0.8234375 0.04295942720763723 0.05249999999999999
4 0.5692124105011933 0.83046875 0.04295942720763723 0.0546875
5 0.5990453460620525 0.80703125 0.11455847255369929 0.103125
0 0.6014319809069213 0.75703125 0.12028639618138424 0.22312499999999996
