1 0.536046511627907 0.19375 0.3488372093023256 0.10874999999999999
2 0.41511627906976745 0.19140625 0.0586046511627907 0.1203125
2 0.6372093023255814 0.20234375 0.10604651162790699 0.1028125
3 0.536046511627907 0.246875 0.3488372093023256 0.23625
4 0.42441860465116277 0.246875 0.08093023255813953 0.27562499999999995
4 0.6372093023255814 0.25390625 0.10604651162790699 0.24718749999999998
5 0.536046511627907 0.3359375 0.3488372093023256 0.45
0 0.5883720930232558 0.49765625 0.5804651162790697 0.838125
1 0.4 0.55859375 0.05581395348837209 0.009375
2 0.4104651162790698 0.55625 0.03069767441860465 0.0043749999999999995
2 0.38953488372093026 0.559375 0.03069767441860465 0.008749999999999999
3 0.4 0.53671875 0.05581395348837209 0.061875
4 0.4104651162790698 0.534375 0.03069767441860465 0.065625
4 0.3953488372093023 0.53828125 0.044651162790697675 0.0678125
5 0.4 0.51953125 0.05581395348837209 0.103125
0 0.4 0.503125 0.05581395348837209 0.14250000000000002
