1 0.45422535211267606 0.97109375 0.19436619718309858 0.05437499999999999
2 0.48826291079812206 0.97109375 0.11267605633802817 0.0578125
2 0.3732394366197183 0.9890625 0.0 0.0
3 0.45422535211267606 0.93359375 0.19436619718309858 0.1328125
4 0.48826291079812206 0.93359375 0.11267605633802817 0.1328125
4 0.3814553990610329 0.94140625 0.01971830985915493 0.1171875
5 0.45422535211267606 0.8671875 0.19436619718309858 0.265625
0 0.4612676056338028 0.7375 0.3295774647887324 0.525
1 0.9495305164319249 0.75546875 0.09295774647887324 0.039375
2 0.965962441314554 0.76640625 0.053521126760563385 0.015312499999999998
2 0.9307511737089202 0.74375 0.04788732394366197 0.013124999999999998
3 0.9495305164319249 0.73125 0.09295774647887324 0.0975
4 0.965962441314554 0.7328125 0.053521126760563385 0.109375
4 0.9307511737089202 0.71953125 0.04788732394366197 0.0809375
5 0.9495305164319249 0.69921875 0.09295774647887324 0.174375
0 0.9295774647887324 0.63359375 0.14084507042253522 0.33187500000000003
