1 0.21796875 0.5327868852459017 0.080625 0.05901639344262295
2 0.2296875 0.544496487119438 0.052500000000000005 0.0360655737704918
2 0.1953125 0.5199063231850117 0.026250000000000002 0.03278688524590164
3 0.21796875 0.47423887587822017 0.080625 0.19953161592505855
4 0.2296875 0.4847775175644028 0.052500000000000005 0.20327868852459016
4 0.19921875 0.4613583138173302 0.035625000000000004 0.19672131147540983
5 0.23515625 0.47423887587822017 0.121875 0.19953161592505855
0 0.2515625 0.46604215456674475 0.16125 0.21920374707259951
1 0.5171875 0.49882903981264637 0.041249999999999995 0.02810304449648712
2 0.534375 0.5105386416861827 0.0 0.0
2 0.515625 0.49765807962529274 0.0375 0.029508196721311476
3 0.54453125 0.5011709601873536 0.10687499999999998 0.06744730679156909
4 0.5609375 0.5199063231850117 0.06375 0.02622950819672131
4 0.54453125 0.49063231850117095 0.10687499999999998 0.04918032786885246
5 0.56640625 0.5 0.159375 0.0702576112412178
0 0.596875 0.4414519906323185 0.23249999999999998 0.2107728337236534
1 0.65390625 0.9180327868852459 0.110625 0.11241217798594848
2 0.671875 0.9344262295081968 0.06749999999999999 0.08524590163934426
2 0.63515625 0.9028103044496487 0.065625 0.08852459016393442
3 0.6828125 0.8091334894613583 0.18 0.37377049180327865
4 0.70078125 0.8618266978922716 0.136875 0.27634660421545665
4 0.63515625 0.7939110070257611 0.065625 0.39344262295081966
5 0.7109375 0.8091334894613583 0.2475 0.37377049180327865
0 0.715625 0.7002341920374707 0.25875 0.5995316159250585
