1 0.46875 0.825 0.225 0.045
2 0.528125 0.828125 0.08249999999999999 0.04375
2 0.39140625 0.825 0.039375 0.0525
3 0.46875 0.7291666666666666 0.225 0.275
4 0.52109375 0.7291666666666666 0.09937499999999999 0.32083333333333336
4 0.39140625 0.7302083333333333 0.039375 0.3179166666666667
5 0.46875 0.6447916666666667 0.225 0.4775
0 0.46875 0.5166666666666667 0.225 0.785
1 0.7171875 0.8989583333333333 0.20249999999999999 0.0825
2 0.65546875 0.89375 0.05437499999999999 0.02333333333333333
2 0.78046875 0.8989583333333333 0.050624999999999996 0.09624999999999999
3 0.7171875 0.7770833333333333 0.20249999999999999 0.375
4 0.65546875 0.76875 0.05437499999999999 0.3733333333333333
4 0.77734375 0.7770833333333333 0.058124999999999996 0.4375
5 0.7171875 0.6666666666666666 0.20249999999999999 0.64
0 0.6859375 0.471875 0.27749999999999997 0.94375
