1 0.340625 0.8173277661795407 0.23249999999999998 0.2881002087682672
2 0.4078125 0.9175365344467641 0.07125000000000001 0.05553235908141962
2 0.265625 0.7682672233820459 0.052500000000000005 0.19874739039665967
3 0.31328125 0.8173277661795407 0.298125 0.2881002087682672
4 0.38984375 0.8402922755741128 0.114375 0.2718162839248434
4 0.23828125 0.7682672233820459 0.118125 0.19874739039665967
5 0.2984375 0.7317327766179541 0.33375 0.4935281837160751
0 0.2640625 0.5553235908141962 0.41624999999999995 0.8893528183716075
1 0.75859375 0.8340292275574113 0.38812499999999994 0.2279749478079332
2 0.640625 0.9133611691022965 0.10500000000000001 0.04384133611691023
2 0.915625 0.8006263048016702 0.01125 0.17244258872651355
3 0.75859375 0.802713987473904 0.38812499999999994 0.3031315240083507
4 0.640625 0.802713987473904 0.10500000000000001 0.35365344467640913
4 0.8453125 0.7839248434237995 0.18 0.21920668058455114
5 0.75859375 0.7202505219206681 0.38812499999999994 0.5010438413361169
0 0.75859375 0.5093945720250522 0.38812499999999994 0.9812108559498957
