1 0.18671875 0.9320843091334895 0.18562499999999998 0.12927400468384073
2 0.128125 0.9215456674473068 0.045 0.12131147540983606
2 0.2375 0.9847775175644028 0.06375 0.003278688524590164
3 0.18671875 0.892271662763466 0.18562499999999998 0.2154566744730679
4 0.16328125 0.8981264637002342 0.129375 0.18688524590163932
4 0.2375 0.892271662763466 0.06375 0.2154566744730679
5 0.18671875 0.8149882903981265 0.18562499999999998 0.3700234192037471
0 0.1796875 0.6604215456674473 0.359375 0.6791569086651054
1 0.759375 0.8290398126463701 0.21000000000000002 0.04496487119437939
2 0.81015625 0.8360655737704918 0.088125 0.03278688524590164
2 0.70703125 0.8278688524590164 0.084375 0.04918032786885246
3 0.759375 0.7306791569086651 0.21000000000000002 0.2810304449648712
4 0.81015625 0.7306791569086651 0.088125 0.32786885245901637
4 0.70703125 0.7295081967213115 0.084375 0.3245901639344262
5 0.76875 0.6662763466042154 0.23249999999999998 0.43559718969555034
0 0.8046875 0.5526932084309133 0.3375 0.7081967213114754
