1 0.5641025641025641 0.7203125 0.08391608391608392 0.0225
2 0.5885780885780886 0.7203125 0.025174825174825173 0.026249999999999996
2 0.541958041958042 0.72109375 0.030769230769230767 0.0196875
3 0.5652680652680653 0.68828125 0.08671328671328671 0.09937499999999999
4 0.5897435897435898 0.68984375 0.027972027972027972 0.11156249999999998
4 0.541958041958042 0.6875 0.030769230769230767 0.11374999999999999
5 0.5687645687645687 0.64921875 0.0951048951048951 0.193125
0 0.5792540792540792 0.58359375 0.193006993006993 0.350625
1 0.38461538461538464 0.70859375 0.06713286713286713 0.031875
2 0.40326340326340326 0.7109375 0.022377622377622378 0.030624999999999996
2 0.3706293706293706 0.7078125 0.033566433566433566 0.034999999999999996
3 0.38461538461538464 0.6828125 0.06713286713286713 0.09375
4 0.40326340326340326 0.68359375 0.022377622377622378 0.10718749999999999
4 0.3706293706293706 0.68203125 0.033566433566433566 0.10718749999999999
5 0.3822843822843823 0.65 0.07272727272727272 0.1725
0 0.38578088578088576 0.58984375 0.193006993006993 0.31687499999999996
1 0.2191142191142191 0.86640625 0.22377622377622378 0.058124999999999996
2 0.2738927738927739 0.85546875 0.09230769230769231 0.0371875
2 0.14918414918414918 0.87265625 0.055944055944055944 0.050312499999999996
3 0.2191142191142191 0.82421875 0.22377622377622378 0.159375
4 0.2738927738927739 0.81328125 0.09230769230769231 0.1553125
4 0.14918414918414918 0.83515625 0.055944055944055944 0.1553125
5 0.2191142191142191 0.76875 0.22377622377622378 0.2925
0 0.19230769230769232 0.68125 0.2881118881118881 0.5025
1 0.8321678321678322 0.7359375 0.11748251748251748 0.0225
2 0.8671328671328671 0.73984375 0.033566433566433566 0.015312499999999998
2 0.796037296037296 0.7328125 0.030769230769230767 0.017499999999999998
3 0.8321678321678322 0.70625 0.11748251748251748 0.09375
4 0.8671328671328671 0.70625 0.033566433566433566 0.109375
4 0.796037296037296 0.70390625 0.030769230769230767 0.09843749999999998
5 0.8321678321678322 0.6640625 0.11748251748251748 0.195
0 0.8111888111888111 0.590625 0.2125874125874126 0.37124999999999997
