1 0.691 0.8705882352941177 0.1416 0.05647058823529411
2 0.745 0.8808823529411764 0.012 0.03705882352941176
2 0.657 0.8573529411764705 0.06 0.028823529411764703
3 0.698 0.8147058823529412 0.1584 0.19058823529411764
4 0.752 0.8338235294117647 0.028799999999999996 0.1688235294117647
4 0.678 0.8014705882352942 0.1104 0.1852941176470588
5 0.705 0.7426470588235294 0.1752 0.3635294117647059
0 0.725 0.5955882352941176 0.22319999999999998 0.7164705882352941
1 0.618 0.7647058823529411 0.0768 0.0776470588235294
2 0.597 0.7808823529411765 0.0264 0.04529411764705882
2 0.644 0.7558823529411764 0.014399999999999998 0.06588235294117646
3 0.618 0.7411764705882353 0.0768 0.13411764705882354
4 0.607 0.7411764705882353 0.0504 0.1564705882352941
4 0.628 0.7323529411764705 0.0528 0.13176470588235292
5 0.618 0.6823529411764706 0.0768 0.2752941176470588
0 0.621 0.538235294117647 0.108 0.6211764705882352
1 0.506 0.8426470588235294 0.13440000000000002 0.06
2 0.554 0.8426470588235294 0.0192 0.06999999999999999
2 0.457 0.8441176470588235 0.016800000000000002 0.06588235294117646
3 0.506 0.7735294117647059 0.13440000000000002 0.22588235294117645
4 0.554 0.7735294117647059 0.0192 0.26352941176470585
4 0.457 0.7764705882352941 0.016800000000000002 0.25529411764705884
5 0.506 0.7573529411764706 0.13440000000000002 0.2647058823529412
0 0.492 0.6794117647058824 0.168 0.4517647058823529
1 0.32 0.8455882352941176 0.1056 0.052941176470588235
2 0.358 0.85 0.014399999999999998 0.04941176470588234
2 0.284 0.8397058823529412 0.0192 0.04529411764705882
3 0.317 0.7705882352941177 0.1128 0.23294117647058823
4 0.358 0.7764705882352941 0.014399999999999998 0.25529411764705884
4 0.281 0.7647058823529411 0.0264 0.25529411764705884
5 0.317 0.7705882352941177 0.1128 0.23294117647058823
0 0.311 0.7014705882352941 0.132 0.3988235294117647
