1 0.4357476635514019 0.975 0.3280373831775701 0.05
2 0.5233644859813084 0.975 0.11775700934579439 0.05
2 0.29906542056074764 0.9859375 0.0 0.0
3 0.4357476635514019 0.896875 0.3280373831775701 0.20625
4 0.5233644859813084 0.896875 0.11775700934579439 0.20625
4 0.3037383177570093 0.9 0.011214953271028037 0.2
5 0.4357476635514019 0.80390625 0.3280373831775701 0.3921875
0 0.4649532710280374 0.6140625 0.6112149532710279 0.771875
1 0.889018691588785 0.82890625 0.20467289719626167 0.253125
2 0.9287383177570093 0.8140625 0.10934579439252336 0.25375
2 0.8539719626168224 0.871875 0.1205607476635514 0.175
0 0.889018691588785 0.82890625 0.20467289719626167 0.253125
