1 0.18203125 0.559375 0.234375 0.2075
2 0.2625 0.6302083333333334 0.041249999999999995 0.04375
2 0.10390625 0.4822916666666667 0.046875 0.02625
3 0.18203125 0.48854166666666665 0.234375 0.3775
4 0.2625 0.5572916666666666 0.041249999999999995 0.24791666666666665
4 0.1078125 0.4114583333333333 0.05625 0.22458333333333333
5 0.18203125 0.48854166666666665 0.234375 0.3775
0 0.22109375 0.40729166666666666 0.328125 0.5725
1 0.7234375 0.3125 0.33375 0.205
2 0.828125 0.38958333333333334 0.08249999999999999 0.02333333333333333
2 0.60859375 0.26875 0.058124999999999996 0.11666666666666667
3 0.7234375 0.253125 0.33375 0.3475
4 0.828125 0.3020833333333333 0.08249999999999999 0.2683333333333333
4 0.61640625 0.209375 0.076875 0.28291666666666665
5 0.7234375 0.253125 0.33375 0.3475
0 0.73828125 0.2 0.37687499999999996 0.4
