1 0.218 0.8778135048231511 0.12 0.09260450160771704
2 0.233 0.8778135048231511 0.084 0.1080385852090032
2 0.199 0.8842443729903537 0.0744 0.09003215434083602
3 0.218 0.7845659163987139 0.12 0.31639871382636653
4 0.233 0.7893890675241158 0.084 0.35562700964630223
4 0.199 0.7845659163987139 0.0744 0.3691318327974276
5 0.218 0.6752411575562701 0.12 0.5787781350482315
0 0.221 0.5192926045016077 0.12719999999999998 0.9530546623794212
1 0.665 0.9356913183279743 0.06 0.0077170418006430866
2 0.665 0.9372990353697749 0.06 0.0045016077170418
2 0.674 0.932475884244373 0.0 0.0
3 0.665 0.882636655948553 0.06 0.13504823151125403
4 0.665 0.8842443729903537 0.06 0.1530546623794212
4 0.677 0.8794212218649518 0.007199999999999999 0.14855305466237942
5 0.672 0.8183279742765274 0.0768 0.28938906752411575
0 0.672 0.7122186495176849 0.0768 0.5440514469453376
