1 0.6617210682492581 0.858 0.5768545994065282 0.1536
2 0.8590504451038575 0.827 0.1032640949554896 0.0924
2 0.4688427299703264 0.879 0.11394658753709198 0.1204
3 0.6617210682492581 0.794 0.5768545994065282 0.3072
4 0.8011869436201781 0.776 0.24213649851632046 0.2352
4 0.4688427299703264 0.794 0.11394658753709198 0.3584
5 0.6572700296735905 0.706 0.5875370919881305 0.5184
0 0.6261127596439169 0.574 0.6623145400593472 0.8351999999999999
1 0.15281899109792285 0.584 0.3056379821958457 0.024
2 0.2344213649851632 0.585 0.12106824925816023 0.0252
2 0.06676557863501484 0.584 0.11038575667655785 0.028
3 0.15281899109792285 0.515 0.3056379821958457 0.1896
4 0.2344213649851632 0.52 0.12106824925816023 0.2072
4 0.0830860534124629 0.515 0.14955489614243322 0.22119999999999998
5 0.16913946587537093 0.515 0.33827893175074186 0.1896
0 0.1913946587537092 0.454 0.3827893175074184 0.336
