1 0.64453125 0.7328431372549019 0.080625 0.011764705882352941
2 0.67578125 0.7328431372549019 0.005625 0.006862745098039216
2 0.61953125 0.7328431372549019 0.020624999999999998 0.013725490196078431
3 0.64453125 0.6973039215686274 0.080625 0.09705882352941177
4 0.66796875 0.7009803921568627 0.024375 0.09607843137254901
4 0.61953125 0.6973039215686274 0.020624999999999998 0.11323529411764705
5 0.64453125 0.6691176470588235 0.080625 0.16470588235294117
0 0.63984375 0.6115196078431373 0.091875 0.3029411764705882
1 0.8984375 0.678921568627451 0.026250000000000002 0.023529411764705882
2 0.8984375 0.6850490196078431 0.026250000000000002 0.010294117647058822
2 0.8921875 0.6715686274509803 0.0 0.006862745098039216
3 0.90078125 0.6531862745098039 0.031875 0.08529411764705881
4 0.90078125 0.6568627450980392 0.031875 0.0892156862745098
4 0.89140625 0.6458333333333334 0.001875 0.07892156862745096
5 0.9046875 0.6348039215686274 0.041249999999999995 0.12941176470588234
0 0.890625 0.6127450980392157 0.075 0.18235294117647058
