1 0.2296875 0.8619631901840491 0.3375 0.2282208588957055
2 0.109375 0.8271983640081799 0.04875 0.1689161554192229
2 0.32265625 0.9202453987730062 0.114375 0.10306748466257669
3 0.2296875 0.803680981595092 0.3375 0.36809815950920244
4 0.17421875 0.803680981595092 0.20437499999999997 0.2347648261758691
4 0.32265625 0.803680981595092 0.114375 0.39263803680981596
5 0.2296875 0.6973415132924335 0.3375 0.6053169734151329
0 0.23046875 0.5552147239263804 0.339375 0.8895705521472392
1 0.4640625 0.24028629856850717 0.20625 0.046625766871165646
2 0.52265625 0.24028629856850717 0.065625 0.05439672801635991
2 0.39609375 0.24028629856850717 0.043125 0.05439672801635991
3 0.4640625 0.15030674846625766 0.20625 0.26257668711656446
4 0.52265625 0.15030674846625766 0.065625 0.3006134969325153
4 0.3984375 0.15030674846625766 0.04875 0.3006134969325153
0 0.4640625 0.15030674846625766 0.20625 0.26257668711656446
