1 0.14921875 0.7863849765258216 0.170625 0.06197183098591549
2 0.203125 0.789906103286385 0.041249999999999995 0.04929577464788732
2 0.10078125 0.7863849765258216 0.05437499999999999 0.07230046948356807
3 0.153125 0.7030516431924883 0.18 0.2619718309859155
4 0.20703125 0.7007042253521126 0.050624999999999996 0.2990610328638497
4 0.1328125 0.7546948356807511 0.13125 0.16103286384976526
5 0.153125 0.6830985915492958 0.18 0.30985915492957744
0 0.18984375 0.6255868544600939 0.268125 0.44788732394366193
1 0.62109375 0.8485915492957746 0.09937499999999999 0.04788732394366197
2 0.6328125 0.8485915492957746 0.07125000000000001 0.05586854460093896
2 0.61953125 0.8532863849765259 0.09562499999999999 0.03615023474178403
3 0.63203125 0.7863849765258216 0.125625 0.19718309859154928
4 0.64375 0.7863849765258216 0.0975 0.2300469483568075
4 0.61953125 0.8251173708920188 0.09562499999999999 0.11502347417840375
5 0.65234375 0.7863849765258216 0.174375 0.19718309859154928
0 0.678125 0.715962441314554 0.23625 0.36619718309859156
