1 0.522 0.7173333333333334 0.05759999999999999 0.05759999999999999
2 0.528 0.7306666666666667 0.043199999999999995 0.029866666666666666
2 0.515 0.7026666666666667 0.040799999999999996 0.02613333333333333
3 0.522 0.668 0.05759999999999999 0.176
4 0.528 0.668 0.043199999999999995 0.20533333333333334
4 0.515 0.6573333333333333 0.040799999999999996 0.15306666666666666
5 0.522 0.6146666666666667 0.05759999999999999 0.304
0 0.528 0.516 0.0912 0.5408
1 0.64 0.7453333333333333 0.1008 0.048
2 0.67 0.752 0.028799999999999996 0.037333333333333336
2 0.61 0.736 0.028799999999999996 0.029866666666666666
3 0.64 0.7026666666666667 0.1008 0.1504
4 0.668 0.704 0.033600000000000005 0.17173333333333332
4 0.61 0.6933333333333334 0.028799999999999996 0.14933333333333335
5 0.64 0.6506666666666666 0.1008 0.2752
0 0.64 0.548 0.12 0.5216
