1 0.34270833333333334 0.8375 0.27249999999999996 0.052500000000000005
2 0.43020833333333336 0.8484375 0.0625 0.030624999999999996
2 0.2552083333333333 0.82421875 0.0625 0.024062499999999997
3 0.34270833333333334 0.803125 0.27249999999999996 0.13499999999999998
4 0.41458333333333336 0.8046875 0.1 0.153125
4 0.2552083333333333 0.78984375 0.0625 0.1203125
5 0.34270833333333334 0.75078125 0.27249999999999996 0.260625
0 0.3333333333333333 0.65078125 0.295 0.500625
1 0.5302083333333333 0.86328125 0.2275 0.05437499999999999
2 0.5625 0.86484375 0.15 0.0590625
2 0.4791666666666667 0.86015625 0.105 0.0546875
3 0.5302083333333333 0.80625 0.2275 0.19124999999999998
4 0.5625 0.80625 0.15 0.22312499999999996
4 0.4791666666666667 0.80703125 0.105 0.2034375
5 0.5302083333333333 0.7453125 0.2275 0.3375
0 0.5229166666666667 0.63046875 0.245 0.6131249999999999
1 0.6802083333333333 0.68984375 0.057499999999999996 0.016874999999999998
2 0.6677083333333333 0.68984375 0.0275 0.0196875
2 0.7041666666666667 0.6921875 0.0 0.0
3 0.68125 0.67109375 0.05999999999999999 0.061875
4 0.6677083333333333 0.67109375 0.0275 0.07218749999999999
4 0.7052083333333333 0.67265625 0.0025 0.0546875
5 0.6822916666666666 0.64453125 0.0625 0.125625
0 0.6854166666666667 0.60078125 0.07 0.230625
1 0.859375 0.87890625 0.28125 0.058124999999999996
2 0.9510416666666667 0.87890625 0.09791666666666667 0.0678125
2 0.784375 0.87734375 0.1425 0.041562499999999995
3 0.859375 0.8109375 0.28125 0.22125
4 0.9510416666666667 0.8109375 0.09791666666666667 0.258125
4 0.784375 0.80859375 0.1425 0.23406249999999998
5 0.859375 0.73828125 0.28125 0.395625
0 0.84375 0.60234375 0.3125 0.721875
