1 0.496875 0.6518691588785047 0.32625 0.07850467289719626
2 0.61015625 0.6436915887850467 0.05437499999999999 0.029439252336448597
2 0.37109375 0.6518691588785047 0.024375 0.09158878504672896
3 0.496875 0.5969626168224299 0.32625 0.2102803738317757
4 0.5765625 0.5817757009345794 0.13499999999999998 0.202803738317757
4 0.421875 0.6320093457943925 0.14625 0.14719626168224298
5 0.496875 0.5385514018691588 0.32625 0.35046728971962615
0 0.496875 0.4544392523364486 0.32625 0.5523364485981308
1 0.1421875 0.8142523364485982 0.06749999999999999 0.1205607476635514
2 0.12890625 0.7651869158878505 0.016874999999999998 0.0032710280373831773
2 0.1421875 0.844626168224299 0.06749999999999999 0.05560747663551401
3 0.16796875 0.7570093457943925 0.129375 0.25794392523364484
4 0.171875 0.7079439252336449 0.12 0.16355140186915887
4 0.1578125 0.780373831775701 0.10500000000000001 0.23551401869158878
5 0.1578125 0.7570093457943925 0.15375 0.25794392523364484
0 0.1953125 0.6950934579439252 0.24375 0.40654205607476634
