1 0.475 0.9344262295081968 0.2925 0.07306791569086651
2 0.57734375 0.9473067915690867 0.046875 0.04918032786885246
2 0.38515625 0.9168618266978923 0.076875 0.0360655737704918
3 0.475 0.8571428571428571 0.2925 0.25854800936768146
4 0.55703125 0.8618266978922716 0.09562499999999999 0.27634660421545665
4 0.38515625 0.8395784543325527 0.076875 0.2524590163934426
5 0.475 0.7915690866510539 0.2925 0.4159250585480094
0 0.475 0.639344262295082 0.2925 0.7213114754098361
1 0.75703125 0.6920374707259953 0.129375 0.053395784543325525
2 0.78828125 0.6932084309133489 0.05437499999999999 0.05901639344262295
2 0.71796875 0.6920374707259953 0.035625000000000004 0.06229508196721311
3 0.75703125 0.6182669789227166 0.129375 0.23044496487119437
4 0.78828125 0.6182669789227166 0.05437499999999999 0.26885245901639343
4 0.71796875 0.6217798594847775 0.035625000000000004 0.25901639344262295
5 0.75703125 0.5433255269320844 0.129375 0.41030444964871193
0 0.7234375 0.4016393442622951 0.21000000000000002 0.750351288056206
