1 0.32435597189695553 0.6890625 0.19953161592505855 0.07875
2 0.36768149882903983 0.7 0.0955503512880562 0.06124999999999999
2 0.2857142857142857 0.671875 0.10679156908665105 0.04375
3 0.32435597189695553 0.634375 0.19953161592505855 0.21000000000000002
4 0.36768149882903983 0.6359375 0.0955503512880562 0.240625
4 0.2857142857142857 0.6171875 0.10679156908665105 0.19687499999999997
5 0.3337236533957845 0.59140625 0.22201405152224823 0.313125
0 0.3793911007025761 0.49921875 0.4496487119437939 0.534375
1 0.8817330210772834 0.4546875 0.03091334894613583 0.0375
2 0.8875878220140515 0.4390625 0.0 0.0
2 0.8817330210772834 0.45703125 0.03091334894613583 0.0371875
3 0.9063231850117096 0.4125 0.08992974238875878 0.13874999999999998
4 0.9156908665105387 0.40078125 0.06744730679156909 0.10718749999999999
4 0.8817330210772834 0.4125 0.03091334894613583 0.161875
5 0.8969555035128806 0.36640625 0.11241217798594848 0.24937499999999999
0 0.8934426229508197 0.26484375 0.21311475409836064 0.4931249999999999
