1 0.6916666666666667 0.74609375 0.19499999999999998 0.024375
2 0.75 0.746875 0.055 0.026249999999999996
2 0.6354166666666666 0.74375 0.05999999999999999 0.021875
3 0.6916666666666667 0.70390625 0.19499999999999998 0.125625
4 0.75 0.70390625 0.055 0.14656249999999998
4 0.6385416666666667 0.70625 0.06749999999999999 0.126875
5 0.6916666666666667 0.66640625 0.19499999999999998 0.215625
0 0.6916666666666667 0.61015625 0.19499999999999998 0.350625
1 0.43125 0.73515625 0.029999999999999995 0.024375
2 0.4354166666666667 0.73671875 0.014999999999999998 0.024062499999999997
2 0.43125 0.73359375 0.029999999999999995 0.024062499999999997
3 0.434375 0.715625 0.0375 0.07125000000000001
4 0.4395833333333333 0.71640625 0.025 0.0809375
4 0.43125 0.7140625 0.029999999999999995 0.07875
5 0.44166666666666665 0.69140625 0.055 0.129375
0 0.44895833333333335 0.65078125 0.09749999999999999 0.226875
