1 0.20491803278688525 0.20234375 0.29508196721311475 0.039375
2 0.2962529274004684 0.19375 0.07587822014051522 0.021875
2 0.09718969555035128 0.2078125 0.03653395784543326 0.030624999999999996
3 0.20725995316159251 0.171875 0.3007025761124122 0.1125
4 0.29859484777517564 0.16328125 0.08149882903981263 0.10718749999999999
4 0.13114754098360656 0.17421875 0.1180327868852459 0.12468749999999999
5 0.20725995316159251 0.1359375 0.3007025761124122 0.19874999999999998
0 0.20725995316159251 0.11171875 0.3007025761124122 0.2234375
1 0.2388758782201405 0.640625 0.17423887587822012 0.07875
2 0.2927400468384075 0.62421875 0.04496487119437939 0.0459375
2 0.1873536299765808 0.653125 0.05058548009367681 0.056874999999999995
3 0.24355971896955503 0.61171875 0.185480093676815 0.148125
4 0.297423887587822 0.5953125 0.05620608899297424 0.126875
4 0.23185011709601874 0.62421875 0.15737704918032788 0.13781249999999998
5 0.2540983606557377 0.5796875 0.2107728337236534 0.225
0 0.27634660421545665 0.51015625 0.2641686182669789 0.391875
