1 0.7181372549019608 0.5400326797385621 0.3117647058823529 0.19019607843137254
2 0.8161764705882353 0.5874183006535948 0.07647058823529411 0.08921568627450979
2 0.6470588235294118 0.4852941176470588 0.1411764705882353 0.06862745098039216
3 0.7883986928104575 0.38480392156862747 0.42320261437908496 0.5627450980392157
4 0.886437908496732 0.45179738562091504 0.22712418300653595 0.46895424836601307
4 0.6470588235294118 0.3300653594771242 0.1411764705882353 0.5032679738562091
5 0.7883986928104575 0.38480392156862747 0.42320261437908496 0.5627450980392157
0 0.7883986928104575 0.3366013071895425 0.42320261437908496 0.673202614379085
1 0.3341503267973856 0.3022875816993464 0.292156862745098 0.20784313725490194
2 0.4387254901960784 0.3700980392156863 0.041176470588235294 0.052614379084967314
2 0.21568627450980393 0.24183006535947713 0.00784313725490196 0.07320261437908496
3 0.3799019607843137 0.2181372549019608 0.4019607843137255 0.40980392156862744
4 0.48447712418300654 0.2181372549019608 0.15098039215686274 0.4362745098039216
5 0.4019607843137255 0.2181372549019608 0.45490196078431366 0.40980392156862744
0 0.4019607843137255 0.2181372549019608 0.45490196078431366 0.40980392156862744
