1 0.590625 0.9030373831775701 0.08625 0.1261682242990654
2 0.60625 0.9439252336448598 0.04875 0.03271028037383177
2 0.5703125 0.8679906542056075 0.0375 0.04906542056074766
3 0.590625 0.8376168224299065 0.08625 0.2831775700934579
4 0.60625 0.8422897196261683 0.04875 0.31542056074766356
4 0.5703125 0.802570093457944 0.0375 0.2322429906542056
5 0.5984375 0.772196261682243 0.10500000000000001 0.44018691588785047
0 0.57421875 0.6401869158878505 0.166875 0.719626168224299
1 0.3 0.919392523364486 0.0225 0.16121495327102803
2 0.3 0.9462616822429907 0.0225 0.10747663551401869
2 0.290625 0.8457943925233645 0.0 0.0
3 0.2890625 0.8434579439252337 0.04875 0.3130841121495327
4 0.29609375 0.8785046728971962 0.031875 0.24299065420560748
4 0.2796875 0.7698598130841121 0.026250000000000002 0.21261682242990654
5 0.29296875 0.8002336448598131 0.065625 0.39953271028037385
0 0.28046875 0.6647196261682243 0.234375 0.6705607476635514
