1 0.503125 0.5576470588235294 0.21000000000000002 0.04517647058823529
2 0.43984375 0.5647058823529412 0.058124999999999996 0.03294117647058824
2 0.58203125 0.5552941176470588 0.020624999999999998 0.04611764705882353
3 0.503125 0.4976470588235294 0.21000000000000002 0.18917647058823528
4 0.4546875 0.4976470588235294 0.09375 0.22070588235294117
4 0.55625 0.5176470588235295 0.08249999999999999 0.15152941176470586
5 0.503125 0.44823529411764707 0.21000000000000002 0.3077647058823529
0 0.503125 0.3776470588235294 0.21000000000000002 0.47717647058823526
1 0.94375 0.54 0.10124999999999999 0.01976470588235294
2 0.9578125 0.5388235294117647 0.06749999999999999 0.019764705882352938
2 0.92734375 0.5411764705882353 0.061875 0.019764705882352938
3 0.94375 0.4811764705882353 0.10124999999999999 0.16094117647058823
4 0.9578125 0.4823529411764706 0.06749999999999999 0.17788235294117646
4 0.92734375 0.4811764705882353 0.061875 0.18776470588235294
5 0.9484375 0.4376470588235294 0.103125 0.26541176470588235
0 0.93046875 0.3635294117647059 0.1390625 0.44329411764705884
1 0.71953125 0.5411764705882353 0.073125 0.03952941176470588
2 0.73125 0.5411764705882353 0.045 0.04611764705882353
2 0.6984375 0.5435294117647059 0.0225 0.026352941176470586
3 0.69453125 0.5070588235294118 0.133125 0.12141176470588236
4 0.71640625 0.5105882352941177 0.080625 0.13176470588235295
4 0.6734375 0.5047058823529412 0.08249999999999999 0.13505882352941176
5 0.69453125 0.5011764705882353 0.133125 0.13552941176470587
0 0.69453125 0.4258823529411765 0.133125 0.31623529411764706
1 0.15234375 0.4152941176470588 0.024375 0.059294117647058824
2 0.15078125 0.42823529411764705 0.009375 0.03294117647058824
2 0.15234375 0.40352941176470586 0.024375 0.03623529411764705
3 0.12578125 0.38588235294117645 0.088125 0.12988235294117645
4 0.15078125 0.38588235294117645 0.009375 0.15152941176470586
4 0.12578125 0.37529411764705883 0.088125 0.11529411764705882
5 0.12578125 0.36823529411764705 0.088125 0.17223529411764707
0 0.13125 0.2964705882352941 0.13874999999999998 0.34447058823529414
