1 0.47604166666666664 0.95078125 0.2425 0.09562499999999999
2 0.5135416666666667 0.9234375 0.1525 0.034999999999999996
2 0.43333333333333335 0.97578125 0.14 0.041562499999999995
3 0.47604166666666664 0.89765625 0.2425 0.2046875
4 0.5135416666666667 0.8703125 0.1525 0.18375
4 0.43333333333333335 0.91640625 0.14 0.1671875
5 0.4114583333333333 0.81796875 0.39749999999999996 0.3640625
0 0.35625 0.6484375 0.5299999999999999 0.703125
1 0.6520833333333333 0.834375 0.23999999999999996 0.12
2 0.7020833333333333 0.809375 0.11999999999999998 0.06999999999999999
2 0.571875 0.84453125 0.0475 0.11156249999999998
3 0.6427083333333333 0.809375 0.2625 0.18
4 0.7020833333333333 0.784375 0.11999999999999998 0.13999999999999999
4 0.5625 0.83046875 0.07 0.1509375
5 0.6166666666666667 0.74140625 0.325 0.343125
0 0.5677083333333334 0.61328125 0.4425 0.650625
