1 0.71875 0.8665105386416861 0.075 0.022482435597189696
2 0.7375 0.8653395784543325 0.03 0.022950819672131147
2 0.69453125 0.8676814988290398 0.016874999999999998 0.022950819672131147
3 0.71875 0.8313817330210773 0.075 0.10679156908665105
4 0.7375 0.8302107728337237 0.03 0.12131147540983606
4 0.69453125 0.8313817330210773 0.016874999999999998 0.12459016393442622
5 0.71875 0.7950819672131147 0.075 0.1939110070257611
0 0.7140625 0.7189695550351288 0.08625 0.37658079625292734
1 0.8421875 0.870023419203747 0.052500000000000005 0.002810304449648712
2 0.859375 0.870023419203747 0.01125 0.003278688524590164
2 0.82734375 0.8688524590163934 0.016874999999999998 0.0
3 0.8421875 0.8302107728337237 0.052500000000000005 0.09836065573770492
4 0.859375 0.8302107728337237 0.01125 0.11475409836065574
4 0.82734375 0.8290398126463701 0.016874999999999998 0.11147540983606556
5 0.8421875 0.7868852459016393 0.052500000000000005 0.20234192037470725
0 0.84140625 0.7131147540983607 0.09937499999999999 0.3793911007025761
