1 0.671 0.721 0.0552 0.1176
2 0.681 0.76 0.0312 0.028
2 0.665 0.702 0.040799999999999996 0.084
3 0.675 0.694 0.0744 0.1824
4 0.687 0.694 0.0456 0.2128
4 0.663 0.675 0.0456 0.1596
5 0.689 0.625 0.108 0.348
0 0.711 0.489 0.2712 0.6744
1 0.305 0.912 0.26159999999999994 0.16319999999999998
2 0.394 0.951 0.048 0.0812
2 0.222 0.885 0.0624 0.1148
3 0.305 0.871 0.26159999999999994 0.258
4 0.394 0.88 0.048 0.24
4 0.223 0.844 0.0648 0.2296
5 0.305 0.797 0.26159999999999994 0.406
0 0.337 0.632 0.3384 0.736
