1 0.10546875 0.8852459016393442 0.10687499999999998 0.11241217798594848
2 0.10625 0.8466042154566745 0.10500000000000001 0.022950819672131147
2 0.09453125 0.9063231850117096 0.080625 0.0721311475409836
3 0.11875 0.8079625292740047 0.13874999999999998 0.29789227166276344
4 0.115625 0.7786885245901639 0.1275 0.21311475409836064
4 0.11875 0.8079625292740047 0.13874999999999998 0.34754098360655733
5 0.10859375 0.8079625292740047 0.163125 0.29789227166276344
0 0.1703125 0.689695550351288 0.31124999999999997 0.5817330210772833
1 0.58515625 0.8653395784543325 0.350625 0.07587822014051522
2 0.69765625 0.8735362997658079 0.080625 0.06557377049180328
2 0.4609375 0.8641686182669789 0.052500000000000005 0.08524590163934426
3 0.58515625 0.7915690866510539 0.350625 0.2529274004683841
4 0.69765625 0.7915690866510539 0.080625 0.2950819672131147
4 0.51484375 0.8278688524590164 0.18187499999999998 0.18688524590163932
5 0.58515625 0.7283372365339579 0.350625 0.4046838407494145
0 0.58515625 0.5690866510538641 0.350625 0.7868852459016393
