1 0.42890625 0.8291015625 0.125625 0.06796875
2 0.43671875 0.833984375 0.10687499999999998 0.06562499999999999
2 0.39453125 0.8232421875 0.043125 0.06289062499999999
3 0.42890625 0.76953125 0.125625 0.2109375
4 0.43671875 0.76953125 0.10687499999999998 0.24609374999999997
4 0.39453125 0.7666015625 0.043125 0.22148437499999998
5 0.42890625 0.6689453125 0.125625 0.45234375
0 0.41640625 0.5283203125 0.170625 0.78984375
1 0.60859375 0.828125 0.151875 0.0890625
2 0.640625 0.814453125 0.075 0.06562499999999999
2 0.56640625 0.8447265625 0.050624999999999996 0.057421875
3 0.60859375 0.7578125 0.151875 0.2578125
4 0.640625 0.744140625 0.075 0.26249999999999996
4 0.56640625 0.763671875 0.050624999999999996 0.284375
5 0.60859375 0.671875 0.151875 0.4640625
0 0.58671875 0.529296875 0.20437499999999997 0.80625
