1 0.39375 0.5572916666666666 0.49124999999999996 0.17750000000000002
2 0.57578125 0.6145833333333334 0.05437499999999999 0.04666666666666666
2 0.2171875 0.5145833333333333 0.06749999999999999 0.0875
3 0.39375 0.5291666666666667 0.49124999999999996 0.245
4 0.5640625 0.5291666666666667 0.08249999999999999 0.28583333333333333
4 0.26015625 0.490625 0.170625 0.15458333333333332
5 0.39375 0.4791666666666667 0.49124999999999996 0.365
0 0.39375 0.42916666666666664 0.49124999999999996 0.485
1 0.6359375 0.37083333333333335 0.07875 0.075
2 0.63359375 0.3541666666666667 0.073125 0.040833333333333326
2 0.646875 0.4 0.052500000000000005 0.005833333333333333
3 0.6359375 0.39166666666666666 0.07875 0.125
4 0.63359375 0.39166666666666666 0.073125 0.14583333333333334
5 0.60546875 0.39791666666666664 0.151875 0.14
0 0.5921875 0.4864583333333333 0.195 0.3525
