1 0.169 0.5997340425531915 0.0648 0.015957446808510637
2 0.187 0.5970744680851063 0.021599999999999998 0.011170212765957446
2 0.149 0.6037234042553191 0.016800000000000002 0.007446808510638297
3 0.169 0.5771276595744681 0.0648 0.0702127659574468
4 0.187 0.574468085106383 0.021599999999999998 0.07446808510638298
4 0.155 0.5771276595744681 0.0312 0.08191489361702127
5 0.169 0.550531914893617 0.0648 0.13404255319148936
0 0.16 0.488031914893617 0.08639999999999999 0.28404255319148936
1 0.406 0.6675531914893617 0.26880000000000004 0.1531914893617021
2 0.31 0.7220744680851063 0.0384 0.02606382978723404
2 0.504 0.6236702127659575 0.033600000000000005 0.05585106382978723
3 0.406 0.6675531914893617 0.26880000000000004 0.1531914893617021
4 0.316 0.6821808510638298 0.0528 0.1377659574468085
4 0.474 0.6236702127659575 0.1056 0.05585106382978723
5 0.406 0.6462765957446809 0.26880000000000004 0.20425531914893616
0 0.406 0.5824468085106383 0.26880000000000004 0.3574468085106383
1 0.612 0.7593085106382979 0.17279999999999998 0.04148936170212766
2 0.678 0.7553191489361702 0.014399999999999998 0.03723404255319149
2 0.555 0.7606382978723404 0.036 0.04468085106382978
3 0.612 0.7154255319148937 0.17279999999999998 0.14680851063829786
4 0.663 0.7220744680851063 0.0504 0.13031914893617022
4 0.555 0.7154255319148937 0.036 0.17127659574468082
5 0.612 0.6808510638297872 0.17279999999999998 0.22978723404255316
0 0.609 0.6223404255319149 0.18 0.3702127659574468
1 0.857 0.8563829787234043 0.1224 0.06382978723404255
2 0.817 0.8696808510638298 0.0264 0.03723404255319149
2 0.895 0.851063829787234 0.0312 0.05957446808510638
3 0.857 0.8151595744680851 0.1224 0.1627659574468085
4 0.817 0.8151595744680851 0.0264 0.18989361702127658
4 0.878 0.8257978723404256 0.072 0.13031914893617022
5 0.856 0.7726063829787234 0.1248 0.26489361702127656
0 0.83 0.6928191489361702 0.2256 0.4563829787234042
