1 0.0625 0.3227699530516432 0.09375 0.036619718309859155
2 0.08984375 0.3333333333333333 0.028125 0.013145539906103286
2 0.0296875 0.31572769953051644 0.015 0.02300469483568075
3 0.06328125 0.30985915492957744 0.09562499999999999 0.0676056338028169
4 0.090625 0.30985915492957744 0.03 0.07887323943661971
4 0.04765625 0.3227699530516432 0.058124999999999996 0.04272300469483568
5 0.06328125 0.3086854460093897 0.09562499999999999 0.07042253521126761
0 0.06875 0.29694835680751175 0.10874999999999999 0.10985915492957746
1 0.26640625 0.886150234741784 0.058124999999999996 0.025352112676056335
2 0.25859375 0.886150234741784 0.039375 0.01643192488262911
2 0.27109375 0.886150234741784 0.046875 0.029577464788732393
3 0.26953125 0.857981220657277 0.065625 0.09295774647887324
4 0.2640625 0.863849765258216 0.052500000000000005 0.07887323943661971
4 0.27421875 0.857981220657277 0.05437499999999999 0.10845070422535211
5 0.26953125 0.8251173708920188 0.065625 0.17183098591549295
0 0.25 0.7312206572769953 0.1125 0.39718309859154927
