1 0.657074340527578 0.85390625 0.3223021582733813 0.073125
2 0.7685851318944844 0.8671875 0.05467625899280576 0.048124999999999994
2 0.5767386091127098 0.834375 0.12949640287769784 0.030624999999999996
3 0.657074340527578 0.7640625 0.3223021582733813 0.28874999999999995
4 0.7482014388489209 0.76875 0.10359712230215826 0.32375
4 0.5767386091127098 0.74453125 0.12949640287769784 0.2821875
5 0.657074340527578 0.6859375 0.3223021582733813 0.47625
0 0.6067146282973621 0.525 0.44316546762589926 0.8625
1 0.2541966426858513 0.8515625 0.38561151079136685 0.09
2 0.3932853717026379 0.8375 0.05179856115107913 0.065625
2 0.11750599520383694 0.8640625 0.05755395683453238 0.06999999999999999
3 0.2541966426858513 0.78515625 0.38561151079136685 0.24937499999999999
4 0.3932853717026379 0.77109375 0.05179856115107913 0.2515625
4 0.145083932853717 0.7875 0.1237410071942446 0.284375
5 0.2541966426858513 0.7171875 0.38561151079136685 0.4125
0 0.28177458033573144 0.55859375 0.45179856115107914 0.793125
