1 0.18828125 0.7634660421545667 0.031875 0.01686182669789227
2 0.1890625 0.7611241217798594 0.03 0.013114754098360656
2 0.18359375 0.7634660421545667 0.020624999999999998 0.019672131147540982
3 0.18828125 0.734192037470726 0.031875 0.08711943793911006
4 0.1890625 0.7318501170960188 0.03 0.09508196721311474
4 0.18359375 0.734192037470726 0.020624999999999998 0.10163934426229508
5 0.18515625 0.7084309133489461 0.039375 0.14894613583138172
0 0.20390625 0.6592505854800936 0.084375 0.26697892271662765
1 0.53125 0.7295081967213115 0.033749999999999995 0.008430913348946136
2 0.53984375 0.7295081967213115 0.013125000000000001 0.009836065573770491
2 0.52265625 0.7283372365339579 0.013125000000000001 0.006557377049180328
3 0.53125 0.702576112412178 0.033749999999999995 0.07306791569086651
4 0.53984375 0.702576112412178 0.013125000000000001 0.08524590163934426
4 0.52265625 0.7014051522248244 0.013125000000000001 0.08196721311475409
5 0.52890625 0.6779859484777517 0.039375 0.13208430913348945
0 0.5390625 0.6358313817330211 0.06375 0.2332552693208431
