1 0.69453125 0.8709677419354839 0.06937499999999999 0.04129032258064516
2 0.69453125 0.8634408602150537 0.06937499999999999 0.027096774193548386
2 0.68671875 0.8763440860215054 0.020624999999999998 0.03311827956989247
3 0.69453125 0.8086021505376344 0.06937499999999999 0.19096774193548385
4 0.69453125 0.8010752688172043 0.06937499999999999 0.20172043010752688
4 0.68125 0.810752688172043 0.033749999999999995 0.2167741935483871
5 0.684375 0.7419354838709677 0.09375 0.35096774193548386
0 0.6703125 0.6172043010752688 0.1275 0.6503225806451612
1 0.78203125 0.8612903225806452 0.06937499999999999 0.01806451612903226
2 0.79140625 0.8612903225806452 0.046875 0.0210752688172043
2 0.77109375 0.8602150537634409 0.043125 0.018064516129032256
3 0.78203125 0.7978494623655914 0.06937499999999999 0.1703225806451613
4 0.79140625 0.7978494623655914 0.046875 0.19870967741935483
4 0.77109375 0.7967741935483871 0.043125 0.1956989247311828
5 0.78203125 0.7387096774193549 0.06937499999999999 0.31225806451612903
0 0.79453125 0.6053763440860215 0.09937499999999999 0.632258064516129
