1 0.409375 0.892271662763466 0.26625 0.06744730679156909
2 0.503125 0.8805620608899297 0.041249999999999995 0.04590163934426229
2 0.315625 0.8934426229508197 0.041249999999999995 0.07540983606557376
3 0.409375 0.8454332552693209 0.26625 0.17985948477751756
4 0.503125 0.8337236533957846 0.041249999999999995 0.17704918032786884
4 0.3234375 0.8489461358313818 0.06 0.19999999999999998
5 0.409375 0.8056206088992974 0.26625 0.27540983606557373
0 0.409375 0.6721311475409836 0.26625 0.5957845433255269
1 0.44140625 0.8758782201405152 0.024375 0.06182669789227166
2 0.45 0.8501170960187353 0.0 0.0
2 0.44140625 0.8864168618266979 0.024375 0.04262295081967213
3 0.42421875 0.7798594847775175 0.065625 0.29227166276346606
4 0.4421875 0.7540983606557377 0.01875 0.26885245901639343
4 0.42421875 0.7810304449648712 0.065625 0.33770491803278685
5 0.4015625 0.6838407494145199 0.12 0.5227166276346604
0 0.39453125 0.5433255269320844 0.260625 0.8599531615925058
1 0.8453125 0.775175644028103 0.13499999999999998 0.03372365339578454
2 0.87890625 0.7786885245901639 0.05437499999999999 0.029508196721311476
2 0.82421875 0.775175644028103 0.084375 0.039344262295081964
3 0.8453125 0.7060889929742389 0.13499999999999998 0.19953161592505855
4 0.87890625 0.7154566744730679 0.05437499999999999 0.2065573770491803
4 0.82421875 0.7060889929742389 0.084375 0.23278688524590163
5 0.8453125 0.6405152224824356 0.13499999999999998 0.35690866510538644
0 0.878125 0.46604215456674475 0.21374999999999997 0.7756440281030444
