1 0.376 0.8063063063063063 0.13440000000000002 0.38738738738738737
2 0.401 0.6666666666666666 0.0744 0.10090090090090088
2 0.331 0.9624624624624625 0.0264 0.054654654654654654
3 0.389 0.7297297297297297 0.1896 0.5405405405405406
4 0.419 0.5900900900900901 0.1176 0.3153153153153153
4 0.326 0.8093093093093093 0.0384 0.3813813813813814
5 0.38 0.7297297297297297 0.2112 0.5405405405405406
0 0.33 0.6246246246246246 0.3312 0.7507507507507507
1 0.784 0.6006006006006006 0.0912 0.02162162162162162
2 0.758 0.5990990990990991 0.028799999999999996 0.021021021021021023
2 0.813 0.6021021021021021 0.021599999999999998 0.021021021021021023
3 0.784 0.5720720720720721 0.0912 0.09009009009009009
4 0.758 0.575075075075075 0.028799999999999996 0.08828828828828829
4 0.807 0.5720720720720721 0.036 0.10510510510510511
5 0.784 0.5480480480480481 0.0912 0.14774774774774774
0 0.783 0.49099099099099097 0.09359999999999999 0.28468468468468466
