1 0.6652719665271967 0.50546875 0.0903765690376569 0.031875
2 0.6652719665271967 0.50546875 0.0903765690376569 0.0371875
2 0.6778242677824268 0.4921875 0.0 0.0
3 0.6652719665271967 0.459375 0.0903765690376569 0.14250000000000002
4 0.6652719665271967 0.459375 0.0903765690376569 0.16624999999999998
4 0.6589958158995816 0.45078125 0.04518828451882845 0.11593749999999999
5 0.6705020920502092 0.42109375 0.10292887029288703 0.234375
0 0.6548117154811716 0.34453125 0.3414225941422594 0.41812499999999997
1 0.600418410041841 0.41171875 0.0502092050209205 0.050624999999999996
2 0.600418410041841 0.41171875 0.0502092050209205 0.0590625
2 0.5794979079497908 0.4 0.0 0.0
3 0.5857740585774058 0.378125 0.08535564853556485 0.13125
4 0.600418410041841 0.378125 0.0502092050209205 0.153125
4 0.5648535564853556 0.36875 0.035146443514644354 0.0875
5 0.5930962343096234 0.37734375 0.10292887029288703 0.133125
0 0.5805439330543933 0.3359375 0.1330543933054393 0.23249999999999998
1 0.4110878661087866 0.43359375 0.12301255230125523 0.028125
2 0.4393305439330544 0.4390625 0.05523012552301255 0.017499999999999998
2 0.38598326359832635 0.425 0.06276150627615062 0.008749999999999999
3 0.4110878661087866 0.4 0.12301255230125523 0.10874999999999999
4 0.4393305439330544 0.403125 0.05523012552301255 0.118125
4 0.38598326359832635 0.39140625 0.06276150627615062 0.1028125
5 0.42677824267782427 0.38359375 0.1606694560669456 0.148125
0 0.42782426778242677 0.3515625 0.16317991631799164 0.225
