1 0.35563380281690143 0.9578125 0.16056338028169012 0.07875
2 0.3755868544600939 0.95078125 0.11267605633802817 0.07218749999999999
2 0.3427230046948357 0.96953125 0.1295774647887324 0.0590625
3 0.357981220657277 0.90859375 0.16619718309859155 0.1828125
4 0.3779342723004695 0.903125 0.11830985915492957 0.19375
4 0.3427230046948357 0.90859375 0.1295774647887324 0.1828125
5 0.357981220657277 0.8171875 0.16619718309859155 0.365625
0 0.3779342723004695 0.6984375 0.32112676056338024 0.603125
1 0.5504694835680751 0.95234375 0.12112676056338029 0.05437499999999999
2 0.5539906103286385 0.9578125 0.11267605633802817 0.048124999999999994
2 0.5375586854460094 0.94609375 0.09014084507042253 0.0459375
3 0.5528169014084507 0.8890625 0.1267605633802817 0.20625
4 0.5563380281690141 0.8890625 0.11830985915492957 0.221875
4 0.5375586854460094 0.8828125 0.09014084507042253 0.22312499999999996
5 0.5586854460093896 0.8328125 0.14084507042253522 0.334375
0 0.6044600938967136 0.71015625 0.2563380281690141 0.5796875
