1 0.41125541125541126 0.89765625 0.3012987012987013 0.058124999999999996
2 0.5151515151515151 0.90234375 0.05194805194805195 0.0546875
2 0.3051948051948052 0.896875 0.04675324675324675 0.065625
3 0.4155844155844156 0.8375 0.3116883116883117 0.20249999999999999
4 0.5194805194805194 0.840625 0.06233766233766233 0.22749999999999998
4 0.3051948051948052 0.83671875 0.04675324675324675 0.23406249999999998
5 0.4155844155844156 0.77890625 0.3116883116883117 0.343125
0 0.4155844155844156 0.70390625 0.3116883116883117 0.5231250000000001
1 0.7272727272727273 0.91953125 0.187012987012987 0.050624999999999996
2 0.7911255411255411 0.92109375 0.033766233766233764 0.050312499999999996
2 0.672077922077922 0.91953125 0.05454545454545454 0.0590625
3 0.7272727272727273 0.878125 0.187012987012987 0.15
4 0.7911255411255411 0.8796875 0.033766233766233764 0.16624999999999998
4 0.672077922077922 0.878125 0.05454545454545454 0.175
5 0.7272727272727273 0.83359375 0.187012987012987 0.256875
0 0.7359307359307359 0.78671875 0.33766233766233766 0.36937499999999995
