1 0.33671875 0.8161592505854801 0.133125 0.053395784543325525
2 0.38125 0.8208430913348946 0.026250000000000002 0.04918032786885246
2 0.31015625 0.8079625292740047 0.06937499999999999 0.039344262295081964
3 0.33671875 0.7271662763466042 0.133125 0.26697892271662765
4 0.38125 0.7283372365339579 0.026250000000000002 0.3081967213114754
4 0.31015625 0.7189695550351288 0.06937499999999999 0.2885245901639344
5 0.34921875 0.7271662763466042 0.163125 0.26697892271662765
0 0.3640625 0.585480093676815 0.19874999999999998 0.6070257611241218
1 0.52109375 0.832552693208431 0.163125 0.18829039812646367
2 0.48671875 0.7939110070257611 0.080625 0.11147540983606556
2 0.56796875 0.882903981264637 0.050624999999999996 0.07868852459016393
3 0.52734375 0.7353629976580797 0.178125 0.4215456674473068
4 0.521875 0.6967213114754098 0.16499999999999998 0.38360655737704913
4 0.57421875 0.7693208430913349 0.065625 0.3967213114754098
5 0.56640625 0.7353629976580797 0.271875 0.4215456674473068
0 0.58984375 0.6241217798594848 0.328125 0.6885245901639344
