1 0.3211764705882353 0.68359375 0.06494117647058822 0.016874999999999998
2 0.31058823529411766 0.684375 0.03952941176470588 0.017499999999999998
2 0.32941176470588235 0.6828125 0.04517647058823529 0.017499999999999998
3 0.3211764705882353 0.6734375 0.06494117647058822 0.041249999999999995
4 0.31058823529411766 0.67421875 0.03952941176470588 0.0459375
4 0.32941176470588235 0.67265625 0.04517647058823529 0.0459375
5 0.3211764705882353 0.6609375 0.06494117647058822 0.07125000000000001
0 0.32 0.6359375 0.06776470588235294 0.13125
1 0.37411764705882355 0.68515625 0.04517647058823529 0.020624999999999998
2 0.3870588235294118 0.68515625 0.01411764705882353 0.024062499999999997
2 0.3623529411764706 0.68515625 0.016941176470588234 0.024062499999999997
3 0.37411764705882355 0.67578125 0.04517647058823529 0.043125
4 0.3870588235294118 0.67578125 0.01411764705882353 0.050312499999999996
4 0.3623529411764706 0.67578125 0.016941176470588234 0.050312499999999996
5 0.37411764705882355 0.6609375 0.04517647058823529 0.07875
0 0.3764705882352941 0.63671875 0.0508235294117647 0.136875
1 0.6317647058823529 0.5921875 0.06494117647058822 0.04875
2 0.6494117647058824 0.571875 0.0 0.0
2 0.6317647058823529 0.59296875 0.06494117647058822 0.0546875
3 0.6447058823529411 0.56328125 0.09599999999999999 0.118125
4 0.6458823529411765 0.54296875 0.008470588235294117 0.0809375
4 0.6447058823529411 0.5640625 0.09599999999999999 0.135625
5 0.6294117647058823 0.53203125 0.13270588235294117 0.193125
0 0.6894117647058824 0.50234375 0.2936470588235294 0.26437499999999997
1 0.951764705882353 0.690625 0.07058823529411765 0.01125
2 0.9729411764705882 0.690625 0.01976470588235294 0.013124999999999998
2 0.9223529411764706 0.6953125 0.0 0.0
3 0.951764705882353 0.68203125 0.07058823529411765 0.031875
4 0.971764705882353 0.68203125 0.022588235294117645 0.0371875
4 0.9235294117647059 0.6828125 0.0028235294117647056 0.034999999999999996
5 0.951764705882353 0.66875 0.07058823529411765 0.06375
0 0.951764705882353 0.65 0.07058823529411765 0.10874999999999999
