1 0.82265625 0.5849056603773585 0.238125 0.03962264150943397
2 0.90390625 0.5849056603773585 0.043125 0.04622641509433962
2 0.7296875 0.5884433962264151 0.015 0.03632075471698113
3 0.82265625 0.5176886792452831 0.238125 0.2009433962264151
4 0.88828125 0.5200471698113207 0.080625 0.22783018867924526
4 0.74140625 0.5176886792452831 0.043125 0.23443396226415092
5 0.82265625 0.4669811320754717 0.238125 0.32264150943396225
0 0.82265625 0.3466981132075472 0.238125 0.6113207547169811
1 0.38828125 0.8549528301886793 0.088125 0.07075471698113207
2 0.38828125 0.8549528301886793 0.088125 0.08254716981132075
2 0.4015625 0.8514150943396226 0.0 0.0
3 0.4140625 0.7688679245283019 0.15 0.27735849056603773
4 0.4140625 0.7688679245283019 0.15 0.32358490566037734
4 0.3984375 0.7558962264150944 0.0075 0.2674528301886792
5 0.43671875 0.6898584905660378 0.20437499999999997 0.4669811320754717
0 0.43671875 0.5176886792452831 0.20437499999999997 0.880188679245283
