1 0.415625 0.8203125 0.1825 0.033749999999999995
2 0.4635416666666667 0.82890625 0.06749999999999999 0.015312499999999998
2 0.353125 0.8203125 0.0325 0.039375
3 0.415625 0.77265625 0.1825 0.148125
4 0.459375 0.77421875 0.07749999999999999 0.1684375
4 0.353125 0.77265625 0.0325 0.17281249999999998
5 0.41041666666666665 0.71796875 0.19499999999999998 0.279375
0 0.36354166666666665 0.62421875 0.3175 0.504375
1 0.7364583333333333 0.82421875 0.2075 0.031875
2 0.809375 0.82265625 0.0325 0.0328125
2 0.6791666666666667 0.828125 0.07 0.026249999999999996
3 0.7364583333333333 0.7734375 0.2075 0.15375
4 0.809375 0.7734375 0.0325 0.17062499999999997
4 0.6791666666666667 0.7734375 0.07 0.179375
5 0.7364583333333333 0.71171875 0.2075 0.301875
0 0.7354166666666667 0.6203125 0.38499999999999995 0.52125
