1 0.4375 0.7458333333333333 0.23249999999999998 0.095
2 0.50546875 0.7135416666666666 0.06937499999999999 0.020416666666666663
2 0.3671875 0.775 0.06375 0.029166666666666667
3 0.4375 0.6822916666666666 0.23249999999999998 0.2475
4 0.50390625 0.65 0.073125 0.1983333333333333
4 0.3671875 0.6947916666666667 0.06375 0.25375
5 0.4375 0.615625 0.23249999999999998 0.4075
0 0.4375 0.47604166666666664 0.23249999999999998 0.7424999999999999
1 0.596875 0.203125 0.10500000000000001 0.0275
2 0.61640625 0.196875 0.058124999999999996 0.014583333333333334
2 0.57890625 0.20729166666666668 0.061875 0.020416666666666663
3 0.596875 0.134375 0.10500000000000001 0.19249999999999998
4 0.61640625 0.128125 0.058124999999999996 0.2070833333333333
4 0.57890625 0.134375 0.061875 0.22458333333333333
0 0.596875 0.134375 0.10500000000000001 0.19249999999999998
