1 0.2984375 0.5620608899297423 0.18375 0.1405152224824356
2 0.36796875 0.5819672131147541 0.016874999999999998 0.1081967213114754
2 0.25390625 0.5281030444964872 0.076875 0.06885245901639343
3 0.2984375 0.4332552693208431 0.18375 0.4496487119437939
4 0.36796875 0.4672131147540984 0.016874999999999998 0.4295081967213114
4 0.25390625 0.3992974238875878 0.076875 0.4295081967213114
5 0.2984375 0.31381733021077285 0.18375 0.6276346604215457
0 0.2984375 0.31381733021077285 0.18375 0.6276346604215457
1 0.45234375 0.4566744730679157 0.14437499999999998 0.07306791569086651
2 0.4875 0.4414519906323185 0.06 0.04262295081967213
2 0.43359375 0.46604215456674475 0.09937499999999999 0.05901639344262295
3 0.45234375 0.32786885245901637 0.14437499999999998 0.3822014051522248
4 0.4875 0.3126463700234192 0.06 0.40327868852459015
4 0.43359375 0.33021077283372363 0.09937499999999999 0.43934426229508194
0 0.45234375 0.32786885245901637 0.14437499999999998 0.3822014051522248
1 0.659375 0.7693208430913349 0.39 0.19953161592505855
2 0.5859375 0.7950819672131147 0.21374999999999997 0.160655737704918
2 0.8109375 0.7330210772833724 0.026250000000000002 0.13114754098360656
3 0.659375 0.5362997658079626 0.39 0.7587822014051522
4 0.5859375 0.5491803278688525 0.21374999999999997 0.8491803278688523
4 0.80390625 0.5 0.043125 0.7836065573770491
0 0.659375 0.5362997658079626 0.39 0.7587822014051522
