1 0.27734375 0.5401891252955082 0.061875 0.02553191489361702
2 0.29140625 0.5401891252955082 0.028125 0.02978723404255319
2 0.25625 0.541371158392435 0.01125 0.019858156028368792
3 0.27734375 0.5047281323877069 0.061875 0.11063829787234042
4 0.29140625 0.5059101654846335 0.028125 0.12576832151300235
4 0.2578125 0.5035460992907801 0.015 0.12576832151300235
5 0.27734375 0.47044917257683216 0.061875 0.1929078014184397
0 0.27734375 0.40189125295508277 0.061875 0.35744680851063826
1 0.42890625 0.5011820330969267 0.035625000000000004 0.022695035460992906
2 0.4171875 0.4988179669030733 0.0075 0.019858156028368792
2 0.43203125 0.5023640661938534 0.028125 0.023167848699763592
3 0.42890625 0.46099290780141844 0.035625000000000004 0.11914893617021276
4 0.4203125 0.458628841607565 0.015 0.13238770685579196
4 0.43203125 0.4645390070921986 0.028125 0.12907801418439716
5 0.42890625 0.425531914893617 0.035625000000000004 0.20425531914893616
0 0.43125 0.3735224586288416 0.041249999999999995 0.32907801418439714
1 0.59609375 0.648936170212766 0.043125 0.02553191489361702
2 0.59296875 0.6560283687943262 0.035625000000000004 0.009929078014184396
2 0.59765625 0.6418439716312057 0.039375 0.009929078014184396
3 0.59609375 0.6111111111111112 0.043125 0.11631205673758864
4 0.59296875 0.6122931442080378 0.035625000000000004 0.13238770685579196
4 0.59765625 0.6040189125295509 0.039375 0.11583924349881797
5 0.59609375 0.5673758865248227 0.043125 0.22127659574468084
0 0.584375 0.491725768321513 0.07125000000000001 0.40283687943262414
1 0.71953125 0.9621749408983451 0.084375 0.034042553191489355
2 0.68515625 0.9621749408983451 0.001875 0.039716312056737584
2 0.73671875 0.9657210401891253 0.043125 0.009929078014184396
3 0.7203125 0.8877068557919622 0.08625 0.2127659574468085
4 0.69453125 0.8877068557919622 0.024375 0.22458628841607564
4 0.7375 0.8888888888888888 0.045 0.2222222222222222
5 0.72421875 0.8049645390070922 0.09562499999999999 0.3900709219858156
0 0.76640625 0.7163120567375887 0.196875 0.5673758865248227
