1 0.396875 0.6370023419203747 0.075 0.03934426229508197
2 0.4125 0.6276346604215457 0.0375 0.019672131147540982
2 0.37265625 0.6440281030444965 0.016874999999999998 0.02622950819672131
3 0.396875 0.6018735362997658 0.075 0.12365339578454332
4 0.4125 0.5925058548009368 0.0375 0.1180327868852459
4 0.37890625 0.6030444964871194 0.031875 0.14098360655737704
5 0.396875 0.5667447306791569 0.075 0.2079625292740047
0 0.396875 0.5 0.075 0.36814988290398126
1 0.53046875 0.6592505854800936 0.06937499999999999 0.03091334894613583
2 0.5015625 0.6463700234192038 0.0 0.0
2 0.546875 0.667447306791569 0.03 0.013114754098360656
3 0.53046875 0.6112412177985949 0.06937499999999999 0.14613583138173303
4 0.50234375 0.5983606557377049 0.001875 0.13442622950819672
4 0.546875 0.6147540983606558 0.03 0.160655737704918
5 0.5078125 0.6112412177985949 0.12375 0.14613583138173303
0 0.503125 0.585480093676815 0.14250000000000002 0.2079625292740047
1 0.65703125 0.5995316159250585 0.06937499999999999 0.15175644028103044
2 0.6453125 0.6498829039812647 0.041249999999999995 0.0360655737704918
2 0.68203125 0.5433255269320844 0.009375 0.019672131147540982
3 0.65703125 0.5971896955503513 0.06937499999999999 0.15737704918032788
4 0.6453125 0.6030444964871194 0.041249999999999995 0.16721311475409834
4 0.6578125 0.5409836065573771 0.06749999999999999 0.02622950819672131
5 0.66171875 0.5925058548009368 0.080625 0.1686182669789227
0 0.67890625 0.5281030444964872 0.121875 0.3231850117096019
1 0.590625 0.6311475409836066 0.06749999999999999 0.019672131147540985
2 0.6015625 0.6346604215456675 0.041249999999999995 0.013114754098360656
2 0.5765625 0.6288056206088993 0.033749999999999995 0.01639344262295082
3 0.590625 0.5749414519906323 0.06749999999999999 0.15456674473067916
4 0.6015625 0.5796252927400468 0.041249999999999995 0.16721311475409834
4 0.5765625 0.572599531615925 0.033749999999999995 0.17377049180327866
5 0.62265625 0.5749414519906323 0.14437499999999998 0.15456674473067916
0 0.6328125 0.509367681498829 0.16875 0.311943793911007
