1 0.61953125 0.8544600938967136 0.046875 0.03380281690140845
2 0.60390625 0.8568075117370892 0.009375 0.03286384976525822
2 0.6328125 0.8497652582159625 0.015 0.02629107981220657
3 0.61953125 0.82981220657277 0.046875 0.09295774647887324
4 0.60703125 0.8309859154929577 0.016874999999999998 0.10516431924882629
4 0.6328125 0.8251173708920188 0.015 0.09530516431924882
5 0.61953125 0.7992957746478874 0.046875 0.16619718309859155
0 0.61875 0.7582159624413145 0.04875 0.2647887323943662
1 0.8984375 0.8321596244131455 0.045 0.053521126760563385
2 0.9140625 0.8251173708920188 0.0075 0.04272300469483568
2 0.8859375 0.8474178403755869 0.015 0.019718309859154928
3 0.8984375 0.8169014084507042 0.045 0.09014084507042253
4 0.91015625 0.8098591549295775 0.016874999999999998 0.08544600938967135
4 0.8859375 0.8169014084507042 0.015 0.10516431924882629
5 0.8984375 0.7816901408450704 0.045 0.17464788732394365
0 0.89921875 0.7347417840375586 0.050624999999999996 0.28732394366197184
1 0.67890625 0.8380281690140845 0.020624999999999998 0.056338028169014086
2 0.6828125 0.8556338028169014 0.01125 0.01643192488262911
2 0.67578125 0.8321596244131455 0.013125000000000001 0.04929577464788732
3 0.6796875 0.82981220657277 0.0225 0.07605633802816901
4 0.68203125 0.8309859154929577 0.013125000000000001 0.08544600938967135
4 0.6796875 0.823943661971831 0.0225 0.07230046948356807
5 0.68125 0.7981220657276995 0.026250000000000002 0.15211267605633802
0 0.67890625 0.7488262910798122 0.050624999999999996 0.2704225352112676
