1 0.553125 0.7235649546827795 0.17625 0.33716012084592145
2 0.4953125 0.850453172205438 0.0375 0.038066465256797584
2 0.615625 0.6042296072507553 0.026250000000000002 0.05921450151057401
3 0.553125 0.6948640483383686 0.17625 0.4060422960725076
4 0.51328125 0.7371601208459214 0.080625 0.35528700906344407
4 0.56171875 0.5755287009063444 0.15562499999999999 0.13957703927492446
5 0.553125 0.6948640483383686 0.17625 0.4060422960725076
0 0.57734375 0.6042296072507553 0.234375 0.6235649546827795
1 0.29375 0.8474320241691843 0.08625 0.07613293051359517
2 0.278125 0.8368580060422961 0.04875 0.05921450151057401
2 0.321875 0.8655589123867069 0.01875 0.038066465256797584
3 0.2953125 0.7673716012084593 0.09 0.2682779456193353
4 0.278125 0.756797583081571 0.04875 0.28338368580060425
4 0.3234375 0.7794561933534743 0.0225 0.2791540785498489
5 0.30078125 0.6782477341389728 0.103125 0.4821752265861027
0 0.30625 0.5287009063444109 0.11624999999999999 0.8410876132930513
1 0.103125 0.8912386706948641 0.08249999999999999 0.09425981873111783
2 0.0796875 0.8685800604229608 0.026250000000000002 0.04652567975830815
2 0.13125 0.918429003021148 0.015 0.033836858006042296
3 0.103125 0.8021148036253777 0.08249999999999999 0.3081570996978852
4 0.0796875 0.7794561933534743 0.026250000000000002 0.29607250755287007
4 0.13125 0.8217522658610272 0.015 0.30453172205438067
5 0.1046875 0.7009063444108762 0.08625 0.5510574018126888
0 0.1125 0.5196374622356495 0.21000000000000002 0.9607250755287009
