1 0.525 0.9604166666666667 0.1125 0.04
2 0.5515625 0.9572916666666667 0.04875 0.03791666666666667
2 0.490625 0.9635416666666666 0.03 0.03791666666666667
3 0.525 0.9114583333333334 0.1125 0.1575
4 0.546875 0.9083333333333333 0.06 0.175
4 0.49140625 0.9135416666666667 0.031875 0.17291666666666666
5 0.525 0.8552083333333333 0.1125 0.28958333333333336
0 0.525 0.7552083333333334 0.1125 0.4895833333333333
1 0.63046875 0.74375 0.091875 0.02
2 0.65625 0.746875 0.03 0.014583333333333334
2 0.60546875 0.7375 0.031875 0.005833333333333333
3 0.63046875 0.7125 0.091875 0.095
4 0.65625 0.71875 0.03 0.09333333333333332
4 0.60859375 0.70625 0.039375 0.09333333333333332
5 0.63046875 0.6864583333333333 0.091875 0.1575
0 0.63515625 0.6072916666666667 0.103125 0.3475
