1 0.4305555555555556 0.6413398692810458 0.3235294117647059 0.12352941176470587
2 0.5555555555555556 0.6666666666666666 0.02352941176470588 0.07320261437908496
2 0.3300653594771242 0.5964052287581699 0.08235294117647059 0.01830065359477124
3 0.4305555555555556 0.5874183006535948 0.3235294117647059 0.2529411764705882
4 0.5514705882352942 0.6274509803921569 0.03333333333333333 0.1830065359477124
4 0.3300653594771242 0.5424836601307189 0.08235294117647059 0.16928104575163397
5 0.4305555555555556 0.5588235294117647 0.3235294117647059 0.32156862745098036
0 0.4591503267973856 0.45179738562091504 0.39215686274509803 0.5784313725490197
1 0.8194444444444444 0.9019607843137255 0.14705882352941177 0.10980392156862745
2 0.8120915032679739 0.9411764705882353 0.12941176470588237 0.01830065359477124
2 0.829248366013072 0.8700980392156863 0.12352941176470587 0.03888888888888888
3 0.8194444444444444 0.8341503267973857 0.14705882352941177 0.2725490196078431
4 0.8120915032679739 0.8406862745098039 0.12941176470588237 0.2996732026143791
4 0.829248366013072 0.8022875816993464 0.12352941176470587 0.22875816993464052
5 0.8194444444444444 0.7581699346405228 0.14705882352941177 0.45490196078431366
0 0.7933006535947712 0.6029411764705882 0.20980392156862746 0.7941176470588235
