1 0.65625 0.9614583333333333 0.13499999999999998 0.07708333333333334
2 0.63046875 0.9458333333333333 0.073125 0.04666666666666666
2 0.6953125 0.9645833333333333 0.041249999999999995 0.07083333333333333
3 0.65625 0.875 0.13499999999999998 0.25
4 0.63046875 0.859375 0.073125 0.28125
4 0.690625 0.8760416666666667 0.052500000000000005 0.24791666666666667
5 0.65625 0.7947916666666667 0.13499999999999998 0.41041666666666665
0 0.6703125 0.653125 0.1725 0.69375
1 0.8015625 0.9583333333333334 0.1575 0.08333333333333333
2 0.85703125 0.9708333333333333 0.024375 0.058333333333333334
2 0.7453125 0.940625 0.0225 0.05541666666666666
3 0.8015625 0.8979166666666667 0.1575 0.20416666666666666
4 0.85703125 0.9104166666666667 0.024375 0.17916666666666667
4 0.74609375 0.8802083333333334 0.024375 0.22458333333333333
5 0.8015625 0.8322916666666667 0.1575 0.33541666666666664
0 0.803125 0.6979166666666666 0.16125 0.6041666666666666
