1 0.6126760563380281 0.9328125 0.2704225352112676 0.033749999999999995
2 0.6690140845070423 0.9375 0.1352112676056338 0.026249999999999996
2 0.562206572769953 0.92734375 0.14929577464788732 0.024062499999999997
3 0.6126760563380281 0.846875 0.2704225352112676 0.24
4 0.6690140845070423 0.85 0.1352112676056338 0.27125
4 0.562206572769953 0.84140625 0.14929577464788732 0.26468749999999996
5 0.6126760563380281 0.75078125 0.2704225352112676 0.47062499999999996
0 0.431924882629108 0.6265625 0.704225352112676 0.746875
1 0.8838028169014085 0.76171875 0.1323943661971831 0.031875
2 0.9295774647887324 0.7625 0.02253521126760563 0.030624999999999996
2 0.8450704225352113 0.76171875 0.03943661971830986 0.0371875
3 0.8873239436619719 0.721875 0.14084507042253522 0.1275
4 0.9330985915492958 0.72109375 0.030985915492957743 0.14656249999999998
4 0.8532863849765259 0.72265625 0.059154929577464786 0.14656249999999998
5 0.8955399061032864 0.68359375 0.16056338028169012 0.21937500000000001
0 0.9025821596244131 0.615625 0.17746478873239435 0.38249999999999995
1 0.2981220657276995 0.725 0.18028169014084505 0.01875
2 0.3732394366197183 0.728125 0.0 0.0
2 0.23943661971830985 0.725 0.03943661971830986 0.021875
3 0.2981220657276995 0.7078125 0.18028169014084505 0.06
4 0.2546948356807512 0.7078125 0.07605633802816901 0.06999999999999999
5 0.2981220657276995 0.7078125 0.18028169014084505 0.06
0 0.30164319248826293 0.69765625 0.18873239436619715 0.084375
