1 0.8 0.8171875 0.185 0.06749999999999999
2 0.8125 0.840625 0.15499999999999997 0.013124999999999998
2 0.753125 0.8 0.0725 0.030624999999999996
3 0.8 0.76796875 0.185 0.18562499999999998
4 0.8125 0.7703125 0.15499999999999997 0.20999999999999996
4 0.753125 0.75078125 0.0725 0.1684375
5 0.8 0.70703125 0.185 0.33187500000000003
0 0.775 0.578125 0.245 0.64125
1 0.5041666666666667 0.7703125 0.255 0.052500000000000005
2 0.575 0.7703125 0.08499999999999999 0.06124999999999999
2 0.421875 0.759375 0.057499999999999996 0.030624999999999996
3 0.5041666666666667 0.74765625 0.255 0.10687499999999998
4 0.5541666666666667 0.7484375 0.13499999999999998 0.12249999999999998
4 0.421875 0.73671875 0.057499999999999996 0.0940625
5 0.5041666666666667 0.71484375 0.255 0.18562499999999998
0 0.5041666666666667 0.64609375 0.255 0.350625
