1 0.5234375 0.8817330210772834 0.19874999999999998 0.008430913348946136
2 0.59609375 0.8817330210772834 0.024375 0.009836065573770491
2 0.459375 0.8817330210772834 0.045 0.009836065573770491
3 0.5234375 0.8056206088992974 0.19874999999999998 0.1911007025761124
4 0.5921875 0.810304449648712 0.033749999999999995 0.2098360655737705
4 0.46328125 0.8056206088992974 0.05437499999999999 0.22295081967213112
5 0.5234375 0.7423887587822015 0.19874999999999998 0.34285714285714286
0 0.5234375 0.6358313817330211 0.19874999999999998 0.5985948477751756
1 0.38515625 0.7669789227166276 0.136875 0.025292740046838406
2 0.43046875 0.7669789227166276 0.028125 0.029508196721311476
2 0.34375 0.7693208430913349 0.0375 0.022950819672131147
3 0.38515625 0.7072599531615925 0.136875 0.1686182669789227
4 0.43046875 0.7072599531615925 0.028125 0.19672131147540983
4 0.34609375 0.7084309133489461 0.043125 0.19344262295081965
5 0.38515625 0.65807962529274 0.136875 0.2866510538641686
0 0.38515625 0.5761124121779859 0.136875 0.48337236533957845
