1 0.3160621761658031 0.757 0.19274611398963729 0.0888
2 0.3588082901554404 0.788 0.09015544041450776 0.016799999999999995
2 0.26813471502590674 0.741 0.07772020725388601 0.0588
3 0.31476683937823835 0.703 0.19585492227979273 0.2184
4 0.3588082901554404 0.732 0.09015544041450776 0.1736
4 0.266839378238342 0.687 0.08082901554404145 0.21
5 0.31476683937823835 0.675 0.19585492227979273 0.28559999999999997
0 0.33549222797927464 0.576 0.24559585492227978 0.5231999999999999
1 0.7629533678756477 0.835 0.17098445595854922 0.0696
2 0.8082901554404145 0.85 0.06217616580310881 0.0392
2 0.7046632124352331 0.823 0.031088082901554404 0.047599999999999996
3 0.7629533678756477 0.795 0.17098445595854922 0.1656
4 0.8069948186528497 0.803 0.06528497409326425 0.17079999999999998
4 0.7046632124352331 0.783 0.031088082901554404 0.1596
5 0.7629533678756477 0.766 0.17098445595854922 0.2352
0 0.7992227979274611 0.671 0.35129533678756475 0.4632
