1 0.340958605664488 0.771875 0.35294117647058826 0.08625
2 0.4684095860566449 0.76171875 0.04705882352941176 0.07218749999999999
2 0.23093681917211328 0.79296875 0.08888888888888888 0.041562499999999995
3 0.340958605664488 0.696875 0.35294117647058826 0.26625
4 0.46187363834422657 0.6875 0.06274509803921569 0.27999999999999997
4 0.23529411764705882 0.696875 0.09934640522875818 0.310625
5 0.340958605664488 0.6203125 0.35294117647058826 0.45
0 0.36492374727668847 0.4734375 0.48366013071895425 0.8025
1 0.7799564270152506 0.8328125 0.17254901960784313 0.06749999999999999
2 0.8311546840958606 0.8328125 0.04967320261437909 0.07875
2 0.7374727668845316 0.84765625 0.07058823529411765 0.028437499999999998
3 0.7799564270152506 0.74375 0.17254901960784313 0.28125
4 0.8311546840958606 0.74375 0.04967320261437909 0.328125
4 0.7374727668845316 0.7453125 0.07058823529411765 0.315
5 0.7766884531590414 0.665625 0.1803921568627451 0.46875
0 0.7625272331154684 0.49765625 0.3712418300653595 0.871875
