1 0.2765625 0.8114583333333333 0.1575 0.1475
2 0.33515625 0.7739583333333333 0.016874999999999998 0.06708333333333333
2 0.228125 0.8447916666666667 0.041249999999999995 0.07875
3 0.2765625 0.7760416666666666 0.1575 0.23249999999999998
4 0.33125 0.7385416666666667 0.026250000000000002 0.16624999999999998
4 0.228125 0.7864583333333334 0.041249999999999995 0.24208333333333332
5 0.2765625 0.7135416666666666 0.1575 0.3825
0 0.27421875 0.596875 0.238125 0.6625
1 0.56484375 0.7552083333333334 0.046875 0.0325
2 0.57890625 0.75 0.013125000000000001 0.02333333333333333
2 0.55234375 0.759375 0.016874999999999998 0.02625
3 0.56953125 0.7354166666666667 0.058124999999999996 0.08
4 0.58359375 0.7302083333333333 0.024375 0.07875
4 0.55546875 0.7375 0.024375 0.0875
5 0.5703125 0.709375 0.06 0.1425
0 0.58125 0.65 0.08625 0.285
