1 0.3171875 0.6614583333333334 0.31124999999999997 0.0525
2 0.20625 0.653125 0.045 0.020416666666666663
2 0.43125 0.6614583333333334 0.0375 0.06125
3 0.3171875 0.6041666666666666 0.31124999999999997 0.19
4 0.2171875 0.5927083333333333 0.07125000000000001 0.18958333333333333
4 0.40078125 0.6385416666666667 0.110625 0.12541666666666665
5 0.3171875 0.5729166666666666 0.31124999999999997 0.26499999999999996
0 0.3171875 0.471875 0.31124999999999997 0.5075
1 0.69453125 0.6614583333333334 0.140625 0.0625
2 0.66015625 0.6770833333333334 0.058124999999999996 0.029166666666666667
2 0.753125 0.6354166666666666 0.0 0.0
3 0.68671875 0.621875 0.159375 0.1575
4 0.65234375 0.6291666666666667 0.076875 0.1633333333333333
4 0.7296875 0.5958333333333333 0.05625 0.11083333333333333
5 0.6890625 0.621875 0.16499999999999998 0.1575
0 0.6640625 0.5635416666666667 0.29625 0.2975
1 0.8203125 0.68125 0.16125 0.045
2 0.78203125 0.6916666666666667 0.06937499999999999 0.02333333333333333
2 0.8640625 0.66875 0.05625 0.017499999999999998
3 0.8203125 0.628125 0.16125 0.1725
4 0.78203125 0.6302083333333334 0.06937499999999999 0.19541666666666666
4 0.8640625 0.615625 0.05625 0.16624999999999998
5 0.82421875 0.5802083333333333 0.170625 0.2875
0 0.81875 0.5166666666666667 0.18375 0.44
