1 0.521875 0.5874125874125874 0.041249999999999995 0.13986013986013987
2 0.5125 0.5512820512820513 0.01875 0.062004662004662
2 0.5328125 0.6235431235431236 0.015 0.062004662004662
3 0.52890625 0.5652680652680653 0.058124999999999996 0.193006993006993
4 0.52890625 0.5303030303030303 0.058124999999999996 0.12074592074592073
4 0.5328125 0.5652680652680653 0.015 0.22517482517482515
5 0.52109375 0.5011655011655012 0.076875 0.34685314685314683
0 0.52734375 0.4731934731934732 0.091875 0.413986013986014
1 0.365625 0.655011655011655 0.19124999999999998 0.06713286713286713
2 0.29921875 0.6713286713286714 0.031875 0.03263403263403263
2 0.4359375 0.634032634032634 0.0225 0.01958041958041958
3 0.365625 0.6025641025641025 0.19124999999999998 0.193006993006993
4 0.30546875 0.6048951048951049 0.046875 0.21864801864801864
4 0.4328125 0.5815850815850816 0.03 0.1664335664335664
5 0.365625 0.5396270396270396 0.19124999999999998 0.34405594405594403
0 0.365625 0.42074592074592077 0.19124999999999998 0.6293706293706294
