1 0.5234375 0.8820326678765881 0.1125 0.05662431941923775
2 0.5578125 0.8811252268602541 0.03 0.04319419237749546
2 0.49296875 0.8820326678765881 0.039375 0.06606170598911071
3 0.5234375 0.8185117967332124 0.1125 0.20907441016333936
4 0.5578125 0.8266787658802178 0.03 0.1956442831215971
4 0.49296875 0.8185117967332124 0.039375 0.24392014519056257
5 0.52734375 0.7586206896551724 0.121875 0.3528130671506352
0 0.540625 0.6415607985480943 0.1725 0.6337568058076225
1 0.703125 0.7903811252268602 0.08249999999999999 0.067513611615245
2 0.728125 0.7849364791288567 0.0225 0.06352087114337568
2 0.68203125 0.8067150635208712 0.031875 0.033030852994555354
3 0.703125 0.7468239564428312 0.08249999999999999 0.1720508166969147
4 0.728125 0.7413793103448276 0.0225 0.18548094373865698
4 0.68203125 0.7486388384754991 0.031875 0.1956442831215971
5 0.7015625 0.6869328493647913 0.08625 0.3157894736842105
0 0.6953125 0.573502722323049 0.20625 0.588021778584392
