1 0.2822014051522248 0.67109375 0.3231850117096019 0.09937499999999999
2 0.3583138173302108 0.67109375 0.1405152224824356 0.11593749999999999
2 0.2107728337236534 0.67421875 0.15175644028103044 0.09843749999999998
3 0.2822014051522248 0.59609375 0.3231850117096019 0.279375
4 0.3583138173302108 0.59609375 0.1405152224824356 0.3259375
4 0.2107728337236534 0.596875 0.15175644028103044 0.315
5 0.2822014051522248 0.5390625 0.3231850117096019 0.41624999999999995
0 0.29156908665105385 0.44765625 0.34566744730679155 0.635625
1 0.7704918032786885 0.63125 0.34285714285714286 0.06
2 0.8559718969555035 0.6203125 0.13770491803278687 0.039375
2 0.667447306791569 0.634375 0.0955503512880562 0.06124999999999999
3 0.7704918032786885 0.55859375 0.34285714285714286 0.234375
4 0.8559718969555035 0.54765625 0.13770491803278687 0.24281249999999996
4 0.689695550351288 0.565625 0.14894613583138172 0.25375
5 0.7669789227166276 0.55859375 0.351288056206089 0.234375
0 0.7400468384074942 0.51171875 0.4159250585480094 0.346875
