1 0.334375 0.89609375 0.13499999999999998 0.084375
2 0.365625 0.88359375 0.06 0.0634375
2 0.3171875 0.915625 0.09375 0.04375
3 0.334375 0.8328125 0.13499999999999998 0.23625
4 0.36484375 0.8203125 0.061875 0.240625
4 0.3171875 0.83359375 0.09375 0.2734375
5 0.334375 0.75234375 0.13499999999999998 0.429375
0 0.35859375 0.590625 0.193125 0.8174999999999999
1 0.19921875 0.8796875 0.178125 0.07875
2 0.2484375 0.8640625 0.06 0.048124999999999994
2 0.15859375 0.8953125 0.080625 0.048124999999999994
3 0.19921875 0.8 0.178125 0.26999999999999996
4 0.24453125 0.7875 0.06937499999999999 0.2625
4 0.1625 0.8 0.09 0.315
5 0.19921875 0.71953125 0.178125 0.46312499999999995
0 0.19921875 0.6109375 0.178125 0.72375
1 0.63359375 0.85390625 0.21187499999999998 0.046875
2 0.56328125 0.85546875 0.043125 0.050312499999999996
2 0.69609375 0.84375 0.061875 0.026249999999999996
3 0.63359375 0.77421875 0.21187499999999998 0.238125
4 0.56328125 0.77421875 0.043125 0.27781249999999996
4 0.69609375 0.771875 0.061875 0.22749999999999998
5 0.63359375 0.6796875 0.21187499999999998 0.46499999999999997
0 0.63359375 0.571875 0.21187499999999998 0.72375
1 0.46484375 0.8078125 0.088125 0.09
2 0.45078125 0.8328125 0.05437499999999999 0.034999999999999996
2 0.471875 0.80703125 0.07125000000000001 0.1028125
3 0.49140625 0.7390625 0.151875 0.255
4 0.45078125 0.7421875 0.05437499999999999 0.28874999999999995
4 0.4984375 0.73828125 0.13499999999999998 0.2953125
5 0.49140625 0.6546875 0.151875 0.4575
0 0.5 0.5140625 0.1725 0.7949999999999999
