1 0.16953125 0.7290388548057259 0.06937499999999999 0.046625766871165646
2 0.190625 0.7249488752556237 0.01875 0.04294478527607362
2 0.146875 0.7351738241308794 0.015 0.037218813905930466
3 0.16953125 0.6952965235173824 0.06937499999999999 0.12760736196319017
4 0.190625 0.6912065439672802 0.01875 0.13742331288343557
4 0.1484375 0.696319018404908 0.01875 0.1460122699386503
5 0.17109375 0.6595092024539877 0.073125 0.2134969325153374
0 0.1796875 0.556237218813906 0.10124999999999999 0.46134969325153374
1 0.43984375 0.7280163599182005 0.050624999999999996 0.019631901840490795
2 0.45546875 0.7269938650306749 0.013125000000000001 0.02004089979550102
2 0.42421875 0.7280163599182005 0.013125000000000001 0.022903885480572594
3 0.43984375 0.6768916155419223 0.050624999999999996 0.14233128834355827
4 0.45546875 0.6758691206543967 0.013125000000000001 0.16319018404907976
4 0.42421875 0.6789366053169734 0.013125000000000001 0.16032719836400816
5 0.43984375 0.6349693251533742 0.050624999999999996 0.2429447852760736
0 0.43671875 0.5460122699386503 0.10687499999999998 0.456441717791411
1 0.56328125 0.7188139059304703 0.061875 0.026993865030674843
2 0.58359375 0.7188139059304703 0.013125000000000001 0.03149284253578732
2 0.54453125 0.7157464212678937 0.016874999999999998 0.022903885480572594
3 0.56328125 0.6758691206543967 0.061875 0.13006134969325153
4 0.58359375 0.6758691206543967 0.013125000000000001 0.15173824130879343
4 0.54453125 0.6728016359918201 0.016874999999999998 0.14314928425357873
5 0.56328125 0.6431492842535788 0.061875 0.2085889570552147
0 0.565625 0.558282208588957 0.10124999999999999 0.41226993865030676
1 0.26171875 0.7239263803680982 0.058124999999999996 0.03926380368098159
2 0.2796875 0.721881390593047 0.015 0.03435582822085889
2 0.24375 0.7239263803680982 0.015 0.04580777096114519
3 0.2625 0.6697341513292433 0.06 0.16932515337423312
4 0.28046875 0.6676891615541922 0.016874999999999998 0.18609406952965235
4 0.2453125 0.6697341513292433 0.01875 0.19754601226993865
5 0.2640625 0.6206543967280164 0.06375 0.2871165644171779
0 0.2703125 0.5296523517382413 0.10874999999999999 0.505521472392638
1 0.7140625 0.7034764826175869 0.07125000000000001 0.03926380368098159
2 0.7328125 0.7034764826175869 0.026250000000000002 0.04580777096114519
2 0.69921875 0.7014314928425358 0.035625000000000004 0.04008179959100204
3 0.7140625 0.6605316973415133 0.07125000000000001 0.14233128834355827
4 0.7328125 0.6615541922290389 0.026250000000000002 0.16319018404907976
4 0.69921875 0.6584867075664622 0.035625000000000004 0.16032719836400816
5 0.7140625 0.6155419222903885 0.07125000000000001 0.25030674846625767
0 0.7046875 0.5286298568507157 0.1125 0.4588957055214724
1 0.88671875 0.7024539877300614 0.061875 0.026993865030674843
2 0.9046875 0.7024539877300614 0.01875 0.03149284253578732
2 0.86953125 0.7034764826175869 0.020624999999999998 0.028629856850715747
3 0.88671875 0.6615541922290389 0.061875 0.12515337423312883
4 0.9046875 0.6625766871165644 0.01875 0.14314928425357873
4 0.86953125 0.6615541922290389 0.020624999999999998 0.1460122699386503
5 0.88671875 0.614519427402863 0.061875 0.2380368098159509
0 0.88125 0.523517382413088 0.12 0.456441717791411
