1 0.3875 0.8466183574879227 0.03 0.07246376811594203
2 0.38359375 0.8683574879227053 0.020624999999999998 0.02367149758454106
2 0.39765625 0.8248792270531401 0.005625 0.02367149758454106
3 0.3875 0.7922705314009661 0.03 0.2028985507246377
4 0.38359375 0.8031400966183575 0.020624999999999998 0.20628019323671495
4 0.39765625 0.7705314009661836 0.005625 0.1758454106280193
5 0.38125 0.7463768115942029 0.05625 0.31304347826086953
0 0.371875 0.6521739130434783 0.10124999999999999 0.5391304347826087
1 0.565625 0.7995169082125604 0.09375 0.04057971014492754
2 0.53671875 0.7995169082125604 0.024375 0.04734299516908212
2 0.59375 0.8043478260869565 0.026250000000000002 0.033816425120772944
3 0.565625 0.7596618357487923 0.09375 0.13623188405797101
4 0.540625 0.7596618357487923 0.033749999999999995 0.15893719806763285
4 0.5890625 0.7608695652173914 0.0375 0.15555555555555553
5 0.565625 0.717391304347826 0.09375 0.23768115942028983
0 0.565625 0.6352657004830918 0.09375 0.43478260869565216
1 0.440625 0.8103864734299517 0.041249999999999995 0.08405797101449275
2 0.43046875 0.7777777777777778 0.016874999999999998 0.006763285024154589
2 0.44609375 0.8297101449275363 0.028125 0.04396135265700483
3 0.44375 0.7693236714975845 0.04875 0.18260869565217389
4 0.44375 0.7367149758454107 0.04875 0.1217391304347826
4 0.44609375 0.7705314009661836 0.028125 0.20966183574879227
5 0.44375 0.716183574879227 0.04875 0.3101449275362319
0 0.4453125 0.6099033816425121 0.10124999999999999 0.5652173913043478
