1 0.314 0.9333333333333333 0.3312 0.10239999999999999
2 0.422 0.9333333333333333 0.072 0.11946666666666667
2 0.176 0.9173333333333333 0.0 0.0
3 0.314 0.812 0.3312 0.376
4 0.397 0.812 0.132 0.376
4 0.203 0.7893333333333333 0.0648 0.35839999999999994
5 0.314 0.7466666666666667 0.3312 0.5066666666666667
0 0.266 0.5693333333333334 0.44639999999999996 0.8613333333333333
1 0.757 0.8973333333333333 0.29519999999999996 0.16319999999999998
2 0.863 0.8746666666666667 0.040799999999999996 0.12693333333333331
2 0.649 0.92 0.036 0.12693333333333331
3 0.757 0.824 0.29519999999999996 0.33919999999999995
4 0.805 0.828 0.18 0.2576
4 0.659 0.824 0.06 0.352
5 0.757 0.7626666666666667 0.29519999999999996 0.4746666666666667
0 0.757 0.616 0.29519999999999996 0.768
