1 0.2078125 0.890625 0.08625 0.1025
2 0.23046875 0.9208333333333333 0.031875 0.034999999999999996
2 0.18515625 0.8802083333333334 0.031875 0.09041666666666666
3 0.21171875 0.8166666666666667 0.09562499999999999 0.28
4 0.234375 0.8291666666666667 0.041249999999999995 0.2916666666666667
4 0.18515625 0.80625 0.031875 0.2975
5 0.2109375 0.7125 0.0975 0.5299999999999999
0 0.2296875 0.54375 0.42000000000000004 0.9125
1 0.75703125 0.8635416666666667 0.076875 0.0925
2 0.775 0.8635416666666667 0.033749999999999995 0.10791666666666666
2 0.7359375 0.8552083333333333 0.026250000000000002 0.049583333333333326
3 0.75703125 0.8 0.076875 0.245
4 0.7625 0.8 0.06375 0.28583333333333333
4 0.74453125 0.7885416666666667 0.046875 0.23625
5 0.7578125 0.7083333333333334 0.07875 0.46499999999999997
0 0.7609375 0.5770833333333333 0.20249999999999999 0.7799999999999999
