1 0.6118721461187214 0.79140625 0.021917808219178082 0.058124999999999996
2 0.610730593607306 0.80703125 0.0136986301369863 0.024062499999999997
2 0.6118721461187214 0.771875 0.021917808219178082 0.013124999999999998
3 0.541095890410959 0.75390625 0.1917808219178082 0.148125
4 0.5388127853881278 0.7703125 0.18630136986301368 0.126875
4 0.5422374429223744 0.734375 0.18904109589041096 0.118125
5 0.4908675799086758 0.72265625 0.3123287671232876 0.22312499999999996
0 0.4052511415525114 0.6234375 0.5178082191780822 0.46125
1 0.9212328767123288 0.49921875 0.07397260273972603 0.039375
2 0.9212328767123288 0.490625 0.07397260273972603 0.021875
2 0.9189497716894978 0.50625 0.02465753424657534 0.026249999999999996
3 0.8972602739726028 0.46328125 0.13150684931506848 0.125625
4 0.9121004566210046 0.4546875 0.0958904109589041 0.12249999999999998
4 0.8858447488584474 0.46875 0.10410958904109589 0.13125
5 0.8698630136986302 0.43046875 0.1972602739726027 0.20437499999999997
0 0.8184931506849316 0.36796875 0.32054794520547947 0.354375
1 0.15182648401826485 0.37890625 0.04657534246575342 0.020624999999999998
2 0.1643835616438356 0.37421875 0.01643835616438356 0.0109375
2 0.1404109589041096 0.3828125 0.019178082191780823 0.013124999999999998
3 0.1415525114155251 0.36640625 0.07123287671232877 0.050624999999999996
4 0.1495433789954338 0.36171875 0.052054794520547946 0.0459375
4 0.13013698630136986 0.3703125 0.043835616438356165 0.048124999999999994
5 0.1232876712328767 0.34921875 0.11506849315068493 0.091875
0 0.09703196347031963 0.321875 0.1780821917808219 0.1575
