1 0.718 0.816 0.1488 0.0448
2 0.759 0.8133333333333334 0.0504 0.037333333333333336
2 0.673 0.816 0.040799999999999996 0.05226666666666666
3 0.718 0.7386666666666667 0.1488 0.23039999999999997
4 0.759 0.736 0.0504 0.25386666666666663
4 0.688 0.7386666666666667 0.0768 0.2688
5 0.718 0.652 0.1488 0.4384
0 0.718 0.54 0.1488 0.7071999999999999
1 0.492 0.8506666666666667 0.144 0.0448
2 0.523 0.844 0.0696 0.0336
2 0.44 0.8546666666666667 0.0192 0.04106666666666666
3 0.492 0.7786666666666666 0.144 0.2176
4 0.523 0.7733333333333333 0.0696 0.23146666666666665
4 0.443 0.7786666666666666 0.0264 0.25386666666666663
5 0.492 0.708 0.144 0.3872
0 0.484 0.564 0.16319999999999998 0.7328
1 0.196 0.872 0.1776 0.07039999999999999
2 0.228 0.8573333333333333 0.1008 0.04106666666666666
2 0.162 0.8893333333333333 0.096 0.0336
3 0.196 0.796 0.1776 0.25279999999999997
4 0.228 0.7813333333333333 0.1008 0.25386666666666663
4 0.162 0.8093333333333333 0.096 0.2576
5 0.196 0.7253333333333334 0.1776 0.4224
0 0.193 0.5733333333333334 0.1848 0.7872
