1 0.63359375 0.9177083333333333 0.125625 0.0525
2 0.65625 0.9083333333333333 0.07125000000000001 0.034999999999999996
2 0.5984375 0.9208333333333333 0.041249999999999995 0.0525
3 0.63359375 0.8322916666666667 0.125625 0.2575
4 0.65625 0.828125 0.07125000000000001 0.25958333333333333
4 0.60625 0.8322916666666667 0.06 0.30041666666666667
5 0.63359375 0.7541666666666667 0.125625 0.445
0 0.63359375 0.5979166666666667 0.125625 0.8041666666666667
1 0.78203125 0.9052083333333333 0.159375 0.0175
2 0.82109375 0.9052083333333333 0.065625 0.014583333333333334
2 0.7359375 0.9052083333333333 0.04875 0.020416666666666663
3 0.78203125 0.8270833333333333 0.159375 0.205
4 0.82109375 0.8260416666666667 0.065625 0.23625
4 0.7359375 0.828125 0.04875 0.23625
5 0.78203125 0.7541666666666667 0.159375 0.38
0 0.78203125 0.6041666666666666 0.159375 0.74
