1 0.5125 0.8229166666666666 0.12 0.07
2 0.5546875 0.8239583333333333 0.01875 0.07875
2 0.47109375 0.8208333333333333 0.020624999999999998 0.07583333333333334
3 0.509375 0.7739583333333333 0.1275 0.1875
4 0.546875 0.775 0.0375 0.21583333333333332
4 0.46796875 0.771875 0.028125 0.21291666666666664
5 0.509375 0.721875 0.1275 0.3125
0 0.49375 0.575 0.16499999999999998 0.6649999999999999
1 0.378125 0.8270833333333333 0.13874999999999998 0.055
2 0.32734375 0.8114583333333333 0.016874999999999998 0.020416666666666663
2 0.40390625 0.8395833333333333 0.076875 0.029166666666666667
3 0.378125 0.771875 0.13874999999999998 0.1875
4 0.33359375 0.75625 0.031875 0.175
4 0.40390625 0.778125 0.076875 0.20124999999999998
5 0.378125 0.7114583333333333 0.13874999999999998 0.33249999999999996
0 0.36171875 0.5739583333333333 0.178125 0.6625
1 0.646875 0.8520833333333333 0.08249999999999999 0.055
2 0.66953125 0.8520833333333333 0.028125 0.06416666666666666
2 0.621875 0.8520833333333333 0.0225 0.040833333333333326
3 0.64296875 0.7947916666666667 0.091875 0.19249999999999998
4 0.66953125 0.7947916666666667 0.028125 0.22458333333333333
4 0.61796875 0.790625 0.031875 0.21291666666666664
5 0.63984375 0.70625 0.09937499999999999 0.405
0 0.6203125 0.571875 0.15375 0.7274999999999999
1 0.821875 0.8802083333333334 0.16875 0.057499999999999996
2 0.859375 0.8822916666666667 0.07875 0.06125
2 0.7625 0.8770833333333333 0.026250000000000002 0.058333333333333334
3 0.821875 0.80625 0.16875 0.235
4 0.859375 0.80625 0.07875 0.27416666666666667
4 0.7625 0.80625 0.026250000000000002 0.25666666666666665
5 0.8171875 0.73125 0.18 0.415
0 0.79296875 0.5854166666666667 0.238125 0.765
1 0.20625 0.8510416666666667 0.1725 0.057499999999999996
2 0.25 0.8375 0.06749999999999999 0.029166666666666667
2 0.165625 0.8541666666666666 0.075 0.058333333333333334
3 0.20625 0.7864583333333334 0.1725 0.2125
4 0.25 0.7729166666666667 0.06749999999999999 0.21
4 0.16953125 0.7875 0.084375 0.245
5 0.20625 0.71875 0.1725 0.375
0 0.20625 0.5854166666666667 0.1725 0.695
