1 0.608355091383812 0.7484375 0.2193211488250653 0.09375
2 0.6540469973890339 0.71875 0.10966057441253264 0.026249999999999996
2 0.5731070496083551 0.76640625 0.13472584856396866 0.0590625
3 0.608355091383812 0.71484375 0.2193211488250653 0.174375
4 0.6540469973890339 0.68515625 0.10966057441253264 0.1203125
4 0.5731070496083551 0.72109375 0.13472584856396866 0.18593749999999998
5 0.608355091383812 0.6640625 0.2193211488250653 0.29625
0 0.6044386422976501 0.56875 0.37911227154046995 0.525
1 0.391644908616188 0.79453125 0.14412532637075717 0.050624999999999996
2 0.42428198433420367 0.7875 0.06579634464751959 0.039375
2 0.36945169712793735 0.8046875 0.0908616187989556 0.030624999999999996
3 0.391644908616188 0.759375 0.14412532637075717 0.13499999999999998
4 0.42428198433420367 0.75234375 0.06579634464751959 0.13781249999999998
4 0.36945169712793735 0.76640625 0.0908616187989556 0.13781249999999998
5 0.391644908616188 0.7046875 0.14412532637075717 0.26625
0 0.37989556135770236 0.6078125 0.3289817232375979 0.49874999999999997
