1 0.529 0.7732732732732732 0.0312 0.025225225225225228
2 0.519 0.7717717717717718 0.007199999999999999 0.02522522522522522
2 0.534 0.7747747747747747 0.0192 0.02522522522522522
3 0.529 0.7432432432432432 0.0312 0.09729729729729729
4 0.526 0.7477477477477478 0.024 0.09249249249249249
4 0.534 0.7432432432432432 0.0192 0.1135135135135135
5 0.529 0.7117117117117117 0.0312 0.17297297297297295
0 0.528 0.6591591591591591 0.05759999999999999 0.2990990990990991
1 0.615 0.7702702702702703 0.0504 0.03243243243243243
2 0.631 0.7702702702702703 0.012 0.03783783783783784
2 0.603 0.7762762762762763 0.021599999999999998 0.021021021021021023
3 0.615 0.7477477477477478 0.0504 0.08648648648648648
4 0.631 0.7477477477477478 0.012 0.10090090090090088
4 0.603 0.7477477477477478 0.021599999999999998 0.10090090090090088
5 0.615 0.7177177177177178 0.0504 0.15855855855855855
0 0.616 0.6636636636636637 0.0528 0.2882882882882883
1 0.897 0.7612612612612613 0.0552 0.025225225225225228
2 0.905 0.7642642642642643 0.036 0.021021021021021023
2 0.887 0.7582582582582582 0.0312 0.021021021021021023
3 0.897 0.7342342342342343 0.0552 0.09009009009009009
4 0.905 0.7357357357357357 0.036 0.10090090090090088
4 0.887 0.7312312312312312 0.0312 0.09669669669669669
5 0.897 0.7042042042042042 0.0552 0.16216216216216217
0 0.899 0.6696696696696697 0.06 0.24504504504504504
1 0.172 0.7702702702702703 0.0528 0.03243243243243243
2 0.164 0.7732732732732732 0.033600000000000005 0.029429429429429426
2 0.192 0.7642642642642643 0.0048 0.021021021021021023
3 0.172 0.7432432432432432 0.0528 0.09729729729729729
4 0.164 0.7447447447447447 0.033600000000000005 0.10930930930930931
4 0.186 0.7372372372372372 0.0192 0.09669669669669669
5 0.172 0.7117117117117117 0.0528 0.17297297297297295
0 0.162 0.6531531531531531 0.0768 0.3135135135135135
1 0.666 0.7477477477477478 0.048 0.007207207207207207
2 0.658 0.7477477477477478 0.028799999999999996 0.008408408408408409
2 0.685 0.7462462462462462 0.0024 0.004204204204204204
3 0.666 0.7132132132132132 0.048 0.09009009009009009
4 0.658 0.7132132132132132 0.028799999999999996 0.10510510510510511
4 0.682 0.7117117117117117 0.0096 0.10090090090090088
5 0.666 0.6816816816816816 0.048 0.16576576576576577
0 0.673 0.6261261261261262 0.0648 0.2990990990990991
1 0.114 0.7237237237237237 0.0768 0.007207207207207207
2 0.093 0.7237237237237237 0.0264 0.008408408408408409
2 0.134 0.7222222222222222 0.028799999999999996 0.004204204204204204
3 0.114 0.6951951951951952 0.0768 0.07567567567567568
4 0.093 0.6966966966966966 0.0264 0.08408408408408409
4 0.134 0.6936936936936937 0.028799999999999996 0.08408408408408409
5 0.114 0.6666666666666666 0.0768 0.14414414414414414
0 0.112 0.6111111111111112 0.08159999999999999 0.2774774774774775
