1 0.6822916666666666 0.79375 0.1475 0.27375
2 0.6822916666666666 0.88984375 0.1475 0.050312499999999996
2 0.725 0.6796875 0.0 0.0
3 0.68125 0.79140625 0.15 0.279375
4 0.6822916666666666 0.8078125 0.1475 0.27999999999999997
4 0.671875 0.67734375 0.1275 0.006562499999999999
5 0.690625 0.71796875 0.1725 0.45562499999999995
0 0.7020833333333333 0.56953125 0.35 0.811875
1 0.075 0.475 0.13499999999999998 0.041249999999999995
2 0.12291666666666666 0.4765625 0.02 0.04375
2 0.04479166666666667 0.4703125 0.0625 0.034999999999999996
3 0.075 0.44453125 0.13499999999999998 0.114375
4 0.11354166666666667 0.44453125 0.042499999999999996 0.1334375
4 0.04479166666666667 0.44140625 0.0625 0.11593749999999999
5 0.075 0.4140625 0.13499999999999998 0.1875
0 0.08125 0.3171875 0.15 0.42000000000000004
