1 0.1859375 0.5854166666666667 0.04875 0.02
2 0.16953125 0.5791666666666667 0.009375 0.005833333333333333
2 0.19140625 0.5864583333333333 0.035625000000000004 0.020416666666666663
3 0.1859375 0.5583333333333333 0.04875 0.08499999999999999
4 0.1765625 0.5520833333333334 0.026250000000000002 0.08166666666666665
4 0.19140625 0.5583333333333333 0.035625000000000004 0.09916666666666665
5 0.1859375 0.5333333333333333 0.04875 0.145
0 0.19765625 0.47604166666666664 0.076875 0.2825
1 0.27265625 0.625 0.459375 0.11
2 0.27265625 0.6270833333333333 0.459375 0.1225
2 0.425 0.5885416666666666 0.041249999999999995 0.02625
3 0.27265625 0.5760416666666667 0.459375 0.2275
4 0.27265625 0.578125 0.459375 0.25958333333333333
4 0.43046875 0.5395833333333333 0.05437499999999999 0.1633333333333333
5 0.27265625 0.5333333333333333 0.459375 0.33
0 0.2875 0.4510416666666667 0.495 0.5275
