1 0.4703125 0.8541666666666666 0.13125 0.035
2 0.5078125 0.85 0.041249999999999995 0.011666666666666665
2 0.42578125 0.8541666666666666 0.024375 0.040833333333333326
3 0.47421875 0.8239583333333333 0.140625 0.1075
4 0.51171875 0.8166666666666667 0.050624999999999996 0.105
4 0.4453125 0.8291666666666667 0.07125000000000001 0.11083333333333333
5 0.47421875 0.7895833333333333 0.140625 0.19
0 0.49375 0.7364583333333333 0.1875 0.3175
1 0.34921875 0.8583333333333333 0.09937499999999999 0.065
2 0.325 0.8770833333333333 0.041249999999999995 0.02333333333333333
2 0.3828125 0.8520833333333333 0.01875 0.058333333333333334
3 0.34921875 0.8364583333333333 0.09937499999999999 0.1175
4 0.325 0.8364583333333333 0.041249999999999995 0.13708333333333333
4 0.3609375 0.83125 0.07125000000000001 0.11666666666666667
5 0.34921875 0.8020833333333334 0.09937499999999999 0.2
0 0.3546875 0.7375 0.1125 0.35500000000000004
