1 0.8501170960187353 0.86328125 0.185480093676815 0.028125
2 0.8021077283372365 0.86875 0.0702576112412178 0.017499999999999998
2 0.9227166276346604 0.86328125 0.011241217798594848 0.0328125
3 0.8501170960187353 0.7984375 0.185480093676815 0.18375
4 0.8021077283372365 0.7984375 0.0702576112412178 0.21437499999999998
4 0.9133489461358314 0.7984375 0.03372365339578454 0.21437499999999998
5 0.8477751756440282 0.7375 0.1911007025761124 0.32999999999999996
0 0.8243559718969555 0.5921875 0.3203747072599531 0.67875
1 0.32669789227166274 0.89609375 0.13770491803278687 0.013125000000000001
2 0.2822014051522248 0.89765625 0.03091334894613583 0.0109375
2 0.3700234192037471 0.89453125 0.03372365339578454 0.0109375
3 0.32669789227166274 0.87109375 0.13770491803278687 0.073125
4 0.2822014051522248 0.871875 0.03091334894613583 0.08312499999999999
4 0.3700234192037471 0.86953125 0.03372365339578454 0.0809375
5 0.32669789227166274 0.84609375 0.13770491803278687 0.133125
0 0.3255269320843091 0.7984375 0.17985948477751756 0.2475
1 0.20374707259953162 0.6421875 0.07868852459016394 0.04875
2 0.1873536299765808 0.65546875 0.03934426229508197 0.0196875
2 0.2259953161592506 0.6265625 0.025292740046838406 0.013124999999999998
3 0.20374707259953162 0.625 0.07868852459016394 0.09
4 0.1873536299765808 0.6328125 0.03934426229508197 0.08312499999999999
4 0.2107728337236534 0.609375 0.06182669789227166 0.06124999999999999
5 0.20374707259953162 0.60703125 0.07868852459016394 0.133125
0 0.1557377049180328 0.56328125 0.1939110070257611 0.238125
