1 0.22890625 0.784375 0.271875 0.17750000000000002
2 0.32734375 0.8479166666666667 0.035625000000000004 0.029166666666666667
2 0.1375 0.7322916666666667 0.052500000000000005 0.06125
3 0.22890625 0.784375 0.271875 0.17750000000000002
4 0.32734375 0.7916666666666666 0.035625000000000004 0.18666666666666665
4 0.18125 0.7322916666666667 0.1575 0.06125
5 0.22890625 0.7385416666666667 0.271875 0.2875
0 0.25078125 0.6354166666666666 0.32437499999999997 0.535
1 0.209375 0.33125 0.13499999999999998 0.035
2 0.24375 0.33541666666666664 0.052500000000000005 0.029166666666666667
2 0.17421875 0.325 0.050624999999999996 0.02333333333333333
3 0.209375 0.275 0.13499999999999998 0.16999999999999998
4 0.24375 0.2875 0.052500000000000005 0.1633333333333333
4 0.17421875 0.26875 0.050624999999999996 0.18083333333333332
5 0.209375 0.23854166666666668 0.13499999999999998 0.2575
0 0.209375 0.2 0.13499999999999998 0.35
1 0.48046875 0.184375 0.136875 0.3075
2 0.44453125 0.06770833333333333 0.050624999999999996 0.03208333333333333
2 0.5140625 0.30833333333333335 0.05625 0.011666666666666665
3 0.48046875 0.184375 0.136875 0.3075
4 0.4640625 0.11354166666666667 0.0975 0.16041666666666668
4 0.5140625 0.25104166666666666 0.05625 0.1720833333333333
5 0.48046875 0.184375 0.136875 0.3075
0 0.48046875 0.16875 0.136875 0.3375
