1 0.71796875 0.703125 0.09562499999999999 0.045
2 0.7453125 0.7046875 0.03 0.048124999999999994
2 0.68671875 0.70234375 0.020624999999999998 0.050312499999999996
3 0.71796875 0.6515625 0.09562499999999999 0.16875
4 0.7453125 0.653125 0.03 0.19249999999999998
4 0.68671875 0.65078125 0.020624999999999998 0.19468749999999999
5 0.71796875 0.59296875 0.09562499999999999 0.309375
0 0.70234375 0.50546875 0.189375 0.5193749999999999
1 0.27734375 0.72734375 0.091875 0.035625000000000004
2 0.3015625 0.734375 0.033749999999999995 0.021875
2 0.24765625 0.7234375 0.020624999999999998 0.030624999999999996
3 0.27578125 0.6765625 0.09562499999999999 0.1575
4 0.3015625 0.6765625 0.033749999999999995 0.18375
4 0.24609375 0.67265625 0.024375 0.17281249999999998
5 0.271875 0.6046875 0.10500000000000001 0.32999999999999996
0 0.23046875 0.5265625 0.20437499999999997 0.5175
