1 0.7859375 0.6585365853658537 0.13499999999999998 0.07982261640798226
2 0.75703125 0.6419068736141907 0.065625 0.04656319290465632
2 0.828125 0.6729490022172949 0.033749999999999995 0.052771618625277156
3 0.7859375 0.5853658536585366 0.13499999999999998 0.25543237250554324
4 0.75703125 0.5687361419068736 0.065625 0.2514412416851441
4 0.81484375 0.6119733924611973 0.065625 0.22350332594235034
5 0.7859375 0.5443458980044346 0.13499999999999998 0.35388026607538803
0 0.7859375 0.4157427937915743 0.13499999999999998 0.6625277161862528
1 0.665625 0.6574279379157428 0.06749999999999999 0.03991130820399113
2 0.6890625 0.6574279379157428 0.01125 0.04656319290465632
2 0.65078125 0.6618625277161863 0.031875 0.027937915742793792
3 0.665625 0.6042128603104213 0.06749999999999999 0.16762749445676273
4 0.68359375 0.6086474501108647 0.024375 0.18314855875831484
4 0.65078125 0.6031042128603105 0.031875 0.1924611973392461
5 0.67109375 0.5509977827050998 0.080625 0.2953436807095343
0 0.6859375 0.4434589800443459 0.11624999999999999 0.5534368070953437
1 0.51484375 0.5864745011086474 0.103125 0.029268292682926828
2 0.53828125 0.5853658536585366 0.046875 0.031042128603104215
2 0.48515625 0.5886917960088692 0.031875 0.027937915742793792
3 0.51328125 0.5266075388026608 0.10687499999999998 0.1729490022172949
4 0.53828125 0.5254988913525499 0.046875 0.19866962305986696
4 0.48359375 0.5299334811529933 0.035625000000000004 0.1924611973392461
5 0.51328125 0.47671840354767187 0.10687499999999998 0.2926829268292683
0 0.509375 0.38248337028824836 0.11624999999999999 0.5188470066518847
1 0.2890625 0.9223946784922394 0.1725 0.15432372505543235
2 0.3453125 0.9534368070953437 0.0375 0.09312638580931264
2 0.2515625 0.8813747228381374 0.08249999999999999 0.06518847006651884
3 0.2890625 0.8680709534368071 0.1725 0.2638580931263858
4 0.3453125 0.8813747228381374 0.0375 0.23725055432372505
4 0.2515625 0.8270509977827051 0.08249999999999999 0.21729490022172948
5 0.2890625 0.7849223946784922 0.1725 0.43015521064301554
0 0.2671875 0.6164079822616408 0.26625 0.7671840354767184
1 0.5734375 0.6330376940133038 0.08625 0.03458980044345898
2 0.59921875 0.6330376940133038 0.024375 0.040354767184035474
2 0.5609375 0.6330376940133038 0.05625 0.027937915742793792
3 0.575 0.5709534368070953 0.09 0.1835920177383592
4 0.60078125 0.5764966740576497 0.028125 0.19866962305986696
4 0.5640625 0.5687361419068736 0.06375 0.20798226164079822
5 0.584375 0.5188470066518847 0.1125 0.3086474501108647
0 0.5984375 0.4246119733924612 0.14625 0.5348115299334811
1 0.53828125 0.541019955654102 0.080625 0.19157427937915741
2 0.521875 0.6108647450110865 0.041249999999999995 0.027937915742793792
2 0.571875 0.4611973392461197 0.0 0.0
3 0.53828125 0.541019955654102 0.080625 0.19157427937915741
4 0.53125 0.5465631929046563 0.06375 0.20798226164079822
4 0.5390625 0.4634146341463415 0.07875 0.006208425720620843
5 0.53828125 0.49002217294900224 0.080625 0.3139689578713969
0 0.5515625 0.4057649667405765 0.1125 0.5161862527716186
