1 0.7355072463768116 0.640625 0.1072463768115942 0.01125
2 0.7669082125603864 0.640625 0.03188405797101449 0.013124999999999998
2 0.716183574879227 0.63984375 0.0608695652173913 0.0021874999999999998
3 0.7355072463768116 0.615625 0.1072463768115942 0.07125000000000001
4 0.7669082125603864 0.615625 0.03188405797101449 0.08312499999999999
4 0.716183574879227 0.61328125 0.0608695652173913 0.0765625
5 0.7355072463768116 0.5859375 0.1072463768115942 0.14250000000000002
0 0.7439613526570048 0.5234375 0.2028985507246377 0.2925
1 0.3188405797101449 0.54453125 0.36521739130434777 0.20812499999999998
2 0.44082125603864736 0.48046875 0.07246376811594203 0.0634375
2 0.20531400966183574 0.6015625 0.0927536231884058 0.08312499999999999
3 0.34057971014492755 0.46328125 0.41739130434782606 0.403125
4 0.46256038647342995 0.39921875 0.1246376811594203 0.29093749999999996
4 0.213768115942029 0.5296875 0.11304347826086956 0.284375
5 0.34057971014492755 0.46328125 0.41739130434782606 0.403125
0 0.42028985507246375 0.371875 0.6086956521739131 0.6224999999999999
