1 0.17265625 0.5637254901960784 0.073125 0.0196078431372549
2 0.2 0.5669934640522876 0.0075 0.01372549019607843
2 0.14765625 0.5637254901960784 0.013125000000000001 0.02287581699346405
3 0.17265625 0.5310457516339869 0.073125 0.09803921568627451
4 0.19765625 0.5343137254901961 0.013125000000000001 0.10522875816993463
4 0.14921875 0.5310457516339869 0.016874999999999998 0.11437908496732026
5 0.17265625 0.5016339869281046 0.073125 0.16862745098039217
0 0.17265625 0.44281045751633985 0.073125 0.30980392156862746
1 0.55859375 0.7450980392156863 0.22312499999999996 0.04705882352941176
2 0.48203125 0.7483660130718954 0.039375 0.0457516339869281
2 0.64296875 0.7369281045751634 0.020624999999999998 0.03202614379084967
3 0.55859375 0.7009803921568627 0.22312499999999996 0.15294117647058822
4 0.50234375 0.704248366013072 0.088125 0.16928104575163397
4 0.63203125 0.6928104575163399 0.046875 0.15555555555555553
5 0.55859375 0.6519607843137255 0.22312499999999996 0.27058823529411763
0 0.58125 0.565359477124183 0.27749999999999997 0.47843137254901963
