1 0.5596026490066225 0.8453125 0.1086092715231788 0.08249999999999999
2 0.5640176600441501 0.85078125 0.06092715231788079 0.0809375
2 0.5596026490066225 0.8421875 0.1086092715231788 0.0875
3 0.5463576158940397 0.74375 0.14039735099337747 0.32625
4 0.5640176600441501 0.74375 0.06092715231788079 0.380625
4 0.5463576158940397 0.74453125 0.14039735099337747 0.36093749999999997
5 0.5364238410596026 0.6546875 0.16423841059602648 0.5399999999999999
0 0.4966887417218543 0.534375 0.2596026490066225 0.82875
1 0.7373068432671082 0.86875 0.19072847682119204 0.045
2 0.7902869757174393 0.8640625 0.06357615894039735 0.039375
2 0.6876379690949227 0.871875 0.07152317880794702 0.04375
3 0.7406181015452539 0.7625 0.1986754966887417 0.3
4 0.7935982339955849 0.7578125 0.07152317880794702 0.336875
4 0.6876379690949227 0.765625 0.07152317880794702 0.34124999999999994
5 0.7406181015452539 0.66796875 0.1986754966887417 0.526875
0 0.7439293598233996 0.52734375 0.32847682119205296 0.8643749999999999
1 0.1997792494481236 0.86328125 0.24635761589403973 0.10687499999999998
2 0.12582781456953643 0.85859375 0.06887417218543046 0.11156249999999998
2 0.26600441501103755 0.89296875 0.08741721854304636 0.041562499999999995
3 0.2240618101545254 0.7796875 0.304635761589404 0.3075
4 0.2240618101545254 0.775 0.304635761589404 0.34562499999999996
4 0.26600441501103755 0.7796875 0.08741721854304636 0.35875
5 0.2240618101545254 0.67890625 0.304635761589404 0.549375
0 0.23399558498896247 0.52578125 0.32847682119205296 0.9168749999999999
