1 0.4859375 0.7394366197183099 0.1725 0.07887323943661972
2 0.54140625 0.7582159624413145 0.039375 0.039436619718309855
2 0.4296875 0.7312206572769953 0.0375 0.06901408450704224
3 0.4859375 0.6748826291079812 0.1725 0.23380281690140844
4 0.5359375 0.6748826291079812 0.052500000000000005 0.27276995305164314
4 0.4296875 0.6807511737089202 0.0375 0.21032863849765257
5 0.4859375 0.6032863849765259 0.1725 0.40563380281690137
0 0.43515625 0.4107981220657277 0.294375 0.8215962441314554
1 0.65859375 0.6690140845070423 0.151875 0.04507042253521126
2 0.6984375 0.6725352112676056 0.05625 0.04272300469483568
2 0.5953125 0.6502347417840375 0.0 0.0
3 0.6578125 0.6056338028169014 0.15375 0.19718309859154928
4 0.6984375 0.6068075117370892 0.05625 0.22676056338028167
4 0.59453125 0.5868544600938967 0.001875 0.17746478873239435
5 0.6578125 0.6056338028169014 0.15375 0.19718309859154928
0 0.65390625 0.5293427230046949 0.163125 0.38028169014084506
1 0.8828125 0.7312206572769953 0.0975 0.07042253521126761
2 0.89765625 0.7312206572769953 0.061875 0.06244131455399061
2 0.871875 0.7312206572769953 0.07125000000000001 0.08215962441314555
3 0.871875 0.6772300469483568 0.12375 0.2
4 0.88828125 0.6737089201877934 0.084375 0.22347417840375583
4 0.8609375 0.6971830985915493 0.0975 0.17746478873239435
5 0.871875 0.6772300469483568 0.12375 0.2
0 0.84453125 0.6279342723004695 0.189375 0.31830985915492954
1 0.26171875 0.6561032863849765 0.05437499999999999 0.04225352112676056
2 0.26171875 0.6619718309859155 0.05437499999999999 0.03286384976525822
2 0.2640625 0.6384976525821596 0.0 0.0
3 0.26953125 0.607981220657277 0.073125 0.15774647887323945
4 0.26953125 0.613849765258216 0.073125 0.16760563380281687
4 0.2625 0.5903755868544601 0.00375 0.13474178403755868
5 0.290625 0.6056338028169014 0.12375 0.16338028169014082
0 0.3046875 0.5446009389671361 0.1575 0.30985915492957744
1 0.12578125 0.8169014084507042 0.2515625 0.0676056338028169
2 0.06015625 0.8098591549295775 0.09562499999999999 0.059154929577464786
2 0.1859375 0.8204225352112676 0.10874999999999999 0.06901408450704224
3 0.12578125 0.7065727699530516 0.2515625 0.3323943661971831
4 0.08671875 0.7112676056338029 0.159375 0.33521126760563374
4 0.1859375 0.7065727699530516 0.10874999999999999 0.3877934272300469
5 0.12578125 0.602112676056338 0.2515625 0.5830985915492958
0 0.17578125 0.48826291079812206 0.3515625 0.8563380281690142
