1 0.4859375 0.790625 0.10500000000000001 0.1475
2 0.5078125 0.75625 0.052500000000000005 0.07583333333333334
2 0.45390625 0.8197916666666667 0.028125 0.09041666666666666
3 0.4859375 0.7354166666666667 0.10500000000000001 0.28
4 0.5078125 0.7010416666666667 0.052500000000000005 0.23041666666666666
4 0.45390625 0.7416666666666667 0.028125 0.30916666666666665
5 0.48984375 0.6541666666666667 0.114375 0.475
0 0.50078125 0.48020833333333335 0.178125 0.8925
1 0.34296875 0.8697916666666666 0.084375 0.0625
2 0.3484375 0.86875 0.07125000000000001 0.06999999999999999
2 0.3078125 0.8958333333333334 0.0 0.0
3 0.33203125 0.8114583333333333 0.110625 0.2025
4 0.3484375 0.8104166666666667 0.07125000000000001 0.23333333333333334
4 0.296875 0.81875 0.026250000000000002 0.21583333333333332
5 0.33203125 0.7229166666666667 0.110625 0.415
0 0.31796875 0.509375 0.166875 0.9275
1 0.19375 0.7322916666666667 0.14625 0.057499999999999996
2 0.23359375 0.721875 0.050624999999999996 0.03791666666666667
2 0.14296875 0.7416666666666667 0.024375 0.040833333333333326
3 0.19375 0.6864583333333333 0.14625 0.16749999999999998
4 0.23359375 0.6802083333333333 0.050624999999999996 0.15458333333333332
4 0.14453125 0.6864583333333333 0.028125 0.19541666666666666
5 0.19375 0.596875 0.14625 0.3825
0 0.18125 0.4583333333333333 0.17625 0.715
1 0.6421875 0.7895833333333333 0.20625 0.145
2 0.71484375 0.8229166666666666 0.031875 0.07583333333333334
2 0.584375 0.7604166666666666 0.06749999999999999 0.0875
3 0.64921875 0.7197916666666667 0.22312499999999996 0.3125
4 0.721875 0.7479166666666667 0.04875 0.28583333333333333
4 0.60078125 0.690625 0.10687499999999998 0.28291666666666665
5 0.665625 0.6770833333333334 0.2625 0.415
0 0.68984375 0.5625 0.320625 0.69
1 0.09921875 0.8989583333333333 0.121875 0.1825
2 0.11640625 0.8395833333333333 0.080625 0.04666666666666666
2 0.084375 0.9447916666666667 0.08625 0.08458333333333332
3 0.08203125 0.8197916666666667 0.163125 0.36041666666666666
4 0.1140625 0.7604166666666666 0.08625 0.2683333333333333
4 0.0671875 0.8552083333333333 0.1275 0.28958333333333336
0 0.08203125 0.8197916666666667 0.163125 0.36041666666666666
