1 0.496 0.878 0.0448 0.014399999999999998
2 0.5066666666666667 0.88 0.0192 0.0112
2 0.488 0.877 0.025599999999999998 0.014
3 0.496 0.856 0.0448 0.06720000000000001
4 0.5066666666666667 0.856 0.0192 0.0784
4 0.488 0.855 0.025599999999999998 0.0756
5 0.49733333333333335 0.836 0.048 0.11519999999999998
0 0.5026666666666667 0.78 0.0928 0.2496
1 0.42 0.873 0.08639999999999999 0.016800000000000002
2 0.44533333333333336 0.874 0.025599999999999998 0.016799999999999995
2 0.392 0.873 0.0192 0.0196
3 0.42 0.845 0.08639999999999999 0.084
4 0.44533333333333336 0.846 0.025599999999999998 0.09519999999999999
4 0.396 0.845 0.028799999999999996 0.098
5 0.42 0.816 0.08639999999999999 0.1536
0 0.432 0.761 0.11519999999999998 0.28559999999999997
