1 0.5140625 0.8220140515222483 0.04875 0.12365339578454332
2 0.50390625 0.8220140515222483 0.024375 0.1442622950819672
2 0.515625 0.8161592505854801 0.045 0.12131147540983606
3 0.50546875 0.7681498829039812 0.06937499999999999 0.2529274004683841
4 0.509375 0.7681498829039812 0.0375 0.2950819672131147
4 0.50546875 0.7622950819672131 0.06937499999999999 0.27213114754098355
5 0.4796875 0.689695550351288 0.13125 0.4412177985948478
0 0.43671875 0.5140515222482436 0.275625 0.8627634660421545
1 0.79609375 0.544496487119438 0.031875 0.053395784543325525
2 0.8015625 0.5550351288056206 0.01875 0.03278688524590164
2 0.78984375 0.5374707259953162 0.016874999999999998 0.04262295081967213
3 0.8 0.5327868852459017 0.041249999999999995 0.08149882903981263
4 0.80546875 0.5339578454332553 0.028125 0.09180327868852459
4 0.79921875 0.5257611241217799 0.039375 0.07540983606557376
5 0.8 0.5070257611241218 0.041249999999999995 0.1433255269320843
0 0.80703125 0.4613583138173302 0.058124999999999996 0.2529274004683841
