1 0.7382892057026477 0.859375 0.2224032586558045 0.13874999999999998
2 0.7219959266802444 0.890625 0.18329938900203666 0.074375
2 0.8207739307535642 0.82421875 0.024439918533604887 0.0634375
3 0.7382892057026477 0.79375 0.2224032586558045 0.29625
4 0.7219959266802444 0.79609375 0.18329938900203666 0.3390625
4 0.8197556008146639 0.75859375 0.026883910386965377 0.24718749999999998
5 0.7647657841140529 0.7015625 0.2859470468431772 0.5175
0 0.7729124236252546 0.5234375 0.3054989816700611 0.945
1 0.9348268839103869 0.496875 0.048879837067209775 0.0225
2 0.9144602851323829 0.49375 0.0 0.0
2 0.9460285132382892 0.496875 0.021995926680244398 0.026249999999999996
3 0.9429735234215886 0.46875 0.06843177189409369 0.09
4 0.9236252545824847 0.4625 0.021995926680244398 0.0875
4 0.9541751527494908 0.47109375 0.04154786150712831 0.09843749999999998
5 0.9511201629327902 0.434375 0.08798370672097759 0.1725
0 0.9511201629327902 0.3734375 0.08798370672097759 0.31875
