1 0.32084309133489464 0.48671875 0.03372365339578454 0.080625
2 0.32201405152224827 0.49296875 0.03091334894613583 0.0765625
2 0.31733021077283374 0.46171875 0.025292740046838406 0.024062499999999997
3 0.4028103044496487 0.45546875 0.23044496487119437 0.15562499999999999
4 0.40398126463700235 0.48671875 0.22763466042154568 0.0940625
4 0.3559718969555035 0.43046875 0.1180327868852459 0.11156249999999998
5 0.4028103044496487 0.45546875 0.23044496487119437 0.15562499999999999
0 0.49063231850117095 0.42734375 0.497423887587822 0.22312499999999996
1 0.18969555035128804 0.5015625 0.02810304449648712 0.0075
2 0.1990632318501171 0.5 0.005620608899297424 0.0043749999999999995
2 0.1791569086651054 0.5015625 0.002810304449648712 0.008749999999999999
3 0.18969555035128804 0.49296875 0.02810304449648712 0.028125
4 0.1990632318501171 0.49140625 0.005620608899297424 0.028437499999999998
4 0.1791569086651054 0.49375 0.002810304449648712 0.030624999999999996
5 0.18969555035128804 0.47890625 0.02810304449648712 0.061875
0 0.1885245901639344 0.44765625 0.04215456674473068 0.136875
1 0.05035128805620609 0.496875 0.05901639344262295 0.045
2 0.04215456674473068 0.49453125 0.03934426229508197 0.0459375
2 0.0585480093676815 0.5 0.03934426229508197 0.04375
3 0.05503512880562061 0.4953125 0.0702576112412178 0.04875
4 0.04332552693208431 0.49453125 0.04215456674473068 0.0459375
4 0.06323185011709602 0.4953125 0.05058548009367681 0.056874999999999995
5 0.05503512880562061 0.48125 0.0702576112412178 0.08249999999999999
0 0.05737704918032787 0.45625 0.07587822014051522 0.14250000000000002
1 0.13114754098360656 0.4984375 0.06182669789227166 0.01125
2 0.14285714285714285 0.4984375 0.03372365339578454 0.013124999999999998
2 0.11358313817330211 0.49921875 0.019672131147540985 0.0109375
3 0.13114754098360656 0.48828125 0.06182669789227166 0.035625000000000004
4 0.14285714285714285 0.4890625 0.03372365339578454 0.039375
4 0.11358313817330211 0.48828125 0.019672131147540985 0.041562499999999995
5 0.13114754098360656 0.471875 0.06182669789227166 0.075
0 0.12646370023419204 0.4421875 0.07306791569086651 0.14625
