1 0.462 0.6746666666666666 0.05759999999999999 0.288
2 0.461 0.572 0.0552 0.04853333333333333
2 0.474 0.7706666666666667 0.028799999999999996 0.0672
3 0.51 0.6746666666666666 0.17279999999999998 0.288
4 0.51 0.572 0.17279999999999998 0.04853333333333333
4 0.483 0.7 0.0504 0.2650666666666666
5 0.51 0.6746666666666666 0.17279999999999998 0.288
0 0.52 0.6253333333333333 0.288 0.40640000000000004
1 0.108 0.848 0.1296 0.0832
2 0.12 0.848 0.1008 0.09706666666666666
2 0.057 0.8573333333333333 0.007199999999999999 0.0037333333333333333
0 0.108 0.848 0.1296 0.0832
