1 0.348 0.81 0.144 0.048
2 0.388 0.803 0.048 0.0364
2 0.32666666666666666 0.811 0.0928 0.0532
3 0.348 0.741 0.144 0.21359999999999998
4 0.388 0.734 0.048 0.2296
4 0.32666666666666666 0.743 0.0928 0.24359999999999998
5 0.348 0.672 0.144 0.3792
0 0.36533333333333334 0.542 0.23039999999999997 0.6911999999999999
1 0.608 0.798 0.10239999999999999 0.033600000000000005
2 0.6346666666666667 0.797 0.0384 0.0364
2 0.5813333333333334 0.801 0.0384 0.030799999999999998
3 0.608 0.724 0.10239999999999999 0.2112
4 0.6346666666666667 0.724 0.0384 0.2408
4 0.5813333333333334 0.724 0.0384 0.24639999999999998
5 0.6173333333333333 0.647 0.1248 0.396
0 0.64 0.528 0.288 0.6816
