1 0.16953125 0.8024830699774267 0.024375 0.040632054176072234
2 0.17421875 0.8081264108352144 0.013125000000000001 0.03160270880361174
2 0.159375 0.7968397291196389 0.0 0.03160270880361174
3 0.16875 0.7731376975169301 0.026250000000000002 0.1110609480812641
4 0.17421875 0.7731376975169301 0.013125000000000001 0.12957110609480813
4 0.15859375 0.7697516930022573 0.001875 0.1074492099322799
5 0.16796875 0.7460496613995485 0.028125 0.17607223476297967
0 0.16484375 0.690744920993228 0.073125 0.30880361173814896
1 0.7453125 0.5609480812641083 0.041249999999999995 0.040632054176072234
2 0.7546875 0.5609480812641083 0.01875 0.04740406320541761
2 0.734375 0.5632054176072234 0.015 0.034762979683972905
3 0.7453125 0.5225733634311512 0.041249999999999995 0.1327313769751693
4 0.7546875 0.5225733634311512 0.01875 0.1548532731376975
4 0.734375 0.5259593679458239 0.015 0.13905191873589162
5 0.7484375 0.4932279909706546 0.04875 0.20316027088036118
0 0.77578125 0.4322799097065463 0.133125 0.3494356659142212
