1 0.32734375 0.9416666666666667 0.365625 0.11666666666666667
2 0.43515625 0.9239583333333333 0.10687499999999998 0.09041666666666666
2 0.2046875 0.9583333333333334 0.07125000000000001 0.08333333333333333
3 0.32734375 0.8364583333333333 0.365625 0.32708333333333334
4 0.43515625 0.81875 0.10687499999999998 0.3625
4 0.2046875 0.8510416666666667 0.07125000000000001 0.29791666666666666
5 0.32734375 0.7416666666666667 0.365625 0.5166666666666667
0 0.2875 0.5385416666666667 0.46125 0.9229166666666667
1 0.53984375 0.6666666666666666 0.193125 0.055
2 0.59453125 0.6583333333333333 0.061875 0.040833333333333326
2 0.47578125 0.6833333333333333 0.039375 0.017499999999999998
3 0.53984375 0.6041666666666666 0.193125 0.205
4 0.59140625 0.5958333333333333 0.06937499999999999 0.21583333333333332
4 0.478125 0.6145833333333334 0.045 0.21
5 0.53984375 0.5177083333333333 0.193125 0.4125
0 0.5453125 0.41770833333333335 0.20625 0.6525
