1 0.76328125 0.8372365339578455 0.170625 0.03091334894613583
2 0.82734375 0.8313817330210773 0.016874999999999998 0.019672131147540982
2 0.6984375 0.84192037470726 0.015 0.022950819672131147
3 0.76328125 0.7962529274004684 0.170625 0.12927400468384073
4 0.81875 0.7903981264637002 0.0375 0.13442622950819672
4 0.7140625 0.8021077283372365 0.052500000000000005 0.13442622950819672
5 0.76328125 0.7669789227166276 0.170625 0.19953161592505855
0 0.76328125 0.6967213114754098 0.170625 0.36814988290398126
1 0.52578125 0.8384074941451991 0.200625 0.03934426229508197
2 0.5953125 0.8384074941451991 0.033749999999999995 0.019672131147540982
2 0.4484375 0.8384074941451991 0.015 0.04590163934426229
3 0.52578125 0.8056206088992974 0.200625 0.1180327868852459
4 0.59296875 0.8032786885245902 0.039375 0.1180327868852459
4 0.4640625 0.8056206088992974 0.052500000000000005 0.13770491803278687
5 0.52578125 0.7587822014051522 0.200625 0.23044496487119437
0 0.54453125 0.667447306791569 0.24562499999999998 0.4496487119437939
