1 0.4934640522875817 0.9052287581699346 0.04705882352941176 0.01568627450980392
2 0.47630718954248363 0.9052287581699346 0.00588235294117647 0.01830065359477124
2 0.5098039215686274 0.9052287581699346 0.00784313725490196 0.01372549019607843
3 0.4934640522875817 0.8872549019607843 0.04705882352941176 0.058823529411764705
4 0.4820261437908497 0.8897058823529411 0.0196078431372549 0.06176470588235294
4 0.5098039215686274 0.886437908496732 0.00784313725490196 0.06633986928104574
5 0.4934640522875817 0.8660130718954249 0.04705882352941176 0.10980392156862745
0 0.4959150326797386 0.8349673202614379 0.052941176470588235 0.18431372549019606
1 0.1527777777777778 0.9452614379084967 0.041176470588235294 0.021568627450980392
2 0.14052287581699346 0.9395424836601307 0.01176470588235294 0.00915032679738562
2 0.16013071895424835 0.9493464052287581 0.02352941176470588 0.01372549019607843
3 0.1527777777777778 0.9240196078431373 0.041176470588235294 0.07254901960784313
4 0.14215686274509803 0.9183006535947712 0.01568627450980392 0.06862745098039216
4 0.16013071895424835 0.9256535947712419 0.02352941176470588 0.08006535947712418
5 0.15359477124183007 0.9003267973856209 0.043137254901960784 0.12941176470588237
0 0.16666666666666666 0.8488562091503268 0.07450980392156863 0.2529411764705882
