1 0.737527114967462 0.9015625 0.23947939262472884 0.05625
2 0.8015184381778742 0.9046875 0.0859002169197397 0.056874999999999995
2 0.6984815618221258 0.89140625 0.1457700650759219 0.0371875
3 0.737527114967462 0.8109375 0.23947939262472884 0.27375
4 0.8015184381778742 0.81796875 0.0859002169197397 0.2996875
4 0.6984815618221258 0.80078125 0.1457700650759219 0.29093749999999996
5 0.737527114967462 0.7375 0.23947939262472884 0.45
0 0.7147505422993492 0.5921875 0.29414316702819954 0.79875
1 0.4891540130151844 0.86796875 0.16919739696312364 0.05437499999999999
2 0.5336225596529284 0.8703125 0.06247288503253796 0.056874999999999995
2 0.4609544468546638 0.86484375 0.10151843817787418 0.0546875
3 0.4924078091106291 0.80703125 0.1770065075921909 0.200625
4 0.5368763557483731 0.80859375 0.0702819956616052 0.2296875
4 0.4609544468546638 0.80390625 0.10151843817787418 0.22531249999999997
5 0.4924078091106291 0.73046875 0.1770065075921909 0.384375
0 0.49023861171366595 0.59375 0.25509761388286334 0.7125
1 0.2527114967462039 0.85546875 0.26811279826464207 0.06937499999999999
2 0.3275488069414317 0.85234375 0.08850325379609544 0.07218749999999999
2 0.17245119305856832 0.85625 0.0754880694143167 0.07875
3 0.2527114967462039 0.7875 0.26811279826464207 0.23249999999999998
4 0.3275488069414317 0.7859375 0.08850325379609544 0.258125
4 0.17245119305856832 0.7875 0.0754880694143167 0.27125
5 0.2527114967462039 0.7109375 0.26811279826464207 0.41624999999999995
0 0.27765726681127983 0.56796875 0.32798264642082425 0.759375
