1 0.6515625 0.7981220657276995 0.0375 0.02253521126760563
2 0.6484375 0.8039906103286385 0.03 0.009859154929577464
2 0.66328125 0.7934272300469484 0.009375 0.013145539906103286
3 0.646875 0.7699530516431925 0.04875 0.09014084507042253
4 0.64375 0.7734741784037559 0.041249999999999995 0.09530516431924882
4 0.653125 0.7652582159624414 0.033749999999999995 0.092018779342723
5 0.646875 0.7323943661971831 0.04875 0.18028169014084505
0 0.62890625 0.6725352112676056 0.091875 0.323943661971831
1 0.41796875 0.8204225352112676 0.058124999999999996 0.01971830985915493
2 0.43515625 0.818075117370892 0.016874999999999998 0.01643192488262911
2 0.4078125 0.8227699530516432 0.033749999999999995 0.01643192488262911
3 0.41796875 0.7887323943661971 0.058124999999999996 0.09577464788732394
4 0.43515625 0.7875586854460094 0.016874999999999998 0.10187793427230046
4 0.409375 0.7887323943661971 0.0375 0.11173708920187791
5 0.41796875 0.7523474178403756 0.058124999999999996 0.18309859154929578
0 0.43203125 0.7007042253521126 0.091875 0.30704225352112674
