1 0.28984375 0.85625 0.118125 0.245
2 0.3390625 0.7541666666666667 0.0 0.0
2 0.2640625 0.9177083333333333 0.05625 0.11374999999999999
3 0.2953125 0.8083333333333333 0.13125 0.36
4 0.34453125 0.7645833333333333 0.013125000000000001 0.029166666666666667
4 0.2640625 0.8083333333333333 0.05625 0.38333333333333336
5 0.30703125 0.73125 0.159375 0.5375
0 0.23828125 0.6041666666666666 0.32437499999999997 0.7916666666666666
1 0.79375 0.7479166666666667 0.40499999999999997 0.495
2 0.66953125 0.946875 0.10687499999999998 0.020416666666666663
2 0.91328125 0.55 0.118125 0.02333333333333333
3 0.79375 0.65 0.40499999999999997 0.7
4 0.66953125 0.83125 0.10687499999999998 0.3375
4 0.86875 0.45208333333333334 0.225 0.2975
5 0.79375 0.65 0.40499999999999997 0.7
0 0.784375 0.5364583333333334 0.42749999999999994 0.9270833333333334
