1 0.2296875 0.8216216216216217 0.195 0.05189189189189189
2 0.29765625 0.8216216216216217 0.031875 0.06054054054054054
2 0.159375 0.8175675675675675 0.026250000000000002 0.049189189189189186
3 0.2296875 0.7391891891891892 0.195 0.2497297297297297
4 0.2875 0.7445945945945946 0.05625 0.27621621621621617
4 0.16484375 0.7351351351351352 0.039375 0.27999999999999997
5 0.2296875 0.65 0.195 0.46378378378378377
0 0.2296875 0.5108108108108108 0.195 0.7978378378378378
1 0.8375 0.8256756756756757 0.20249999999999999 0.11351351351351352
2 0.771875 0.8445945945945946 0.045 0.049189189189189186
2 0.91015625 0.8256756756756757 0.028125 0.13243243243243244
3 0.8375 0.7405405405405405 0.20249999999999999 0.3178378378378378
4 0.771875 0.7351351351351352 0.045 0.35567567567567565
4 0.87421875 0.7445945945945946 0.114375 0.35945945945945945
5 0.8375 0.6608108108108108 0.20249999999999999 0.5091891891891892
0 0.834375 0.5148648648648648 0.21000000000000002 0.8594594594594595
