1 0.246875 0.7494145199063232 0.20625 0.17423887587822012
2 0.18515625 0.7388758782201406 0.058124999999999996 0.17377049180327866
2 0.30390625 0.7576112412177985 0.06937499999999999 0.18032786885245902
3 0.26015625 0.7494145199063232 0.238125 0.17423887587822012
4 0.20859375 0.7388758782201406 0.114375 0.17377049180327866
4 0.3171875 0.7576112412177985 0.10124999999999999 0.18032786885245902
5 0.27265625 0.7189695550351288 0.268125 0.24730679156908664
0 0.31171875 0.6288056206088993 0.361875 0.4637002341920375
1 0.8203125 0.7763466042154566 0.25125 0.1939110070257611
2 0.73359375 0.7763466042154566 0.043125 0.2262295081967213
2 0.896875 0.7740046838407494 0.06749999999999999 0.2065573770491803
3 0.78515625 0.7763466042154566 0.33562499999999995 0.1939110070257611
4 0.6984375 0.7763466042154566 0.1275 0.2262295081967213
4 0.8484375 0.7740046838407494 0.18375 0.2065573770491803
5 0.7625 0.7447306791569087 0.39 0.26978922716627635
0 0.71484375 0.6721311475409836 0.504375 0.44402810304449647
