1 0.540625 0.8584905660377359 0.20625 0.07358490566037736
2 0.5859375 0.8679245283018868 0.0975 0.059433962264150944
2 0.46953125 0.8490566037735849 0.035625000000000004 0.059433962264150944
3 0.540625 0.7252358490566038 0.20625 0.3933962264150943
4 0.5859375 0.7334905660377359 0.0975 0.43584905660377354
4 0.47734375 0.7158018867924528 0.05437499999999999 0.4325471698113207
5 0.546875 0.6922169811320755 0.22125 0.47264150943396227
0 0.56953125 0.5778301886792453 0.275625 0.7471698113207548
1 0.38125 0.8219339622641509 0.13499999999999998 0.08773584905660377
2 0.42109375 0.8231132075471698 0.039375 0.08584905660377358
2 0.3390625 0.8219339622641509 0.033749999999999995 0.10235849056603773
3 0.39296875 0.7099056603773585 0.163125 0.35660377358490564
4 0.4328125 0.7193396226415094 0.06749999999999999 0.3764150943396226
4 0.3390625 0.7099056603773585 0.033749999999999995 0.41603773584905657
5 0.39296875 0.6827830188679245 0.163125 0.42169811320754713
0 0.41328125 0.5648584905660378 0.21187499999999998 0.7047169811320755
