1 0.653125 0.702576112412178 0.06375 0.02810304449648712
2 0.66953125 0.7002341920374707 0.024375 0.02622950819672131
2 0.6328125 0.7060889929742389 0.015 0.022950819672131147
3 0.66171875 0.6791569086651054 0.084375 0.08430913348946135
4 0.678125 0.6768149882903981 0.045 0.09180327868852459
4 0.64375 0.6814988290398126 0.041249999999999995 0.09180327868852459
5 0.66171875 0.6522248243559718 0.084375 0.14894613583138172
0 0.678125 0.6334894613583139 0.12375 0.1939110070257611
1 0.79453125 0.6276346604215457 0.043125 0.022482435597189696
2 0.784375 0.6229508196721312 0.01875 0.013114754098360656
2 0.80546875 0.6334894613583139 0.016874999999999998 0.009836065573770491
3 0.79453125 0.607728337236534 0.043125 0.0702576112412178
4 0.79140625 0.6030444964871194 0.035625000000000004 0.06885245901639343
4 0.80546875 0.6112412177985949 0.016874999999999998 0.0721311475409836
5 0.79453125 0.5807962529274004 0.043125 0.13489461358313817
0 0.79453125 0.5456674473067916 0.043125 0.21920374707259951
