1 0.690625 0.80625 0.09 0.08
2 0.71640625 0.8260416666666667 0.028125 0.03791666666666667
2 0.66875 0.7875 0.0375 0.040833333333333326
3 0.690625 0.7729166666666667 0.09 0.16
4 0.71640625 0.7791666666666667 0.028125 0.16916666666666663
4 0.66875 0.7541666666666667 0.0375 0.13416666666666666
5 0.690625 0.7260416666666667 0.09 0.27249999999999996
0 0.67734375 0.6145833333333334 0.170625 0.5399999999999999
1 0.50234375 0.8239583333333333 0.15562499999999999 0.0375
2 0.55390625 0.8208333333333333 0.031875 0.034999999999999996
2 0.44921875 0.8260416666666667 0.028125 0.03791666666666667
3 0.50234375 0.7760416666666666 0.15562499999999999 0.1525
4 0.553125 0.7739583333333333 0.033749999999999995 0.16624999999999998
4 0.4515625 0.7760416666666666 0.033749999999999995 0.17791666666666664
5 0.50234375 0.7270833333333333 0.15562499999999999 0.26999999999999996
0 0.50234375 0.6302083333333334 0.15562499999999999 0.5025
1 0.33203125 0.828125 0.114375 0.0525
2 0.3734375 0.8197916666666667 0.015 0.03791666666666667
2 0.2921875 0.8375 0.01875 0.034999999999999996
3 0.33203125 0.7833333333333333 0.114375 0.16
4 0.37109375 0.775 0.020624999999999998 0.1633333333333333
4 0.29375 0.7947916666666667 0.0225 0.15458333333333332
5 0.33203125 0.7302083333333333 0.114375 0.2875
0 0.3296875 0.63125 0.14250000000000002 0.525
1 0.825 0.8291666666666667 0.09375 0.04
2 0.853125 0.834375 0.026250000000000002 0.03208333333333333
2 0.79453125 0.825 0.020624999999999998 0.034999999999999996
3 0.825 0.7760416666666666 0.09375 0.16749999999999998
4 0.853125 0.778125 0.026250000000000002 0.18958333333333333
4 0.79453125 0.771875 0.020624999999999998 0.18374999999999997
5 0.825 0.7270833333333333 0.09375 0.285
0 0.8375 0.634375 0.19874999999999998 0.5075
1 0.084375 0.8708333333333333 0.045 0.04
2 0.090625 0.8541666666666666 0.0 0.0
2 0.084375 0.8802083333333334 0.045 0.020416666666666663
3 0.08515625 0.8260416666666667 0.046875 0.1475
4 0.09765625 0.809375 0.016874999999999998 0.12541666666666665
4 0.084375 0.8322916666666667 0.045 0.15458333333333332
5 0.08828125 0.78125 0.05437499999999999 0.255
0 0.10390625 0.6802083333333333 0.091875 0.49749999999999994
