1 0.8337236533957846 0.38203125 0.16299765807962527 0.114375
2 0.8009367681498829 0.3375 0.08430913348946135 0.008749999999999999
2 0.8770491803278688 0.3890625 0.05901639344262295 0.11374999999999999
3 0.7388758782201406 0.37265625 0.3906323185011709 0.136875
4 0.7060889929742389 0.3328125 0.311943793911007 0.021875
4 0.7786885245901639 0.37265625 0.29508196721311475 0.15968749999999998
5 0.7236533957845434 0.31484375 0.4271662763466042 0.275625
0 0.5796252927400468 0.28203125 0.7728337236533958 0.354375
1 0.1451990632318501 0.48046875 0.08992974238875878 0.039375
2 0.12177985948477751 0.46796875 0.03372365339578454 0.0109375
2 0.17447306791569087 0.49296875 0.019672131147540985 0.0109375
3 0.14637002341920374 0.4625 0.0927400468384075 0.08249999999999999
4 0.14637002341920374 0.45 0.0927400468384075 0.06124999999999999
4 0.17447306791569087 0.46875 0.019672131147540985 0.07875
5 0.16978922716627634 0.4609375 0.14894613583138172 0.08625
0 0.17681498829039813 0.428125 0.165807962529274 0.16499999999999998
1 0.32669789227166274 0.51328125 0.08149882903981263 0.016874999999999998
2 0.3559718969555035 0.51328125 0.011241217798594848 0.0196875
2 0.30562060889929743 0.51171875 0.03091334894613583 0.015312499999999998
3 0.32903981264637 0.49765625 0.08711943793911006 0.05437499999999999
4 0.3583138173302108 0.5 0.01686182669789227 0.056874999999999995
4 0.30562060889929743 0.49609375 0.03091334894613583 0.0590625
5 0.33138173302107726 0.47890625 0.0927400468384075 0.09937499999999999
0 0.3524590163934426 0.43984375 0.1433255269320843 0.193125
