1 0.5208333333333334 0.57109375 0.13 0.05437499999999999
2 0.5604166666666667 0.57109375 0.035 0.0634375
2 0.48020833333333335 0.571875 0.0325 0.06124999999999999
3 0.5208333333333334 0.54609375 0.13 0.114375
4 0.5604166666666667 0.54609375 0.035 0.1334375
4 0.48020833333333335 0.546875 0.0325 0.13125
5 0.5208333333333334 0.50546875 0.13 0.21187499999999998
0 0.5145833333333333 0.4078125 0.44 0.4462499999999999
1 0.5322916666666667 0.8828125 0.0875 0.015
2 0.56875 0.8765625 0.0 0.0
2 0.49583333333333335 0.8890625 0.0 0.0
3 0.5166666666666667 0.86484375 0.125 0.058124999999999996
4 0.5541666666666667 0.85859375 0.035 0.050312499999999996
4 0.48020833333333335 0.87109375 0.0375 0.050312499999999996
5 0.515625 0.84609375 0.1275 0.103125
0 0.5427083333333333 0.8171875 0.3525 0.25125
