1 0.44379391100702575 0.76640625 0.09836065573770492 0.10687499999999998
2 0.47423887587822017 0.74140625 0.025292740046838406 0.0546875
2 0.42857142857142855 0.7875 0.06182669789227166 0.065625
3 0.4637002341920375 0.74609375 0.14613583138173303 0.15562499999999999
4 0.49414519906323184 0.72109375 0.07306791569086651 0.11156249999999998
4 0.42857142857142855 0.74609375 0.06182669789227166 0.1815625
5 0.4707259953161593 0.67421875 0.16299765807962527 0.328125
0 0.4918032786885246 0.57265625 0.4159250585480094 0.571875
1 0.2903981264637002 0.62109375 0.10117096018735362 0.016874999999999998
2 0.32435597189695553 0.6203125 0.019672131147540985 0.017499999999999998
2 0.26346604215456676 0.62421875 0.03653395784543326 0.0109375
3 0.2903981264637002 0.60703125 0.10117096018735362 0.050624999999999996
4 0.32435597189695553 0.60625 0.019672131147540985 0.056874999999999995
4 0.265807962529274 0.60703125 0.04215456674473068 0.0590625
5 0.2903981264637002 0.5890625 0.10117096018735362 0.09375
0 0.30210772833723654 0.5546875 0.13489461358313817 0.17625
