1 0.341 0.6533333333333333 0.0888 0.012799999999999999
2 0.368 0.652 0.024 0.011199999999999998
2 0.304 0.6586666666666666 0.0 0.0
3 0.34 0.6266666666666667 0.0912 0.0768
4 0.365 0.6253333333333333 0.0312 0.08586666666666666
4 0.303 0.6293333333333333 0.0024 0.08213333333333332
5 0.34 0.6026666666666667 0.0912 0.1344
0 0.328 0.5213333333333333 0.12 0.3296
1 0.239 0.676 0.252 0.0224
2 0.338 0.6746666666666666 0.014399999999999998 0.022399999999999996
2 0.146 0.6773333333333333 0.028799999999999996 0.022399999999999996
3 0.239 0.6346666666666667 0.252 0.1216
4 0.314 0.64 0.072 0.11946666666666667
4 0.153 0.6346666666666667 0.0456 0.14186666666666667
5 0.239 0.6106666666666667 0.252 0.1792
0 0.239 0.5306666666666666 0.252 0.3712
1 0.76 0.824 0.1296 0.0768
2 0.736 0.8493333333333334 0.072 0.018666666666666668
2 0.791 0.812 0.0552 0.056
3 0.76 0.76 0.1296 0.23039999999999997
4 0.736 0.7746666666666666 0.072 0.22773333333333332
4 0.775 0.748 0.09359999999999999 0.23519999999999996
5 0.76 0.6906666666666667 0.1296 0.39679999999999993
0 0.722 0.5866666666666667 0.2208 0.6464
