1 0.1388888888888889 0.8553921568627451 0.10588235294117647 0.03725490196078431
2 0.11437908496732026 0.8398692810457516 0.0 0.0
2 0.1388888888888889 0.8643790849673203 0.10588235294117647 0.01830065359477124
3 0.1388888888888889 0.8104575163398693 0.10588235294117647 0.14509803921568626
4 0.11601307189542484 0.7949346405228758 0.00392156862745098 0.12581699346405228
4 0.1388888888888889 0.8137254901960784 0.10588235294117647 0.16013071895424835
5 0.11519607843137254 0.7426470588235294 0.16274509803921566 0.307843137254902
0 0.11764705882352941 0.6405228758169934 0.16862745098039217 0.5529411764705882
1 0.5637254901960784 0.545751633986928 0.058823529411764705 0.03137254901960784
2 0.5751633986928104 0.5375816993464052 0.03137254901960784 0.01372549019607843
2 0.5604575163398693 0.5473856209150327 0.050980392156862744 0.03202614379084967
3 0.5637254901960784 0.5106209150326797 0.058823529411764705 0.11568627450980391
4 0.5751633986928104 0.5024509803921569 0.03137254901960784 0.11209150326797385
4 0.5604575163398693 0.5130718954248366 0.050980392156862744 0.12810457516339868
5 0.559640522875817 0.4820261437908497 0.06862745098039216 0.18431372549019606
0 0.5759803921568627 0.4272875816993464 0.10784313725490197 0.3156862745098039
1 0.3284313725490196 0.7034313725490197 0.07450980392156863 0.06470588235294118
2 0.33986928104575165 0.6879084967320261 0.04705882352941176 0.03202614379084967
2 0.3047385620915033 0.7124183006535948 0.01764705882352941 0.05032679738562091
3 0.30392156862745096 0.6642156862745098 0.13333333333333333 0.1588235294117647
4 0.32516339869281047 0.6486928104575164 0.08235294117647059 0.14183006535947712
4 0.28022875816993464 0.673202614379085 0.07647058823529411 0.16013071895424835
5 0.27124183006535946 0.6331699346405228 0.21176470588235294 0.2333333333333333
0 0.27124183006535946 0.5547385620915033 0.21176470588235294 0.4215686274509804
1 0.9158496732026143 0.6053921568627451 0.16830065359477125 0.03333333333333333
2 0.8660130718954249 0.5955882352941176 0.058823529411764705 0.011437908496732025
2 0.9714052287581699 0.6102941176470589 0.045098039215686274 0.025163398692810455
3 0.9158496732026143 0.5718954248366013 0.16830065359477125 0.11372549019607842
4 0.8725490196078431 0.5620915032679739 0.07450980392156863 0.10522875816993463
5 0.9158496732026143 0.5441176470588235 0.16830065359477125 0.1803921568627451
0 0.9166666666666666 0.4738562091503268 0.16666666666666666 0.34901960784313724
1 0.7312091503267973 0.4534313725490196 0.045098039215686274 0.03333333333333333
2 0.7124183006535948 0.4395424836601307 0.0 0.0
2 0.7393790849673203 0.4542483660130719 0.025490196078431372 0.03660130718954248
3 0.7312091503267973 0.4207516339869281 0.045098039215686274 0.11176470588235293
4 0.7238562091503268 0.41421568627450983 0.027450980392156862 0.07091503267973856
4 0.7393790849673203 0.4207516339869281 0.025490196078431372 0.1303921568627451
5 0.7197712418300654 0.39133986928104575 0.07254901960784313 0.18235294117647058
0 0.7230392156862745 0.3553921568627451 0.10392156862745097 0.26862745098039215
