1 0.16796875 0.8863109048723898 0.226875 0.16148491879350346
2 0.22265625 0.8549883990719258 0.09562499999999999 0.10069605568445475
2 0.090625 0.919953596287703 0.041249999999999995 0.09419953596287702
3 0.19296875 0.8120649651972158 0.286875 0.3396751740139211
4 0.24765625 0.7923433874709976 0.15562499999999999 0.27610208816705334
4 0.11796875 0.8120649651972158 0.10687499999999998 0.37587006960556846
5 0.19296875 0.7169373549883991 0.286875 0.5661252900232019
0 0.22109375 0.5301624129930395 0.354375 0.9396751740139211
1 0.66484375 0.8839907192575406 0.20812499999999998 0.15591647331786543
2 0.71484375 0.8549883990719258 0.088125 0.10069605568445475
2 0.59140625 0.9095127610208816 0.031875 0.11044083526682133
3 0.690625 0.8062645011600929 0.26999999999999996 0.34245939675174014
4 0.740625 0.7900232018561485 0.15 0.28259860788863106
4 0.61875 0.8062645011600929 0.0975 0.3874709976798144
5 0.690625 0.7192575406032483 0.26999999999999996 0.551276102088167
0 0.7203125 0.5278422273781903 0.34125 0.9443155452436195
