1 0.3360655737704918 0.61875 0.24449648711943792 0.28125
2 0.4028103044496487 0.71953125 0.08430913348946135 0.0459375
2 0.2716627634660422 0.5265625 0.08992974238875878 0.06999999999999999
3 0.3864168618266979 0.61875 0.36533957845433257 0.28125
4 0.4531615925058548 0.66875 0.20515222482435597 0.188125
4 0.33840749414519905 0.5265625 0.25011709601873533 0.06999999999999999
5 0.4180327868852459 0.5953125 0.4412177985948478 0.3375
0 0.5187353629976581 0.47890625 0.6997658079625293 0.6168750000000001
1 0.6182669789227166 0.69765625 0.1405152224824356 0.020624999999999998
2 0.5655737704918032 0.69375 0.01405152224824356 0.013124999999999998
2 0.6697892271662763 0.70078125 0.01686182669789227 0.015312499999999998
3 0.6182669789227166 0.67890625 0.1405152224824356 0.065625
4 0.5737704918032787 0.675 0.03372365339578454 0.065625
4 0.6697892271662763 0.68046875 0.01686182669789227 0.07218749999999999
5 0.6182669789227166 0.65625 0.1405152224824356 0.12
0 0.6311475409836066 0.6078125 0.17142857142857143 0.23625
