1 0.628125 0.8492871690427699 0.13499999999999998 0.0635437881873727
2 0.65234375 0.840122199592668 0.076875 0.04847250509164969
2 0.5859375 0.8564154786150713 0.033749999999999995 0.05417515274949083
3 0.62734375 0.7668024439918534 0.136875 0.2615071283095723
4 0.65234375 0.7576374745417516 0.076875 0.2794297352342159
4 0.58515625 0.7668024439918534 0.035625000000000004 0.305091649694501
5 0.61953125 0.6832993890020367 0.15562499999999999 0.46191446028513233
0 0.596875 0.5071283095723014 0.21000000000000002 0.8847250509164969
1 0.48359375 0.7617107942973523 0.058124999999999996 0.004887983706720977
2 0.459375 0.7596741344195519 0.0 0.0
2 0.5078125 0.7637474541751528 0.0 0.0
3 0.48828125 0.6731160896130346 0.06937499999999999 0.2175152749490835
4 0.46484375 0.6710794297352343 0.013125000000000001 0.2480651731160896
4 0.5125 0.6822810590631364 0.01125 0.22810590631364563
5 0.4953125 0.6069246435845214 0.08625 0.37637474541751526
0 0.490625 0.46334012219959264 0.12 0.7209775967413442
1 0.88671875 0.6670061099796334 0.031875 0.04154786150712831
2 0.88671875 0.6670061099796334 0.031875 0.04847250509164969
2 0.88125 0.6496945010183299 0.0 0.0
3 0.88828125 0.6038696537678208 0.035625000000000004 0.1930753564154786
4 0.88828125 0.6038696537678208 0.035625000000000004 0.22525458248472505
4 0.88359375 0.5875763747454175 0.005625 0.17393075356415477
5 0.89453125 0.5560081466395111 0.050624999999999996 0.3079429735234216
0 0.903125 0.4429735234215886 0.10500000000000001 0.5792260692464358
1 0.33984375 0.7912423625254582 0.076875 0.04154786150712831
2 0.3109375 0.8004073319755601 0.0075 0.02281059063136456
2 0.3703125 0.7830957230142567 0.00375 0.02566191446028513
3 0.3453125 0.7118126272912424 0.09 0.23217922606924643
4 0.3171875 0.7169042769857433 0.0225 0.2566191446028513
4 0.37578125 0.7036659877800407 0.016874999999999998 0.2480651731160896
5 0.346875 0.6313645621181263 0.09375 0.42525458248472503
0 0.353125 0.47963340122199594 0.13125 0.7894093686354378
1 0.16953125 0.3391038696537678 0.028125 0.0024439918533604886
2 0.18125 0.34012219959266804 0.0 0.0
2 0.1578125 0.3380855397148676 0.0 0.0
3 0.171875 0.319755600814664 0.033749999999999995 0.048879837067209775
4 0.18359375 0.319755600814664 0.005625 0.05702647657841141
4 0.159375 0.31873727087576376 0.00375 0.05417515274949083
5 0.17265625 0.2973523421588595 0.035625000000000004 0.10264765784114052
0 0.17734375 0.2780040733197556 0.046875 0.14908350305498982
