1 0.4671875 0.8626760563380281 0.15 0.030985915492957743
2 0.5171875 0.863849765258216 0.03 0.03286384976525822
2 0.425 0.857981220657277 0.04875 0.02300469483568075
3 0.46796875 0.8004694835680751 0.151875 0.18028169014084505
4 0.51796875 0.8086854460093896 0.031875 0.18732394366197183
4 0.4328125 0.795774647887324 0.06749999999999999 0.19718309859154928
5 0.46796875 0.7347417840375586 0.151875 0.3380281690140845
0 0.4921875 0.6279342723004695 0.21000000000000002 0.5943661971830986
1 0.2078125 0.8063380281690141 0.07875 0.08169014084507041
2 0.1828125 0.8016431924882629 0.01875 0.08215962441314555
2 0.23046875 0.8345070422535211 0.024375 0.01643192488262911
3 0.20859375 0.7676056338028169 0.080625 0.17464788732394365
4 0.1921875 0.7629107981220657 0.041249999999999995 0.19061032863849764
4 0.23125 0.7758215962441315 0.026250000000000002 0.1807511737089202
5 0.2125 0.7007042253521126 0.09 0.33521126760563374
0 0.24765625 0.6103286384976526 0.174375 0.552112676056338
1 0.9421875 0.5375586854460094 0.06 0.04507042253521126
2 0.92578125 0.545774647887324 0.020624999999999998 0.01643192488262911
2 0.9609375 0.5375586854460094 0.015 0.05258215962441314
3 0.9421875 0.5117370892018779 0.06 0.10704225352112677
4 0.92578125 0.5105633802816901 0.020624999999999998 0.11502347417840375
4 0.95390625 0.5117370892018779 0.031875 0.12488262910798122
5 0.9421875 0.47300469483568075 0.06 0.2
0 0.9390625 0.4107981220657277 0.08249999999999999 0.3492957746478873
