1 0.9421875 0.7072916666666667 0.033749999999999995 0.042499999999999996
2 0.93359375 0.709375 0.013125000000000001 0.04375
2 0.95078125 0.7 0.013125000000000001 0.029166666666666667
3 0.94453125 0.6854166666666667 0.039375 0.095
4 0.93359375 0.690625 0.013125000000000001 0.09624999999999999
4 0.953125 0.678125 0.01875 0.09041666666666666
5 0.94453125 0.6604166666666667 0.039375 0.15499999999999997
0 0.9453125 0.6125 0.05625 0.26999999999999996
1 0.7671875 0.596875 0.01125 0.0175
2 0.771875 0.5895833333333333 0.0 0.0
2 0.76640625 0.6 0.009375 0.011666666666666665
3 0.7703125 0.58125 0.01875 0.055
4 0.775 0.5760416666666667 0.0075 0.03791666666666667
4 0.76640625 0.58125 0.009375 0.06416666666666666
5 0.77109375 0.565625 0.020624999999999998 0.0925
0 0.77109375 0.534375 0.043125 0.16749999999999998
