1 0.47890625 0.6572916666666667 0.05437499999999999 0.0275
2 0.49453125 0.653125 0.016874999999999998 0.020416666666666663
2 0.46015625 0.6614583333333334 0.009375 0.020416666666666663
3 0.47890625 0.628125 0.05437499999999999 0.09749999999999999
4 0.49453125 0.6270833333333333 0.016874999999999998 0.09333333333333332
4 0.46171875 0.628125 0.013125000000000001 0.11374999999999999
5 0.47890625 0.5885416666666666 0.05437499999999999 0.19249999999999998
0 0.4796875 0.515625 0.09 0.3675
1 0.3890625 0.653125 0.06375 0.0275
2 0.41171875 0.6520833333333333 0.009375 0.029166666666666667
2 0.37265625 0.6552083333333333 0.024375 0.02625
3 0.3890625 0.615625 0.06375 0.1175
4 0.41171875 0.6145833333333334 0.009375 0.13416666666666666
4 0.37265625 0.6166666666666667 0.024375 0.13416666666666666
5 0.3890625 0.5791666666666667 0.06375 0.205
0 0.39921875 0.5177083333333333 0.103125 0.3525
