1 0.9421875 0.6651053864168618 0.0075 0.01686182669789227
2 0.9390625 0.65807962529274 0.0 0.0
2 0.9421875 0.6686182669789227 0.0075 0.009836065573770491
3 0.94375 0.6440281030444965 0.01125 0.06744730679156909
4 0.9390625 0.6370023419203747 0.0 0.05901639344262295
4 0.94375 0.6475409836065574 0.01125 0.06885245901639343
5 0.94375 0.6276346604215457 0.01875 0.10679156908665105
0 0.9453125 0.6030444964871194 0.045 0.165807962529274
1 0.91328125 0.6569086651053864 0.016874999999999998 0.019672131147540985
2 0.90625 0.6533957845433255 0.0 0.013114754098360656
2 0.91953125 0.6615925058548009 0.001875 0.009836065573770491
3 0.9140625 0.6381733021077284 0.01875 0.06463700234192037
4 0.90703125 0.6346604215456675 0.001875 0.06557377049180328
4 0.9203125 0.639344262295082 0.00375 0.0721311475409836
5 0.91484375 0.6217798594847775 0.024375 0.10398126463700234
0 0.91640625 0.5925058548009368 0.028125 0.17423887587822012
