1 0.1359375 0.7332613390928726 0.1725 0.049244060475161985
2 0.19765625 0.724622030237581 0.024375 0.033261339092872565
2 0.07109375 0.7397408207343412 0.016874999999999998 0.03930885529157667
3 0.1359375 0.6673866090712743 0.1725 0.20734341252699784
4 0.19375 0.6587473002159827 0.033749999999999995 0.21771058315334774
4 0.07109375 0.6706263498920086 0.016874999999999998 0.23282937365010797
5 0.1359375 0.6663066954643628 0.1725 0.20993520518358533
0 0.1328125 0.5788336933045356 0.18 0.41987041036717065
1 0.68671875 0.8045356371490281 0.421875 0.26177105831533476
2 0.54765625 0.8898488120950324 0.088125 0.06652267818574513
2 0.8203125 0.7397408207343412 0.10124999999999999 0.12397408207343412
3 0.68671875 0.8045356371490281 0.421875 0.26177105831533476
4 0.54765625 0.8045356371490281 0.088125 0.3053995680345572
4 0.78359375 0.7429805615550756 0.189375 0.13304535637149026
5 0.68671875 0.7419006479481641 0.421875 0.4120950323974082
0 0.68671875 0.6187904967602592 0.421875 0.7075593952483801
