1 0.140625 0.5423529411764706 0.04875 0.01976470588235294
2 0.1546875 0.5423529411764706 0.015 0.023058823529411764
2 0.12578125 0.54 0.013125000000000001 0.01647058823529412
3 0.140625 0.5105882352941177 0.04875 0.09599999999999999
4 0.1546875 0.5129411764705882 0.015 0.10541176470588234
4 0.12578125 0.508235294117647 0.013125000000000001 0.10541176470588234
5 0.140625 0.4776470588235294 0.04875 0.17505882352941174
0 0.140625 0.41058823529411764 0.06749999999999999 0.33599999999999997
1 0.1828125 0.5552941176470588 0.0225 0.03952941176470588
2 0.18984375 0.5470588235294118 0.005625 0.023058823529411764
2 0.178125 0.5623529411764706 0.01125 0.026352941176470586
3 0.1859375 0.5270588235294118 0.03 0.10729411764705883
4 0.19296875 0.5211764705882352 0.013125000000000001 0.09552941176470586
4 0.178125 0.5270588235294118 0.01125 0.12517647058823528
5 0.18828125 0.49529411764705883 0.035625000000000004 0.18352941176470589
0 0.18359375 0.42705882352941177 0.103125 0.3472941176470588
