1 0.3546875 0.8811188811188811 0.16875 0.13426573426573427
2 0.396875 0.9032634032634033 0.06749999999999999 0.09463869463869462
2 0.3125 0.8589743589743589 0.06749999999999999 0.09463869463869462
3 0.3546875 0.7832167832167832 0.16875 0.36923076923076925
4 0.396875 0.7855477855477856 0.06749999999999999 0.42424242424242425
4 0.3125 0.7610722610722611 0.06749999999999999 0.36876456876456876
5 0.3609375 0.7762237762237763 0.18375 0.386013986013986
0 0.3703125 0.6212121212121212 0.20625 0.7575757575757576
1 0.61328125 0.9079254079254079 0.076875 0.08111888111888112
2 0.6453125 0.9417249417249417 0.0 0.0
2 0.58125 0.8741258741258742 0.0 0.0
3 0.62265625 0.7855477855477856 0.09937499999999999 0.3748251748251748
4 0.6546875 0.8263403263403264 0.0225 0.32307692307692304
4 0.59921875 0.7517482517482518 0.043125 0.34265734265734266
5 0.71796875 0.7855477855477856 0.328125 0.3748251748251748
0 0.7265625 0.5827505827505828 0.34875 0.8344988344988346
