1 0.60859375 0.8329718004338394 0.230625 0.08329718004338395
2 0.54140625 0.851409978308026 0.06937499999999999 0.0455531453362256
2 0.68125 0.8286334056399133 0.05625 0.08503253796095443
3 0.60859375 0.7657266811279827 0.230625 0.24468546637744035
4 0.54765625 0.7657266811279827 0.084375 0.2854663774403471
4 0.65390625 0.7885032537960954 0.121875 0.19739696312364424
5 0.60859375 0.702819956616052 0.230625 0.39566160520607374
0 0.60703125 0.5921908893709328 0.234375 0.6611713665943602
1 0.02421875 0.48156182212581344 0.024375 0.03644251626898048
2 0.01640625 0.48156182212581344 0.001875 0.042516268980477216
2 0.02421875 0.48156182212581344 0.024375 0.042516268980477216
3 0.03125 0.45878524945770066 0.041249999999999995 0.0911062906724512
4 0.01953125 0.45878524945770066 0.009375 0.10629067245119306
4 0.03125 0.45878524945770066 0.041249999999999995 0.10629067245119306
5 0.028125 0.43058568329718006 0.04875 0.15878524945770064
0 0.0296875 0.37093275488069416 0.05625 0.3019522776572668
