1 0.64765625 0.5011737089201878 0.065625 0.025352112676056335
2 0.66875 0.5011737089201878 0.015 0.029577464788732393
2 0.634375 0.5 0.033749999999999995 0.02629107981220657
3 0.64765625 0.45305164319248825 0.065625 0.14084507042253522
4 0.66875 0.4565727699530516 0.015 0.1544600938967136
4 0.634375 0.4518779342723005 0.033749999999999995 0.16103286384976526
5 0.64765625 0.43309859154929575 0.065625 0.18873239436619715
0 0.64296875 0.3626760563380282 0.076875 0.35774647887323946
1 0.31796875 0.6467136150234741 0.129375 0.059154929577464786
2 0.34921875 0.6384976525821596 0.05437499999999999 0.0460093896713615
2 0.29375 0.6525821596244131 0.07125000000000001 0.05258215962441314
3 0.31796875 0.5751173708920188 0.129375 0.23098591549295772
4 0.34921875 0.5669014084507042 0.05437499999999999 0.24647887323943662
4 0.29375 0.5856807511737089 0.07125000000000001 0.23990610328638495
5 0.30859375 0.5504694835680751 0.151875 0.29014084507042254
0 0.30859375 0.4694835680751174 0.151875 0.48450704225352115
