1 0.3734375 0.7878787878787878 0.075 0.039160839160839164
2 0.3734375 0.7878787878787878 0.075 0.04568764568764568
2 0.378125 0.7797202797202797 0.045 0.00979020979020979
3 0.3734375 0.7284382284382285 0.075 0.18181818181818182
4 0.3734375 0.7284382284382285 0.075 0.21212121212121213
4 0.3796875 0.7191142191142191 0.04875 0.1794871794871795
5 0.3734375 0.6643356643356644 0.075 0.3356643356643357
0 0.37890625 0.5501165501165501 0.088125 0.6097902097902097
1 0.50625 0.6899766899766899 0.04875 0.027972027972027972
2 0.521875 0.6899766899766899 0.01125 0.03263403263403263
2 0.49140625 0.6888111888111889 0.013125000000000001 0.02284382284382284
3 0.5078125 0.6561771561771562 0.052500000000000005 0.10909090909090909
4 0.5234375 0.6561771561771562 0.015 0.12727272727272726
4 0.49140625 0.6538461538461539 0.013125000000000001 0.12074592074592073
5 0.5078125 0.6142191142191142 0.052500000000000005 0.2097902097902098
0 0.51484375 0.5256410256410257 0.091875 0.42237762237762233
1 0.4390625 0.6993006993006993 0.0375 0.016783216783216783
2 0.45078125 0.7016317016317016 0.009375 0.013053613053613054
2 0.42890625 0.696969696969697 0.013125000000000001 0.013053613053613054
3 0.4421875 0.6573426573426573 0.045 0.11748251748251748
4 0.45390625 0.6596736596736597 0.016874999999999998 0.13053613053613053
4 0.42890625 0.655011655011655 0.013125000000000001 0.13053613053613053
5 0.4421875 0.6060606060606061 0.045 0.24055944055944056
0 0.45078125 0.513986013986014 0.09937499999999999 0.46153846153846156
1 0.6328125 0.7226107226107226 0.041249999999999995 0.044755244755244755
2 0.6421875 0.7226107226107226 0.01875 0.052214452214452214
2 0.621875 0.7226107226107226 0.015 0.04568764568764568
3 0.63515625 0.6818181818181818 0.046875 0.14265734265734265
4 0.64453125 0.6888111888111889 0.024375 0.14685314685314685
4 0.62265625 0.6806526806526807 0.016874999999999998 0.16317016317016317
5 0.6359375 0.6363636363636364 0.04875 0.2517482517482518
0 0.64453125 0.5559440559440559 0.148125 0.4447552447552447
