1 0.640625 0.7763466042154566 0.041249999999999995 0.01405152224824356
2 0.64765625 0.7763466042154566 0.024375 0.01639344262295082
2 0.63125 0.7740046838407494 0.01875 0.009836065573770491
3 0.640625 0.747072599531616 0.041249999999999995 0.08430913348946135
4 0.64765625 0.747072599531616 0.024375 0.09836065573770492
4 0.63125 0.7447306791569087 0.01875 0.09180327868852459
5 0.640625 0.7177985948477752 0.041249999999999995 0.15456674473067916
0 0.6421875 0.6592505854800936 0.045 0.29508196721311475
1 0.7484375 0.8758782201405152 0.01125 0.005620608899297424
2 0.753125 0.8782201405152225 0.0 0.0
2 0.74375 0.8735362997658079 0.0 0.0
3 0.74609375 0.8512880562060889 0.016874999999999998 0.06463700234192037
4 0.75 0.8536299765807962 0.0075 0.06885245901639343
4 0.74140625 0.8489461358313818 0.005625 0.06885245901639343
5 0.74609375 0.8243559718969555 0.016874999999999998 0.12927400468384073
0 0.73984375 0.7775175644028103 0.031875 0.24168618266978922
