1 0.653125 0.8540229885057471 0.2475 0.10758620689655171
2 0.74140625 0.8505747126436781 0.035625000000000004 0.11586206896551723
2 0.571875 0.8850574712643678 0.052500000000000005 0.03862068965517241
3 0.653125 0.7896551724137931 0.2475 0.2620689655172414
4 0.70859375 0.7965517241379311 0.114375 0.2671264367816092
4 0.571875 0.7896551724137931 0.052500000000000005 0.3057471264367816
5 0.653125 0.7241379310344828 0.2475 0.4193103448275862
0 0.653125 0.5563218390804597 0.2475 0.8220689655172413
1 0.95625 0.5689655172413793 0.03 0.030344827586206893
2 0.95625 0.5735632183908046 0.03 0.022528735632183907
2 0.96328125 0.5563218390804597 0.005625 0.0
3 0.9453125 0.539080459770115 0.05625 0.10206896551724137
4 0.9515625 0.539080459770115 0.041249999999999995 0.11908045977011493
4 0.94375 0.5333333333333333 0.052500000000000005 0.06436781609195402
5 0.9453125 0.5080459770114942 0.05625 0.17655172413793102
0 0.9203125 0.4459770114942529 0.11624999999999999 0.3255172413793103
1 0.4765625 0.5666666666666667 0.0225 0.03586206896551724
2 0.4734375 0.5678160919540229 0.015 0.03862068965517241
2 0.48046875 0.5528735632183908 0.013125000000000001 0.0032183908045977008
3 0.46484375 0.5402298850574713 0.050624999999999996 0.0993103448275862
4 0.4671875 0.5402298850574713 0.03 0.11586206896551723
4 0.46484375 0.5333333333333333 0.050624999999999996 0.05793103448275862
5 0.46484375 0.5114942528735632 0.050624999999999996 0.16827586206896553
0 0.4390625 0.4459770114942529 0.1125 0.3255172413793103
1 0.16328125 0.8586206896551725 0.256875 0.11310344827586206
2 0.25234375 0.8563218390804598 0.043125 0.12551724137931033
2 0.08046875 0.8862068965517241 0.058124999999999996 0.054712643678160915
3 0.16328125 0.7977011494252874 0.256875 0.2593103448275862
4 0.21875 0.8045977011494253 0.12375 0.27034482758620687
4 0.08046875 0.7977011494252874 0.058124999999999996 0.3025287356321839
5 0.16328125 0.7183908045977011 0.256875 0.4496551724137931
0 0.16328125 0.5609195402298851 0.256875 0.8275862068965517
