1 0.4328125 0.6744730679156908 0.10500000000000001 0.14613583138173303
2 0.40703125 0.7154566744730679 0.043125 0.05573770491803278
2 0.4515625 0.6311475409836066 0.06 0.04918032786885246
3 0.45625 0.6147540983606558 0.16125 0.2894613583138173
4 0.45625 0.6487119437939111 0.16125 0.2426229508196721
4 0.459375 0.5714285714285714 0.07875 0.2163934426229508
5 0.50859375 0.5995316159250585 0.286875 0.32599531615925054
0 0.55390625 0.4414519906323185 0.395625 0.7053864168618267
1 0.36875 0.2892271662763466 0.01875 0.025292740046838406
2 0.3765625 0.2786885245901639 0.0 0.0
2 0.3671875 0.29156908665105385 0.015 0.022950819672131147
3 0.3765625 0.2611241217798595 0.0375 0.0927400468384075
4 0.384375 0.2505854800936768 0.01875 0.07868852459016393
4 0.371875 0.26346604215456676 0.026250000000000002 0.10163934426229508
5 0.3765625 0.22950819672131148 0.0375 0.1686182669789227
0 0.39140625 0.18266978922716628 0.073125 0.2810304449648712
