1 0.75234375 0.870023419203747 0.189375 0.0927400468384075
2 0.7109375 0.8864168618266979 0.09 0.06229508196721311
2 0.7953125 0.8524590163934426 0.08625 0.05901639344262295
3 0.746875 0.7763466042154566 0.20249999999999999 0.31756440281030446
4 0.70546875 0.7763466042154566 0.103125 0.3704918032786885
4 0.7671875 0.7611241217798594 0.15375 0.3147540983606557
5 0.746875 0.6592505854800936 0.20249999999999999 0.5985948477751756
0 0.65859375 0.5210772833723654 0.414375 0.9302107728337237
1 0.26171875 0.819672131147541 0.403125 0.03372365339578454
2 0.4078125 0.8208430913348946 0.052500000000000005 0.0360655737704918
2 0.1296875 0.8173302107728337 0.08625 0.03278688524590164
3 0.26171875 0.7084309133489461 0.403125 0.3007025761124122
4 0.3875 0.7388758782201406 0.10124999999999999 0.26557377049180325
4 0.1296875 0.7060889929742389 0.08625 0.3442622950819672
5 0.26171875 0.65807962529274 0.403125 0.4215456674473068
0 0.26171875 0.5398126463700235 0.403125 0.7053864168618267
1 0.38515625 0.3372365339578454 0.061875 0.02810304449648712
2 0.4046875 0.3395784543325527 0.015 0.02622950819672131
2 0.375 0.3372365339578454 0.0375 0.03278688524590164
3 0.3890625 0.2903981264637002 0.07125000000000001 0.1405152224824356
4 0.40859375 0.2903981264637002 0.024375 0.16393442622950818
4 0.375 0.2903981264637002 0.0375 0.16393442622950818
5 0.3890625 0.24004683840749413 0.07125000000000001 0.2613583138173302
0 0.4015625 0.1920374707259953 0.10124999999999999 0.37658079625292734
