1 0.33671875 0.5585774058577406 0.091875 0.0200836820083682
2 0.36328125 0.5585774058577406 0.028125 0.02343096234309623
2 0.31171875 0.5585774058577406 0.031875 0.017573221757322174
3 0.33671875 0.5313807531380753 0.091875 0.08535564853556485
4 0.36328125 0.5313807531380753 0.028125 0.09958158995815898
4 0.31171875 0.5313807531380753 0.031875 0.09372384937238493
5 0.33671875 0.4895397489539749 0.091875 0.18577405857740587
0 0.32421875 0.4089958158995816 0.121875 0.37907949790794976
1 0.62421875 0.8922594142259415 0.24562499999999998 0.10794979079497909
2 0.5625 0.9173640167364017 0.0975 0.05564853556485355
2 0.69453125 0.8650627615062761 0.076875 0.04979079497907949
3 0.62421875 0.8263598326359832 0.24562499999999998 0.2661087866108786
4 0.5625 0.8389121338912134 0.0975 0.27531380753138074
4 0.69453125 0.799163179916318 0.076875 0.23430962343096234
5 0.62421875 0.7615062761506276 0.24562499999999998 0.4217573221757322
0 0.62421875 0.5868200836820083 0.24562499999999998 0.8263598326359832
