1 0.59921875 0.746875 0.31687499999999996 0.0625
2 0.484375 0.7614583333333333 0.041249999999999995 0.03208333333333333
2 0.71171875 0.7375 0.046875 0.04666666666666666
3 0.59921875 0.7166666666666667 0.31687499999999996 0.13499999999999998
4 0.52109375 0.7239583333333334 0.129375 0.13708333333333333
4 0.69140625 0.7072916666666667 0.09562499999999999 0.13124999999999998
5 0.59921875 0.6697916666666667 0.31687499999999996 0.2475
0 0.59921875 0.5572916666666666 0.31687499999999996 0.5175
1 0.13828125 0.7052083333333333 0.080625 0.1225
2 0.15859375 0.6625 0.031875 0.02333333333333333
2 0.125 0.75 0.04875 0.017499999999999998
3 0.1578125 0.6625 0.1275 0.225
4 0.178125 0.6197916666666666 0.07875 0.14291666666666666
4 0.125 0.6895833333333333 0.04875 0.18666666666666665
5 0.15234375 0.6625 0.140625 0.225
0 0.17578125 0.6041666666666666 0.196875 0.365
