1 0.6388888888888888 0.819 0.145679012345679 0.1704
2 0.6676954732510288 0.843 0.0765432098765432 0.1316
2 0.6121399176954733 0.804 0.08148148148148149 0.1568
3 0.668724279835391 0.77 0.23703703703703702 0.288
4 0.7016460905349794 0.77 0.1580246913580247 0.336
4 0.6080246913580247 0.794 0.09135802469135802 0.1848
5 0.668724279835391 0.726 0.23703703703703702 0.39359999999999995
0 0.7150205761316872 0.612 0.4765432098765432 0.6671999999999999
1 0.2726337448559671 0.851 0.3679012345679012 0.09839999999999999
2 0.13477366255144033 0.82 0.037037037037037035 0.028
2 0.39300411522633744 0.882 0.07901234567901234 0.028
3 0.2726337448559671 0.772 0.3679012345679012 0.288
4 0.17078189300411523 0.741 0.12345679012345678 0.24919999999999998
4 0.39300411522633744 0.789 0.07901234567901234 0.2884
5 0.2726337448559671 0.704 0.3679012345679012 0.4512
0 0.28703703703703703 0.578 0.4024691358024691 0.7536
