1 0.2791666666666667 0.834375 0.15499999999999997 0.05625
2 0.328125 0.83359375 0.0375 0.0634375
2 0.22916666666666666 0.834375 0.035 0.065625
3 0.28541666666666665 0.775 0.16999999999999998 0.19874999999999998
4 0.334375 0.77890625 0.0525 0.2165625
4 0.22916666666666666 0.775 0.035 0.23187499999999997
5 0.30104166666666665 0.7 0.2075 0.37875
0 0.29791666666666666 0.53125 0.345 0.78375
1 0.6291666666666667 0.77578125 0.225 0.09937499999999999
2 0.6989583333333333 0.7890625 0.057499999999999996 0.07875
2 0.56875 0.76328125 0.08 0.0809375
3 0.6291666666666667 0.74375 0.225 0.17625
4 0.6989583333333333 0.7515625 0.057499999999999996 0.18375
4 0.56875 0.73125 0.08 0.17062499999999997
5 0.6364583333333333 0.67421875 0.2425 0.343125
0 0.634375 0.51953125 0.40249999999999997 0.714375
