1 0.225 0.8390625 0.07 0.052500000000000005
2 0.240625 0.81875 0.0325 0.0043749999999999995
2 0.22395833333333334 0.8515625 0.06749999999999999 0.026249999999999996
3 0.234375 0.79765625 0.0925 0.151875
4 0.25 0.77734375 0.055 0.1203125
4 0.22395833333333334 0.79921875 0.06749999999999999 0.17281249999999998
5 0.234375 0.74921875 0.0925 0.268125
0 0.25 0.63203125 0.18 0.549375
1 0.4354166666666667 0.9328125 0.23999999999999996 0.052500000000000005
2 0.35625 0.92734375 0.05 0.0459375
2 0.5041666666666667 0.93359375 0.075 0.0590625
3 0.4354166666666667 0.86875 0.23999999999999996 0.20625
4 0.35625 0.86484375 0.05 0.22093749999999995
4 0.49895833333333334 0.86875 0.0875 0.240625
5 0.4270833333333333 0.80546875 0.26 0.35812499999999997
0 0.4552083333333333 0.67578125 0.32749999999999996 0.6484375
