1 0.6890625 0.7 0.033749999999999995 0.025
2 0.69140625 0.7041666666666667 0.028125 0.017499999999999998
2 0.68046875 0.6958333333333333 0.013125000000000001 0.017499999999999998
3 0.6890625 0.6822916666666666 0.033749999999999995 0.06749999999999999
4 0.69140625 0.684375 0.028125 0.07291666666666667
4 0.68046875 0.678125 0.013125000000000001 0.06708333333333333
5 0.6890625 0.6614583333333334 0.033749999999999995 0.1175
0 0.68515625 0.6229166666666667 0.043125 0.21
1 0.4375 0.6354166666666666 0.026250000000000002 0.02
2 0.4375 0.6385416666666667 0.026250000000000002 0.014583333333333334
2 0.4375 0.6270833333333333 0.0 0.0
3 0.4375 0.6145833333333334 0.026250000000000002 0.07
4 0.4375 0.615625 0.026250000000000002 0.07875
4 0.43515625 0.60625 0.005625 0.058333333333333334
5 0.4375 0.5927083333333333 0.026250000000000002 0.1225
0 0.43125 0.565625 0.041249999999999995 0.1875
