1 0.6818181818181818 0.9265625 0.05167464114832535 0.01875
2 0.6854066985645934 0.92734375 0.0430622009569378 0.0196875
2 0.6734449760765551 0.92578125 0.031578947368421054 0.0196875
3 0.6818181818181818 0.8984375 0.05167464114832535 0.08625
4 0.6854066985645934 0.8984375 0.0430622009569378 0.10062499999999999
4 0.6734449760765551 0.89765625 0.031578947368421054 0.09843749999999998
5 0.6818181818181818 0.87578125 0.05167464114832535 0.140625
0 0.6495215311004785 0.83515625 0.1291866028708134 0.238125
1 0.5765550239234449 0.9265625 0.045933014354066985 0.0075
2 0.5586124401913876 0.925 0.0028708133971291866 0.0
2 0.5933014354066986 0.9265625 0.005741626794258373 0.008749999999999999
3 0.5765550239234449 0.90625 0.045933014354066985 0.05625
4 0.5586124401913876 0.90390625 0.0028708133971291866 0.0590625
4 0.5921052631578947 0.90625 0.00861244019138756 0.065625
5 0.5753588516746412 0.88828125 0.04880382775119617 0.09937499999999999
0 0.569377990430622 0.86171875 0.08038277511961722 0.163125
1 0.3277511961722488 0.9125 0.05167464114832535 0.0075
2 0.3145933014354067 0.9125 0.020095693779904306 0.008749999999999999
2 0.3397129186602871 0.91328125 0.022966507177033493 0.0021874999999999998
3 0.33014354066985646 0.87890625 0.05741626794258373 0.088125
4 0.3145933014354067 0.87890625 0.020095693779904306 0.1028125
4 0.34210526315789475 0.88125 0.028708133971291867 0.091875
5 0.33014354066985646 0.85078125 0.05741626794258373 0.15562499999999999
0 0.3157894736842105 0.77734375 0.09186602870813397 0.33187500000000003
