1 0.684375 0.80625 0.06375 0.025
2 0.665625 0.7979166666666667 0.01875 0.005833333333333333
2 0.69140625 0.8135416666666667 0.046875 0.008749999999999999
3 0.684375 0.775 0.06375 0.1
4 0.675 0.76875 0.041249999999999995 0.0875
4 0.69140625 0.775 0.046875 0.11666666666666667
5 0.684375 0.740625 0.06375 0.1825
0 0.675 0.6697916666666667 0.11624999999999999 0.3525
1 0.828125 0.8270833333333333 0.06 0.025
2 0.803125 0.8375 0.0 0.0
2 0.8375 0.8270833333333333 0.0375 0.029166666666666667
3 0.82734375 0.7927083333333333 0.061875 0.1075
4 0.80234375 0.7927083333333333 0.001875 0.12541666666666665
4 0.83203125 0.7958333333333333 0.050624999999999996 0.11666666666666667
5 0.8234375 0.75625 0.07125000000000001 0.19499999999999998
0 0.81640625 0.6854166666666667 0.088125 0.365
