1 0.776 0.6693333333333333 0.1104 0.05759999999999999
2 0.813 0.6706666666666666 0.021599999999999998 0.06346666666666666
2 0.74 0.6626666666666666 0.024 0.04853333333333333
3 0.776 0.632 0.1104 0.1472
4 0.813 0.6346666666666667 0.021599999999999998 0.16426666666666664
4 0.743 0.6253333333333333 0.0312 0.15306666666666666
5 0.776 0.592 0.1104 0.2432
0 0.795 0.5146666666666667 0.156 0.42879999999999996
1 0.315 0.6946666666666667 0.1416 0.0416
2 0.354 0.688 0.048 0.029866666666666666
2 0.274 0.7013333333333334 0.043199999999999995 0.029866666666666666
3 0.312 0.6586666666666666 0.1488 0.128
4 0.345 0.652 0.0696 0.13066666666666665
4 0.271 0.668 0.0504 0.12319999999999999
5 0.308 0.6586666666666666 0.1584 0.128
0 0.3 0.6253333333333333 0.1776 0.208
