1 0.48203125 0.5819444444444445 0.050624999999999996 0.09
2 0.49609375 0.5666666666666667 0.016874999999999998 0.06222222222222222
2 0.46875 0.5958333333333333 0.01875 0.0661111111111111
3 0.47890625 0.5722222222222222 0.058124999999999996 0.11333333333333333
4 0.4953125 0.5569444444444445 0.01875 0.08944444444444444
4 0.465625 0.575 0.026250000000000002 0.12444444444444444
5 0.47265625 0.5625 0.073125 0.13666666666666666
0 0.46875 0.48055555555555557 0.10124999999999999 0.3333333333333333
1 0.36015625 0.7347222222222223 0.103125 0.08333333333333333
2 0.38984375 0.7333333333333333 0.031875 0.08555555555555555
2 0.32890625 0.7347222222222223 0.028125 0.09722222222222222
3 0.36015625 0.6666666666666666 0.103125 0.24666666666666665
4 0.38984375 0.6638888888888889 0.031875 0.27999999999999997
4 0.32890625 0.6694444444444444 0.028125 0.27999999999999997
5 0.36015625 0.6416666666666667 0.103125 0.30666666666666664
0 0.3640625 0.5375 0.1125 0.5566666666666666
