1 0.421875 0.4066820276497696 0.075 0.035944700460829496
2 0.4328125 0.4078341013824885 0.04875 0.038709677419354833
2 0.4078125 0.39631336405529954 0.041249999999999995 0.012903225806451613
3 0.421875 0.35599078341013823 0.075 0.15760368663594468
4 0.4328125 0.35714285714285715 0.04875 0.18064516129032257
4 0.4078125 0.3456221198156682 0.041249999999999995 0.15483870967741933
5 0.43046875 0.32027649769585254 0.09562499999999999 0.2433179723502304
0 0.4359375 0.22926267281105991 0.10874999999999999 0.45852534562211983
1 0.90078125 0.4066820276497696 0.076875 0.035944700460829496
2 0.9125 0.40898617511520735 0.04875 0.03548387096774193
2 0.88515625 0.39631336405529954 0.039375 0.012903225806451613
3 0.90078125 0.35253456221198154 0.076875 0.16589861751152074
4 0.90546875 0.35253456221198154 0.065625 0.1935483870967742
4 0.88515625 0.347926267281106 0.039375 0.14838709677419354
5 0.9078125 0.32373271889400923 0.09375 0.2350230414746544
0 0.91328125 0.22926267281105991 0.10687499999999998 0.45852534562211983
1 0.325 0.8029953917050692 0.24 0.16866359447004609
2 0.3953125 0.8513824884792627 0.07125000000000001 0.06129032258064516
2 0.2578125 0.7476958525345622 0.07875 0.04193548387096774
3 0.325 0.7511520737327189 0.24 0.2930875576036866
4 0.39453125 0.7511520737327189 0.073125 0.34193548387096767
5 0.33984375 0.7511520737327189 0.275625 0.2930875576036866
0 0.33984375 0.6693548387096774 0.275625 0.4894009216589862
1 0.80703125 0.8006912442396313 0.253125 0.16866359447004609
2 0.88359375 0.8410138248847926 0.06937499999999999 0.08387096774193548
2 0.7390625 0.7476958525345622 0.09 0.04838709677419355
3 0.80703125 0.7488479262672811 0.253125 0.2930875576036866
4 0.88125 0.7488479262672811 0.075 0.34193548387096767
4 0.740625 0.7442396313364056 0.09375 0.058064516129032254
5 0.82109375 0.7488479262672811 0.286875 0.2930875576036866
0 0.82109375 0.6682027649769585 0.286875 0.4866359447004608
