1 0.3 0.43427230046948356 0.18375 0.10704225352112677
2 0.3609375 0.46830985915492956 0.0375 0.029577464788732393
2 0.228125 0.41784037558685444 0.01125 0.07887323943661971
3 0.3 0.4096244131455399 0.18375 0.16619718309859155
4 0.3609375 0.41431924882629106 0.0375 0.1807511737089202
4 0.25078125 0.3931924882629108 0.065625 0.14788732394366194
5 0.3 0.3720657276995305 0.18375 0.2563380281690141
0 0.325 0.3028169014084507 0.24375 0.4225352112676056
1 0.47265625 0.7511737089201878 0.09937499999999999 0.07887323943661972
2 0.49140625 0.7288732394366197 0.05437499999999999 0.029577464788732393
2 0.453125 0.7676056338028169 0.052500000000000005 0.0460093896713615
3 0.47265625 0.7018779342723005 0.09937499999999999 0.19718309859154928
4 0.49140625 0.6795774647887324 0.05437499999999999 0.16760563380281687
4 0.45625 0.7183098591549296 0.06 0.184037558685446
5 0.47265625 0.6690140845070423 0.09937499999999999 0.276056338028169
0 0.48203125 0.5727699530516432 0.121875 0.5070422535211268
