1 0.5489583333333333 0.7921875 0.1075 0.07875
2 0.5760416666666667 0.8125 0.042499999999999996 0.034999999999999996
2 0.5270833333333333 0.77890625 0.055 0.0546875
3 0.5489583333333333 0.7546875 0.1075 0.16875
4 0.5760416666666667 0.7671875 0.042499999999999996 0.161875
4 0.5270833333333333 0.74140625 0.055 0.15968749999999998
5 0.5572916666666666 0.7203125 0.1275 0.25125
0 0.5822916666666667 0.61640625 0.21749999999999997 0.500625
1 0.41875 0.56875 0.07 0.04875
2 0.39791666666666664 0.559375 0.02 0.030624999999999996
2 0.4479166666666667 0.5890625 0.0 0.0
3 0.428125 0.55234375 0.0925 0.088125
4 0.40625 0.54296875 0.04 0.0765625
4 0.45729166666666665 0.5609375 0.0225 0.07875
5 0.428125 0.5359375 0.0925 0.1275
0 0.44583333333333336 0.48515625 0.13499999999999998 0.24937499999999999
