1 0.6421875 0.9351415094339622 0.12375 0.04245283018867924
2 0.67265625 0.9339622641509434 0.050624999999999996 0.04622641509433962
2 0.6140625 0.9375 0.05625 0.04292452830188679
3 0.64375 0.8584905660377359 0.1275 0.22641509433962265
4 0.67421875 0.8573113207547169 0.05437499999999999 0.26084905660377355
4 0.6140625 0.8620283018867925 0.05625 0.2542452830188679
5 0.64375 0.7889150943396226 0.1275 0.3933962264150943
0 0.64375 0.6273584905660378 0.1275 0.7452830188679245
1 0.37578125 0.9410377358490566 0.125625 0.022641509433962263
2 0.409375 0.9398584905660378 0.045 0.02311320754716981
2 0.3375 0.9445754716981132 0.033749999999999995 0.01650943396226415
3 0.37578125 0.8702830188679245 0.125625 0.19245283018867923
4 0.409375 0.8702830188679245 0.045 0.21792452830188677
4 0.33828125 0.8702830188679245 0.035625000000000004 0.22452830188679243
5 0.37578125 0.7959905660377359 0.125625 0.37075471698113205
0 0.37578125 0.6568396226415094 0.125625 0.6863207547169812
