1 0.49140625 0.8182897862232779 0.043125 0.04275534441805225
2 0.50703125 0.8171021377672208 0.005625 0.04655581947743467
2 0.4765625 0.8218527315914489 0.0075 0.03990498812351543
3 0.49375 0.7838479809976246 0.04875 0.12541567695961994
4 0.509375 0.7826603325415677 0.01125 0.14299287410926365
4 0.4765625 0.7838479809976246 0.0075 0.14631828978622327
5 0.49375 0.7434679334916865 0.04875 0.22232779097387173
0 0.48359375 0.667458432304038 0.080625 0.40475059382422807
1 0.553125 0.8135391923990499 0.05625 0.025653206650831352
2 0.56328125 0.8135391923990499 0.031875 0.029928741092636577
2 0.540625 0.8123515439429929 0.026250000000000002 0.02660332541567696
3 0.553125 0.7767220902612827 0.05625 0.11401425178147269
4 0.56328125 0.7767220902612827 0.031875 0.1330166270783848
4 0.540625 0.7802850356294537 0.026250000000000002 0.1163895486935867
5 0.553125 0.7446555819477435 0.05625 0.19097387173396674
0 0.57421875 0.663895486935867 0.10687499999999998 0.3847980997624703
