1 0.5421875 0.18009478672985782 0.0225 0.015165876777251184
2 0.54375 0.18088467614533965 0.01875 0.015481832543443916
2 0.53359375 0.179304897314376 0.001875 0.015481832543443916
3 0.54296875 0.1627172195892575 0.024375 0.05687203791469194
4 0.54453125 0.1627172195892575 0.020624999999999998 0.06635071090047394
4 0.53359375 0.16192733017377567 0.001875 0.0641390205371248
5 0.54296875 0.15402843601895735 0.024375 0.07772511848341232
0 0.5421875 0.14454976303317535 0.052500000000000005 0.1004739336492891
1 0.440625 0.353870458135861 0.645 0.390521327014218
2 0.47109375 0.35071090047393366 0.571875 0.4467614533965244
2 0.43515625 0.353870458135861 0.631875 0.455608214849921
3 0.44453125 0.33649289099526064 0.654375 0.43222748815165873
4 0.475 0.3341232227488152 0.58125 0.49320695102685624
4 0.4390625 0.33649289099526064 0.64125 0.5042654028436019
5 0.45078125 0.33649289099526064 0.6693749999999999 0.43222748815165873
0 0.45234375 0.32148499210110587 0.673125 0.4682464454976303
1 0.20390625 0.5118483412322274 0.080625 0.018957345971563982
2 0.2328125 0.5110584518167457 0.01125 0.01990521327014218
2 0.17734375 0.5118483412322274 0.016874999999999998 0.022116903633491312
3 0.2046875 0.49921011058451814 0.08249999999999999 0.049289099526066346
4 0.23359375 0.49842022116903634 0.013125000000000001 0.05529225908372828
4 0.1859375 0.5007898894154819 0.0375 0.05308056872037914
5 0.20703125 0.4921011058451817 0.088125 0.06635071090047394
0 0.2125 0.476303317535545 0.10124999999999999 0.10426540284360189
