1 0.5864978902953587 0.65078125 0.06075949367088607 0.046875
2 0.5875527426160337 0.66015625 0.05822784810126582 0.028437499999999998
2 0.5791139240506329 0.63671875 0.043037974683544304 0.015312499999999998
3 0.5864978902953587 0.6140625 0.06075949367088607 0.13499999999999998
4 0.5875527426160337 0.6140625 0.05822784810126582 0.1575
4 0.5791139240506329 0.6046875 0.043037974683544304 0.10499999999999998
5 0.5938818565400844 0.57578125 0.07848101265822784 0.226875
0 0.5611814345991561 0.51171875 0.15696202531645567 0.380625
1 0.3270042194092827 0.5765625 0.10126582278481013 0.01875
2 0.3618143459915612 0.5765625 0.017721518987341773 0.017499999999999998
2 0.29324894514767935 0.5765625 0.020253164556962026 0.021875
3 0.3270042194092827 0.55 0.10126582278481013 0.08249999999999999
4 0.3618143459915612 0.54921875 0.017721518987341773 0.0940625
4 0.29430379746835444 0.55390625 0.022784810126582275 0.08531249999999999
5 0.3270042194092827 0.53828125 0.10126582278481013 0.110625
0 0.3270042194092827 0.5046875 0.10126582278481013 0.19124999999999998
1 0.2510548523206751 0.559375 0.21772151898734177 0.015
2 0.3322784810126582 0.56015625 0.022784810126582275 0.015312499999999998
2 0.16877637130801687 0.559375 0.020253164556962026 0.017499999999999998
3 0.2510548523206751 0.5359375 0.21772151898734177 0.07125000000000001
4 0.3227848101265823 0.53828125 0.04556962025316455 0.0765625
4 0.18248945147679324 0.5359375 0.053164556962025315 0.08312499999999999
5 0.2510548523206751 0.51953125 0.21772151898734177 0.110625
0 0.2510548523206751 0.48984375 0.21772151898734177 0.18187499999999998
