1 0.1703125 0.9498956158663883 0.1275 0.045093945720250515
2 0.2 0.9373695198329853 0.05625 0.01753653444676409
2 0.134375 0.9572025052192067 0.041249999999999995 0.032150313152400835
3 0.1703125 0.884133611691023 0.1275 0.20292275574112736
4 0.2 0.872651356993737 0.05625 0.19874739039665967
4 0.14296875 0.884133611691023 0.061875 0.23173277661795408
5 0.1734375 0.8110647181628392 0.13499999999999998 0.3778705636743215
0 0.21875 0.6743215031315241 0.24375 0.651356993736952
1 0.70703125 0.8987473903966597 0.159375 0.05762004175365344
2 0.7671875 0.884133611691023 0.015 0.014613778705636743
2 0.65625 0.8987473903966597 0.0375 0.06722338204592901
3 0.70703125 0.826722338204593 0.159375 0.23048016701461377
4 0.7671875 0.8110647181628392 0.015 0.21920668058455114
4 0.65703125 0.826722338204593 0.039375 0.26889352818371604
5 0.70703125 0.7588726513569938 0.159375 0.3933194154488518
0 0.69453125 0.6148225469728601 0.189375 0.7390396659707724
