1 0.78125 0.8594847775175644 0.15375 0.10679156908665105
2 0.8234375 0.8934426229508197 0.052500000000000005 0.029508196721311476
2 0.734375 0.8442622950819673 0.041249999999999995 0.08196721311475409
3 0.78125 0.7927400468384075 0.15375 0.26697892271662765
4 0.82109375 0.8138173302107728 0.058124999999999996 0.2524590163934426
4 0.734375 0.7775175644028103 0.041249999999999995 0.26885245901639343
5 0.78046875 0.7365339578454333 0.15562499999999999 0.4018735362997658
0 0.73671875 0.585480093676815 0.279375 0.7644028103044496
1 0.04921875 0.8548009367681498 0.084375 0.23044496487119437
2 0.02890625 0.8079625292740047 0.028125 0.13770491803278687
2 0.04921875 0.9379391100702577 0.084375 0.0360655737704918
3 0.0875 0.8501170960187353 0.175 0.24168618266978922
4 0.0890625 0.8032786885245902 0.1725 0.15081967213114753
4 0.059375 0.8548009367681498 0.10874999999999999 0.26885245901639343
5 0.0875 0.7564402810304449 0.175 0.4665105386416862
0 0.090625 0.6206088992974239 0.18125 0.7587822014051522
1 0.50625 0.8594847775175644 0.0975 0.11241217798594848
2 0.52421875 0.882903981264637 0.05437499999999999 0.06557377049180328
2 0.47421875 0.8489461358313818 0.020624999999999998 0.10163934426229508
3 0.50625 0.8067915690866511 0.0975 0.2388758782201405
4 0.52421875 0.8231850117096019 0.05437499999999999 0.23278688524590163
4 0.49921875 0.7962529274004684 0.080625 0.24918032786885244
5 0.5109375 0.7447306791569087 0.10874999999999999 0.3878220140515222
0 0.54140625 0.5807962529274004 0.18187499999999998 0.7812646370023418
1 0.24140625 0.7154566744730679 0.125625 0.0702576112412178
2 0.21484375 0.7189695550351288 0.061875 0.0721311475409836
2 0.2734375 0.7096018735362998 0.04875 0.06557377049180328
3 0.24140625 0.6475409836065574 0.125625 0.2332552693208431
4 0.21796875 0.6651053864168618 0.06937499999999999 0.22295081967213112
4 0.2734375 0.6416861826697893 0.04875 0.25573770491803277
5 0.24140625 0.6018735362997658 0.125625 0.34285714285714286
0 0.259375 0.4707259953161593 0.16875 0.6576112412177986
