1 0.3953125 0.8174807197943444 0.10500000000000001 0.03701799485861182
2 0.43125 0.8149100257069408 0.01875 0.03598971722365039
2 0.3609375 0.8213367609254498 0.0225 0.032390745501285345
3 0.3953125 0.7455012853470437 0.10500000000000001 0.20976863753213365
4 0.43125 0.7429305912596401 0.01875 0.23753213367609252
4 0.3609375 0.7493573264781491 0.0225 0.23393316195372751
5 0.3953125 0.6709511568123393 0.10500000000000001 0.38868894601542414
0 0.3875 0.5051413881748072 0.23249999999999998 0.7866323907455013
1 0.61171875 0.7583547557840618 0.110625 0.0493573264781491
2 0.65 0.7699228791773779 0.01875 0.025192802056555268
2 0.57109375 0.7506426735218509 0.013125000000000001 0.03598971722365039
3 0.61171875 0.7043701799485861 0.110625 0.17892030848329046
4 0.646875 0.7069408740359897 0.026250000000000002 0.20154241645244214
4 0.57265625 0.6966580976863753 0.016874999999999998 0.187146529562982
5 0.61171875 0.6388174807197944 0.110625 0.3362467866323907
0 0.61875 0.512853470437018 0.16875 0.6385604113110539
