1 0.51015625 0.9309133489461359 0.043125 0.0702576112412178
2 0.51953125 0.9402810304449649 0.020624999999999998 0.0360655737704918
2 0.5 0.9309133489461359 0.01875 0.08196721311475409
3 0.51015625 0.8957845433255269 0.043125 0.15456674473067916
4 0.51953125 0.8946135831381733 0.020624999999999998 0.16393442622950818
4 0.5 0.8957845433255269 0.01875 0.18032786885245902
5 0.51484375 0.8571428571428571 0.05437499999999999 0.24730679156908664
0 0.52890625 0.7716627634660421 0.136875 0.4524590163934426
1 0.55703125 0.9121779859484778 0.043125 0.0477751756440281
2 0.57109375 0.9039812646370023 0.009375 0.03278688524590164
2 0.5453125 0.9168618266978923 0.015 0.04262295081967213
3 0.55703125 0.8793911007025761 0.043125 0.12646370023419204
4 0.57109375 0.8711943793911007 0.009375 0.12459016393442622
4 0.5453125 0.882903981264637 0.015 0.13770491803278687
5 0.55859375 0.8384074941451991 0.046875 0.22482435597189696
0 0.59609375 0.765807962529274 0.136875 0.3990632318501171
