1 0.83671875 0.49125 0.088125 0.015
2 0.8125 0.49125 0.03 0.0175
2 0.859375 0.49125 0.033749999999999995 0.010499999999999999
3 0.8359375 0.4475 0.09 0.12
4 0.81171875 0.4475 0.031875 0.14
4 0.85390625 0.45 0.046875 0.126
5 0.8359375 0.415 0.09 0.198
0 0.81171875 0.34125 0.148125 0.375
1 0.5015625 0.79875 0.06 0.105
2 0.5015625 0.82125 0.06 0.05949999999999999
2 0.50625 0.755 0.0 0.0
0 0.5015625 0.79875 0.06 0.105
1 0.25546875 0.45375 0.140625 0.039
2 0.2984375 0.44875 0.0375 0.0315
2 0.21796875 0.455 0.050624999999999996 0.041999999999999996
3 0.23671875 0.4 0.18562499999999998 0.168
4 0.2671875 0.3975 0.1125 0.175
4 0.19921875 0.4 0.09562499999999999 0.19599999999999998
5 0.23671875 0.35625 0.18562499999999998 0.273
0 0.2140625 0.28 0.24 0.456
