1 0.36015625 0.8197916666666667 0.24937499999999999 0.057499999999999996
2 0.421875 0.8208333333333333 0.10124999999999999 0.06416666666666666
2 0.275 0.8197916666666667 0.045 0.06708333333333333
3 0.36015625 0.7145833333333333 0.24937499999999999 0.30999999999999994
4 0.421875 0.7145833333333333 0.10124999999999999 0.36166666666666664
4 0.275 0.715625 0.045 0.35874999999999996
5 0.36015625 0.66875 0.24937499999999999 0.42
0 0.33984375 0.5385416666666667 0.31687499999999996 0.7324999999999999
1 0.71328125 0.8395833333333333 0.230625 0.055
2 0.79375 0.8416666666666667 0.0375 0.058333333333333334
2 0.6359375 0.8354166666666667 0.045 0.0525
3 0.71328125 0.7416666666666667 0.230625 0.29
4 0.79375 0.7489583333333333 0.0375 0.3179166666666667
4 0.6359375 0.7375 0.045 0.3266666666666666
5 0.71328125 0.7041666666666667 0.230625 0.38
0 0.71484375 0.5635416666666667 0.256875 0.7174999999999999
