1 0.1625 0.8546168958742633 0.10124999999999999 0.04243614931237721
2 0.18984375 0.8487229862475442 0.035625000000000004 0.033005893909626716
2 0.128125 0.8585461689587426 0.01875 0.038506876227897835
3 0.1625 0.7996070726915521 0.10124999999999999 0.17445972495088408
4 0.18984375 0.793713163064833 0.035625000000000004 0.18703339882121806
4 0.13203125 0.8015717092337917 0.028125 0.19803536345776032
5 0.1625 0.7278978388998035 0.10124999999999999 0.34656188605108057
0 0.1609375 0.6149312377210217 0.15 0.6176817288801572
1 0.26015625 0.825147347740668 0.046875 0.0518664047151277
2 0.27109375 0.8202357563850687 0.020624999999999998 0.046758349705304514
2 0.2515625 0.8290766208251473 0.026250000000000002 0.04950884086444008
3 0.26015625 0.7721021611001965 0.046875 0.17917485265225933
4 0.27109375 0.769155206286837 0.020624999999999998 0.18978388998035362
4 0.2515625 0.7721021611001965 0.026250000000000002 0.20903732809430253
5 0.26484375 0.7269155206286837 0.058124999999999996 0.28762278978389
0 0.26015625 0.6090373280943026 0.114375 0.5705304518664047
1 0.34140625 0.8418467583497053 0.09937499999999999 0.04479371316306483
2 0.37109375 0.8388998035363457 0.028125 0.044007858546168954
2 0.3125 0.8418467583497053 0.03 0.05225933202357563
3 0.34140625 0.7721021611001965 0.09937499999999999 0.21218074656188604
4 0.37109375 0.769155206286837 0.028125 0.23929273084479372
4 0.3125 0.7730844793713163 0.03 0.24479371316306484
5 0.34140625 0.7141453831041258 0.09937499999999999 0.35127701375245574
0 0.34609375 0.593320235756385 0.110625 0.6412573673870333
1 0.42734375 0.8526522593320236 0.061875 0.047151277013752456
2 0.4359375 0.843811394891945 0.041249999999999995 0.030255402750491156
2 0.421875 0.8575638506876228 0.04875 0.0412573673870334
3 0.42734375 0.7848722986247544 0.061875 0.20982318271119843
4 0.4359375 0.7760314341846758 0.041249999999999995 0.2200392927308448
4 0.421875 0.7848722986247544 0.04875 0.24479371316306484
5 0.42734375 0.7190569744597249 0.061875 0.36777996070726915
0 0.4265625 0.6159135559921415 0.12 0.6153241650294695
1 0.51328125 0.8516699410609038 0.103125 0.03536345776031434
2 0.5484375 0.8536345776031434 0.01875 0.035756385068762275
2 0.48984375 0.849705304518664 0.046875 0.035756385068762275
3 0.51328125 0.7888015717092338 0.103125 0.18624754420432219
4 0.54609375 0.7888015717092338 0.024375 0.2172888015717092
4 0.48984375 0.787819253438114 0.046875 0.20903732809430253
5 0.51328125 0.7131630648330058 0.103125 0.36777996070726915
0 0.51171875 0.6070726915520629 0.10687499999999998 0.6223968565815324
1 0.60625 0.8703339882121808 0.05625 0.03300589390962672
2 0.621875 0.8703339882121808 0.01875 0.038506876227897835
2 0.59453125 0.8703339882121808 0.028125 0.033005893909626716
3 0.60625 0.8025540275049116 0.05625 0.19567779960707268
4 0.621875 0.8025540275049116 0.01875 0.22829076620825145
4 0.59453125 0.8025540275049116 0.028125 0.22278978388998033
5 0.60859375 0.7465618860510805 0.06937499999999999 0.3300589390962672
0 0.609375 0.6335952848722987 0.10500000000000001 0.6011787819253438
1 0.7046875 0.8644400785854617 0.12 0.047151277013752456
2 0.7453125 0.8703339882121808 0.0225 0.038506876227897835
2 0.67734375 0.8565815324165029 0.05437499999999999 0.033005893909626716
3 0.7046875 0.793713163064833 0.12 0.2168958742632613
4 0.74453125 0.793713163064833 0.024375 0.2530451866404715
4 0.67734375 0.7966601178781926 0.05437499999999999 0.20078585461689585
5 0.7046875 0.7131630648330058 0.12 0.4102161100196463
0 0.70234375 0.5982318271119843 0.148125 0.6860510805500982
