1 0.1640625 0.6375 0.19874999999999998 0.11999999999999998
2 0.09921875 0.596875 0.043125 0.02625
2 0.2203125 0.6822916666666666 0.06375 0.014583333333333334
3 0.1640625 0.5979166666666667 0.19874999999999998 0.215
4 0.10078125 0.5572916666666666 0.046875 0.13708333333333333
4 0.2203125 0.6229166666666667 0.06375 0.18083333333333332
5 0.1640625 0.55625 0.19874999999999998 0.315
0 0.1640625 0.5010416666666667 0.19874999999999998 0.44749999999999995
1 0.66171875 0.6291666666666667 0.26437499999999997 0.045
2 0.56171875 0.6354166666666666 0.024375 0.034999999999999996
2 0.76171875 0.6229166666666667 0.024375 0.034999999999999996
3 0.66171875 0.5864583333333333 0.26437499999999997 0.1475
4 0.57890625 0.5895833333333333 0.065625 0.1633333333333333
4 0.75234375 0.5802083333333333 0.046875 0.15458333333333332
5 0.66171875 0.5447916666666667 0.26437499999999997 0.2475
0 0.66171875 0.44166666666666665 0.26437499999999997 0.495
1 0.2796875 0.596875 0.09 0.07749999999999999
2 0.2546875 0.5770833333333333 0.03 0.034999999999999996
2 0.29453125 0.615625 0.05437499999999999 0.03791666666666667
3 0.3046875 0.5604166666666667 0.15 0.165
4 0.26875 0.540625 0.06375 0.13708333333333333
4 0.31953125 0.578125 0.114375 0.14291666666666666
5 0.3 0.5604166666666667 0.16125 0.165
0 0.3 0.490625 0.16125 0.33249999999999996
