1 0.5453125 0.7154566744730679 0.045 0.019672131147540985
2 0.5453125 0.7154566744730679 0.045 0.022950819672131147
2 0.534375 0.7072599531615925 0.0 0.0
3 0.5453125 0.6651053864168618 0.045 0.1405152224824356
4 0.5453125 0.6651053864168618 0.045 0.16393442622950818
4 0.53671875 0.6592505854800936 0.005625 0.13442622950819672
5 0.56015625 0.6323185011709602 0.080625 0.21920374707259951
0 0.56015625 0.5550351288056206 0.080625 0.4046838407494145
1 0.1984375 0.8220140515222483 0.041249999999999995 0.0
2 0.215625 0.8220140515222483 0.0 0.0
2 0.18125 0.8220140515222483 0.0 0.0
3 0.19765625 0.7903981264637002 0.05437499999999999 0.07587822014051522
4 0.21796875 0.8032786885245902 0.005625 0.05245901639344262
4 0.178125 0.7903981264637002 0.0075 0.08852459016393442
5 0.19765625 0.7903981264637002 0.05437499999999999 0.07587822014051522
0 0.1890625 0.7576112412177985 0.075 0.15456674473067916
