1 0.44296875 0.896875 0.035625000000000004 0.0175
2 0.43125 0.8947916666666667 0.0075 0.014583333333333334
2 0.4546875 0.8979166666666667 0.0075 0.017499999999999998
3 0.44296875 0.8739583333333333 0.035625000000000004 0.0725
4 0.43203125 0.871875 0.009375 0.07875
4 0.4546875 0.8739583333333333 0.0075 0.08458333333333332
5 0.44296875 0.8541666666666666 0.035625000000000004 0.11999999999999998
0 0.44921875 0.8145833333333333 0.05437499999999999 0.215
1 0.06875 0.6885416666666667 0.01875 0.007499999999999999
2 0.06171875 0.6895833333333333 0.001875 0.005833333333333333
2 0.075 0.6875 0.00375 0.005833333333333333
3 0.06875 0.6729166666666667 0.01875 0.045
4 0.06171875 0.6729166666666667 0.001875 0.0525
4 0.075 0.671875 0.00375 0.049583333333333326
5 0.06875 0.65625 0.01875 0.08499999999999999
0 0.07109375 0.6260416666666667 0.05437499999999999 0.1575
1 0.109375 0.6833333333333333 0.0225 0.01
2 0.1015625 0.6833333333333333 0.00375 0.011666666666666665
2 0.11796875 0.68125 0.001875 0.005833333333333333
3 0.109375 0.6677083333333333 0.0225 0.0475
4 0.1015625 0.66875 0.00375 0.0525
4 0.11796875 0.665625 0.001875 0.049583333333333326
5 0.1078125 0.6479166666666667 0.026250000000000002 0.095
0 0.11015625 0.6239583333333333 0.035625000000000004 0.1525
