1 0.7825 0.9390625 0.132 0.07875
2 0.7525 0.9390625 0.06 0.091875
2 0.82875 0.92734375 0.021 0.041562499999999995
3 0.78125 0.86484375 0.135 0.256875
4 0.75125 0.86796875 0.063 0.2640625
4 0.82875 0.85 0.021 0.258125
5 0.7875 0.79453125 0.174 0.4109375
0 0.74125 0.6671875 0.5175 0.665625
1 0.42875 0.8046875 0.18899999999999997 0.015
2 0.37 0.80546875 0.048 0.015312499999999998
2 0.48875 0.803125 0.045 0.013124999999999998
3 0.42875 0.7484375 0.18899999999999997 0.15
4 0.37 0.7484375 0.048 0.175
4 0.48875 0.746875 0.045 0.17062499999999997
5 0.42875 0.6984375 0.18899999999999997 0.26999999999999996
0 0.4025 0.6 0.324 0.50625
