1 0.1546875 0.5591647331786543 0.06 0.07238979118329467
2 0.14765625 0.5788863109048724 0.043125 0.029234338747099766
2 0.17109375 0.5382830626450116 0.020624999999999998 0.025986078886310902
3 0.1546875 0.5290023201856149 0.06 0.14477958236658933
4 0.14765625 0.5336426914153132 0.043125 0.1559164733178654
4 0.17109375 0.5081206496519721 0.020624999999999998 0.11044083526682133
5 0.1546875 0.4756380510440835 0.06 0.2728538283062645
0 0.14453125 0.382830626450116 0.084375 0.4955916473317865
1 0.49375 0.4953596287703016 0.04875 0.01948955916473318
2 0.503125 0.4953596287703016 0.026250000000000002 0.02273781902552204
2 0.4796875 0.4953596287703016 0.015 0.02273781902552204
3 0.49375 0.4605568445475638 0.04875 0.10301624129930394
4 0.503125 0.4617169373549884 0.026250000000000002 0.11693735498839906
4 0.4796875 0.4605568445475638 0.015 0.12018561484918792
5 0.49375 0.42691415313225056 0.04875 0.18375870069605568
0 0.50390625 0.351508120649652 0.091875 0.36473317865429233
1 0.6015625 0.46635730858468677 0.04875 0.01670533642691415
2 0.6171875 0.46867749419953597 0.01125 0.012993039443155451
2 0.58671875 0.46635730858468677 0.013125000000000001 0.019489559164733175
3 0.60546875 0.4361948955916473 0.058124999999999996 0.08909512761020881
4 0.62109375 0.4385150812064965 0.020624999999999998 0.09744779582366589
4 0.59140625 0.4361948955916473 0.024375 0.10394431554524361
5 0.60703125 0.40835266821345706 0.061875 0.15591647331786543
0 0.61796875 0.3422273781902552 0.088125 0.3146171693735499
