1 0.37058823529411766 0.5375 0.24564705882352939 0.07875
2 0.44588235294117645 0.5375 0.06494117647058822 0.091875
2 0.3211764705882353 0.546875 0.12705882352941175 0.05249999999999999
3 0.3270588235294118 0.453125 0.3501176470588235 0.28125
4 0.4388235294117647 0.453125 0.08188235294117646 0.328125
4 0.2776470588235294 0.47421875 0.23152941176470587 0.2559375
5 0.3305882352941176 0.453125 0.35858823529411765 0.28125
0 0.38235294117647056 0.33203125 0.5844705882352941 0.571875
1 0.5305882352941177 0.928125 0.34164705882352936 0.14375
2 0.4152941176470588 0.9265625 0.06494117647058822 0.146875
2 0.6329411764705882 0.9296875 0.09599999999999999 0.140625
0 0.5305882352941177 0.928125 0.34164705882352936 0.14375
