1 0.228 0.701780415430267 0.028799999999999996 0.010682492581602372
2 0.236 0.701780415430267 0.0096 0.012462908011869434
2 0.223 0.701780415430267 0.016800000000000002 0.012462908011869434
3 0.228 0.6661721068249258 0.028799999999999996 0.09614243323442136
4 0.236 0.6661721068249258 0.0096 0.11216617210682492
4 0.224 0.6661721068249258 0.0192 0.11216617210682492
5 0.23 0.6379821958456974 0.033600000000000005 0.16379821958456972
0 0.235 0.5786350148367952 0.0552 0.3062314540059347
1 0.433 0.7077151335311572 0.09839999999999999 0.017804154302670624
2 0.467 0.7077151335311572 0.016800000000000002 0.020771513353115726
2 0.401 0.7077151335311572 0.021599999999999998 0.020771513353115726
3 0.433 0.6617210682492581 0.09839999999999999 0.12818991097922847
4 0.467 0.6617210682492581 0.016800000000000002 0.14955489614243322
4 0.413 0.6632047477744807 0.0504 0.14540059347181009
5 0.438 0.6335311572700296 0.1104 0.19584569732937684
0 0.427 0.5712166172106825 0.13679999999999998 0.34540059347181007
1 0.779 0.8679525222551929 0.0648 0.03204747774480712
2 0.772 0.870919881305638 0.048 0.029080118694362014
2 0.804 0.8605341246290801 0.0048 0.01661721068249258
3 0.779 0.8160237388724035 0.0648 0.1566765578635015
4 0.772 0.8160237388724035 0.048 0.1827893175074184
4 0.793 0.8115727002967359 0.0312 0.15370919881305636
5 0.782 0.7833827893175074 0.072 0.23501483679525223
0 0.769 0.728486646884273 0.1032 0.3667655786350148
