1 0.63203125 0.7962529274004684 0.028125 0.05620608899297424
2 0.628125 0.797423887587822 0.01875 0.06229508196721311
2 0.64375 0.7728337236533958 0.0 0.0
3 0.628125 0.7482435597189696 0.041249999999999995 0.17142857142857143
4 0.6234375 0.7517564402810304 0.03 0.19016393442622948
4 0.64453125 0.724824355971897 0.001875 0.13442622950819672
5 0.6328125 0.7049180327868853 0.052500000000000005 0.27540983606557373
0 0.62265625 0.5819672131147541 0.10687499999999998 0.5704918032786885
1 0.44296875 0.7927400468384075 0.058124999999999996 0.08149882903981263
2 0.42734375 0.7716627634660421 0.020624999999999998 0.0360655737704918
2 0.459375 0.810304449648712 0.01875 0.04590163934426229
3 0.446875 0.7423887587822015 0.06749999999999999 0.20234192037470725
4 0.42734375 0.7213114754098361 0.020624999999999998 0.17704918032786884
4 0.46328125 0.7423887587822015 0.028125 0.2360655737704918
5 0.4515625 0.6873536299765808 0.07875 0.33442622950819667
0 0.46953125 0.5807962529274004 0.121875 0.5901639344262295
