1 0.28203125 0.7952646239554317 0.091875 0.06350974930362117
2 0.30625 0.7883008356545961 0.033749999999999995 0.054596100278551524
2 0.25390625 0.7994428969359332 0.024375 0.06239554317548746
3 0.28203125 0.733983286908078 0.091875 0.2105849582172702
4 0.30625 0.7325905292479109 0.033749999999999995 0.2105849582172702
4 0.25859375 0.733983286908078 0.035625000000000004 0.24568245125348187
5 0.28203125 0.6559888579387186 0.091875 0.39777158774373256
0 0.29296875 0.532033426183844 0.159375 0.6952646239554318
1 0.48515625 0.7771587743732591 0.06937499999999999 0.06685236768802229
2 0.50703125 0.7785515320334262 0.016874999999999998 0.07409470752089135
2 0.46328125 0.775766016713092 0.016874999999999998 0.07409470752089135
3 0.48515625 0.7033426183844012 0.06937499999999999 0.24401114206128133
4 0.50703125 0.7089136490250696 0.016874999999999998 0.2690807799442897
4 0.46328125 0.7019498607242339 0.016874999999999998 0.2807799442896936
5 0.48828125 0.6253481894150418 0.076875 0.4311977715877437
0 0.49375 0.49025069637883006 0.1125 0.7554317548746518
1 0.640625 0.8314763231197771 0.10874999999999999 0.08356545961002786
2 0.6765625 0.8356545961002786 0.0225 0.08579387186629525
2 0.6140625 0.8245125348189415 0.045 0.07799442896935933
3 0.640625 0.7646239554317549 0.10874999999999999 0.24401114206128133
4 0.6765625 0.7646239554317549 0.0225 0.2846796657381615
4 0.6171875 0.7646239554317549 0.052500000000000005 0.24568245125348187
5 0.640625 0.6991643454038997 0.10874999999999999 0.4011142061281337
0 0.6625 0.5766016713091922 0.16125 0.6952646239554318
