1 0.57109375 0.7652582159624414 0.103125 0.04507042253521126
2 0.540625 0.7605633802816901 0.03 0.039436619718309855
2 0.60546875 0.7758215962441315 0.020624999999999998 0.02300469483568075
3 0.57109375 0.7265258215962441 0.103125 0.1380281690140845
4 0.5453125 0.7276995305164319 0.041249999999999995 0.13145539906103287
4 0.60546875 0.7265258215962441 0.020624999999999998 0.16103286384976526
5 0.57109375 0.6807511737089202 0.103125 0.24788732394366195
0 0.578125 0.5985915492957746 0.12 0.44507042253521123
1 0.68828125 0.7946009389671361 0.031875 0.059154929577464786
2 0.6875 0.7946009389671361 0.03 0.06901408450704224
2 0.69609375 0.8169014084507042 0.013125000000000001 0.006572769953051643
3 0.6875 0.755868544600939 0.045 0.15211267605633802
4 0.684375 0.755868544600939 0.0375 0.17746478873239435
4 0.6984375 0.7640845070422535 0.01875 0.1544600938967136
5 0.69296875 0.7147887323943662 0.058124999999999996 0.2507042253521127
0 0.696875 0.6291079812206573 0.1125 0.4563380281690141
1 0.4234375 0.7183098591549296 0.04875 0.03380281690140845
2 0.42734375 0.7194835680751174 0.039375 0.03615023474178403
2 0.41484375 0.7171361502347418 0.028125 0.03615023474178403
3 0.4234375 0.681924882629108 0.04875 0.12112676056338029
4 0.42734375 0.681924882629108 0.039375 0.14131455399061033
4 0.41484375 0.681924882629108 0.028125 0.13474178403755868
5 0.42578125 0.6455399061032864 0.05437499999999999 0.2084507042253521
0 0.421875 0.57981220657277 0.06375 0.36619718309859156
