1 0.8453125 0.64296875 0.10124999999999999 0.05437499999999999
2 0.87421875 0.6609375 0.031875 0.013124999999999998
2 0.81015625 0.6421875 0.016874999999999998 0.06124999999999999
3 0.8453125 0.6203125 0.10124999999999999 0.10874999999999999
4 0.87421875 0.62265625 0.031875 0.1203125
4 0.8203125 0.61953125 0.041249999999999995 0.12468749999999999
5 0.8453125 0.58359375 0.10124999999999999 0.196875
0 0.853125 0.5234375 0.12 0.34125
1 0.384375 0.56953125 0.075 0.009375
2 0.353125 0.565625 0.0 0.0
2 0.41171875 0.571875 0.009375 0.0043749999999999995
3 0.384375 0.559375 0.075 0.033749999999999995
4 0.35859375 0.55546875 0.013125000000000001 0.028437499999999998
4 0.40390625 0.559375 0.028125 0.039375
5 0.384375 0.546875 0.075 0.06375
0 0.384375 0.528125 0.075 0.10874999999999999
