1 0.11328125 0.7354166666666667 0.080625 0.09
2 0.09375 0.703125 0.033749999999999995 0.014583333333333334
2 0.1296875 0.765625 0.041249999999999995 0.020416666666666663
3 0.1203125 0.6916666666666667 0.0975 0.19499999999999998
4 0.09765625 0.659375 0.043125 0.13708333333333333
4 0.13671875 0.7239583333333334 0.058124999999999996 0.13708333333333333
5 0.1125 0.6916666666666667 0.11624999999999999 0.19499999999999998
0 0.12421875 0.6520833333333333 0.148125 0.29
1 0.2109375 0.715625 0.052500000000000005 0.057499999999999996
2 0.20234375 0.6927083333333334 0.031875 0.0029166666666666664
2 0.21640625 0.7270833333333333 0.039375 0.034999999999999996
3 0.2203125 0.671875 0.075 0.1625
4 0.2171875 0.6489583333333333 0.06749999999999999 0.12541666666666665
4 0.22578125 0.6864583333333333 0.061875 0.14875
5 0.21328125 0.671875 0.091875 0.1625
0 0.23046875 0.6395833333333333 0.133125 0.23999999999999996
1 0.53828125 0.7083333333333334 0.18562499999999998 0.045
2 0.46953125 0.7083333333333334 0.020624999999999998 0.0525
2 0.596875 0.709375 0.045 0.020416666666666663
3 0.53828125 0.675 0.18562499999999998 0.125
4 0.49609375 0.6791666666666667 0.084375 0.13416666666666666
4 0.58828125 0.6697916666666667 0.065625 0.13124999999999998
5 0.53828125 0.640625 0.18562499999999998 0.2075
0 0.53828125 0.5614583333333333 0.18562499999999998 0.39749999999999996
