1 0.64140625 0.9636174636174636 0.110625 0.02245322245322245
2 0.68359375 0.9719334719334719 0.009375 0.0029106029106029103
2 0.59609375 0.9625779625779626 0.001875 0.023284823284823283
3 0.64140625 0.8877338877338877 0.110625 0.20457380457380456
4 0.68359375 0.8898128898128899 0.009375 0.2203742203742204
4 0.596875 0.8866943866943867 0.00375 0.22661122661122662
5 0.640625 0.7848232848232848 0.1125 0.4303534303534304
0 0.62421875 0.5925155925155925 0.163125 0.814968814968815
1 0.45 0.9563409563409564 0.24375 0.07484407484407485
2 0.53203125 0.9646569646569647 0.046875 0.06403326403326402
2 0.36875 0.9563409563409564 0.04875 0.08731808731808732
3 0.45 0.867983367983368 0.24375 0.26403326403326405
4 0.5265625 0.867983367983368 0.06 0.26403326403326405
4 0.371875 0.867983367983368 0.05625 0.26403326403326405
5 0.45 0.7525987525987526 0.24375 0.49480249480249483
0 0.45 0.58004158004158 0.24375 0.83991683991684
