1 0.690625 0.46352941176470586 0.06 0.011294117647058823
2 0.70859375 0.4611764705882353 0.016874999999999998 0.0065882352941176465
2 0.675 0.46352941176470586 0.0225 0.013176470588235293
3 0.69375 0.4258823529411765 0.06749999999999999 0.1016470588235294
4 0.71171875 0.4235294117647059 0.024375 0.11199999999999999
4 0.68046875 0.4329411764705882 0.035625000000000004 0.0988235294117647
5 0.7015625 0.40588235294117647 0.08625 0.1496470588235294
0 0.715625 0.3611764705882353 0.12 0.25694117647058823
1 0.23671875 0.591764705882353 0.073125 0.01976470588235294
2 0.2546875 0.5964705882352941 0.03 0.009882352941176469
2 0.21796875 0.5905882352941176 0.028125 0.019764705882352938
3 0.23671875 0.5470588235294118 0.073125 0.12705882352941175
4 0.2546875 0.5470588235294118 0.03 0.14823529411764705
4 0.221875 0.5505882352941176 0.0375 0.13176470588235295
5 0.24921875 0.5164705882352941 0.103125 0.20047058823529412
0 0.25859375 0.4447058823529412 0.125625 0.37270588235294116
