1 0.42271662763466045 0.73984375 0.3063231850117096 0.084375
2 0.5175644028103045 0.73671875 0.07868852459016394 0.0896875
2 0.319672131147541 0.74921875 0.05901639344262295 0.07218749999999999
3 0.4449648711943794 0.69453125 0.35971896955503513 0.193125
4 0.5398126463700235 0.69140625 0.13208430913348945 0.2165625
4 0.34543325526932084 0.7046875 0.12084309133489461 0.19687499999999997
5 0.4449648711943794 0.65234375 0.35971896955503513 0.294375
0 0.47423887587822017 0.53203125 0.4299765807962529 0.583125
1 0.8091334894613583 0.84765625 0.18829039812646367 0.088125
2 0.8676814988290398 0.8359375 0.0477751756440281 0.06999999999999999
2 0.7669789227166276 0.87109375 0.08711943793911006 0.0371875
3 0.7915690866510539 0.8046875 0.23044496487119437 0.19124999999999998
4 0.8313817330210773 0.79296875 0.13489461358313817 0.1903125
4 0.7494145199063232 0.80546875 0.12927400468384073 0.22093749999999995
5 0.7915690866510539 0.7359375 0.23044496487119437 0.35625
0 0.7775175644028103 0.62265625 0.2641686182669789 0.628125
1 0.202576112412178 0.56640625 0.2782201405152225 0.125625
2 0.10070257611241218 0.53671875 0.03372365339578454 0.0634375
2 0.28805620608899296 0.609375 0.07306791569086651 0.026249999999999996
3 0.202576112412178 0.559375 0.2782201405152225 0.14250000000000002
4 0.1592505854800937 0.53671875 0.17423887587822012 0.0634375
4 0.28805620608899296 0.559375 0.07306791569086651 0.16624999999999998
5 0.202576112412178 0.51015625 0.2782201405152225 0.260625
0 0.22950819672131148 0.4359375 0.34285714285714286 0.43875000000000003
