1 0.626 0.7492492492492493 0.0528 0.025225225225225228
2 0.643 0.7492492492492493 0.012 0.029429429429429426
2 0.604 0.7417417417417418 0.0 0.0
3 0.626 0.7117117117117117 0.0528 0.11531531531531532
4 0.643 0.7117117117117117 0.012 0.13453453453453454
4 0.604 0.7027027027027027 0.0 0.10930930930930931
5 0.626 0.6621621621621622 0.0528 0.23423423423423423
0 0.622 0.5855855855855856 0.0912 0.41801801801801797
1 0.208 0.8048048048048048 0.043199999999999995 0.07207207207207207
2 0.214 0.7912912912912913 0.024 0.04624624624624624
2 0.208 0.8258258258258259 0.043199999999999995 0.02522522522522522
3 0.208 0.7612612612612613 0.043199999999999995 0.17657657657657658
4 0.214 0.7477477477477478 0.024 0.16816816816816818
4 0.208 0.7642642642642643 0.043199999999999995 0.1975975975975976
5 0.208 0.7027027027027027 0.043199999999999995 0.3171171171171171
0 0.179 0.5900900900900901 0.12719999999999998 0.5873873873873874
