1 0.62734375 0.696875 0.260625 0.1075
2 0.678125 0.7020833333333333 0.13874999999999998 0.11083333333333333
2 0.5734375 0.6770833333333334 0.13125 0.06999999999999999
3 0.62734375 0.5635416666666667 0.260625 0.4275
4 0.64453125 0.56875 0.21937500000000001 0.48416666666666663
4 0.5734375 0.54375 0.13125 0.4433333333333333
5 0.62734375 0.43333333333333335 0.260625 0.74
0 0.62734375 0.43333333333333335 0.260625 0.74
1 0.28671875 0.5385416666666667 0.020624999999999998 0.0225
2 0.28359375 0.540625 0.013125000000000001 0.020416666666666663
2 0.29296875 0.5375 0.005625 0.02333333333333333
3 0.28984375 0.5145833333333333 0.028125 0.08
4 0.28359375 0.5145833333333333 0.013125000000000001 0.09333333333333332
4 0.29609375 0.5135416666666667 0.013125000000000001 0.09041666666666666
5 0.303125 0.49375 0.06 0.13
0 0.3078125 0.45208333333333334 0.07875 0.22999999999999998
