1 0.44375 0.8238213399503722 0.08249999999999999 0.09528535980148883
2 0.4265625 0.8535980148883374 0.041249999999999995 0.02779156327543424
2 0.47265625 0.8200992555831266 0.013125000000000001 0.10074441687344912
3 0.44375 0.7679900744416873 0.08249999999999999 0.2292803970223325
4 0.4265625 0.7791563275434243 0.041249999999999995 0.23622828784119104
4 0.46796875 0.7642679900744417 0.024375 0.25707196029776674
5 0.4453125 0.6947890818858561 0.08625 0.4049627791563275
0 0.43046875 0.5533498759305211 0.151875 0.7444168734491315
1 0.6234375 0.8014888337468983 0.51 0.15483870967741936
2 0.5921875 0.8399503722084367 0.43499999999999994 0.07295285359801489
2 0.6515625 0.7965260545905707 0.4425 0.16674937965260542
3 0.6234375 0.7704714640198511 0.51 0.2292803970223325
4 0.5921875 0.7841191066997518 0.43499999999999994 0.2292803970223325
4 0.6515625 0.7655086848635235 0.4425 0.25359801488833744
5 0.6234375 0.707196029776675 0.51 0.38114143920595533
0 0.63203125 0.5806451612903226 0.5306249999999999 0.684863523573201
