1 0.621875 0.5621693121693122 0.10500000000000001 0.053968253968253964
2 0.65703125 0.5767195767195767 0.020624999999999998 0.02222222222222222
2 0.5828125 0.5462962962962963 0.01125 0.018518518518518517
3 0.621875 0.5462962962962963 0.10500000000000001 0.09206349206349206
4 0.65703125 0.5462962962962963 0.020624999999999998 0.1074074074074074
4 0.59921875 0.5462962962962963 0.050624999999999996 0.018518518518518517
5 0.621875 0.533068783068783 0.10500000000000001 0.1238095238095238
0 0.6265625 0.4933862433862434 0.11624999999999999 0.21904761904761905
1 0.35234375 0.6984126984126984 0.118125 0.025396825396825397
2 0.30625 0.6878306878306878 0.0075 0.0
2 0.39296875 0.7023809523809523 0.020624999999999998 0.018518518518518517
3 0.35234375 0.6587301587301587 0.118125 0.12063492063492064
4 0.32265625 0.6547619047619048 0.046875 0.09259259259259259
4 0.38984375 0.6587301587301587 0.028125 0.14074074074074072
5 0.35234375 0.6455026455026455 0.118125 0.15238095238095237
0 0.35234375 0.5912698412698413 0.118125 0.28253968253968254
