1 0.35078125 0.9521384928716904 0.084375 0.021995926680244398
2 0.32421875 0.9501018329938901 0.020624999999999998 0.01995926680244399
2 0.36875 0.955193482688391 0.041249999999999995 0.01710794297352342
3 0.35078125 0.890020366598778 0.084375 0.1710794297352342
4 0.32421875 0.8879837067209776 0.020624999999999998 0.19389002036659875
4 0.36875 0.8920570264765784 0.041249999999999995 0.19389002036659875
5 0.35078125 0.8289205702647657 0.084375 0.31771894093686354
0 0.3671875 0.7718940936863544 0.12375 0.4545824847250509
1 0.12109375 0.9511201629327902 0.088125 0.01955193482688391
2 0.10859375 0.955193482688391 0.058124999999999996 0.01140529531568228
2 0.15703125 0.9470468431771895 0.001875 0.01140529531568228
3 0.12109375 0.8940936863543788 0.088125 0.15641547861507127
4 0.10859375 0.8961303462321792 0.058124999999999996 0.17678207739307536
4 0.15703125 0.890020366598778 0.001875 0.1710794297352342
5 0.1296875 0.835030549898167 0.10874999999999999 0.29816700610997965
0 0.14140625 0.7291242362525459 0.136875 0.5417515274949084
1 0.54453125 0.9439918533604889 0.076875 0.06109979633401222
2 0.55859375 0.9439918533604889 0.043125 0.07128309572301425
2 0.528125 0.9368635437881874 0.0375 0.03991853360488798
3 0.54453125 0.8910386965376782 0.076875 0.18818737270875763
4 0.55859375 0.9012219959266803 0.043125 0.19103869653767822
4 0.528125 0.8818737270875764 0.0375 0.19389002036659875
5 0.54609375 0.8472505091649695 0.080625 0.29327902240325865
0 0.54765625 0.7505091649694501 0.084375 0.4989816700610998
