1 0.321875 0.8489461358313818 0.12 0.08711943793911006
2 0.35703125 0.8629976580796253 0.035625000000000004 0.06229508196721311
2 0.29921875 0.8243559718969555 0.065625 0.03278688524590164
3 0.321875 0.7997658079625293 0.12 0.20515222482435597
4 0.35703125 0.8056206088992974 0.035625000000000004 0.22295081967213112
4 0.29921875 0.775175644028103 0.065625 0.17049180327868851
5 0.321875 0.7306791569086651 0.12 0.37096018735363
0 0.33828125 0.572599531615925 0.193125 0.750351288056206
1 0.6328125 0.8243559718969555 0.14250000000000002 0.351288056206089
2 0.66640625 0.7915690866510539 0.061875 0.32786885245901637
2 0.6203125 0.8243559718969555 0.1125 0.351288056206089
3 0.6265625 0.8009367681498829 0.1575 0.3981264637002342
4 0.64453125 0.7622950819672131 0.114375 0.4098360655737705
4 0.6140625 0.8243559718969555 0.1275 0.351288056206089
5 0.6265625 0.7494145199063232 0.1575 0.5011709601873536
0 0.48828125 0.629976580796253 0.489375 0.7400468384074942
