1 0.54921875 0.8723404255319149 0.18562499999999998 0.05106382978723404
2 0.6203125 0.8776595744680851 0.015 0.04468085106382979
2 0.4890625 0.8723404255319149 0.041249999999999995 0.05957446808510637
3 0.54921875 0.7783687943262412 0.18562499999999998 0.2765957446808511
4 0.60625 0.7907801418439716 0.04875 0.2879432624113475
4 0.4890625 0.7783687943262412 0.041249999999999995 0.32269503546099293
5 0.54921875 0.7127659574468085 0.18562499999999998 0.4340425531914893
0 0.54921875 0.5762411347517731 0.18562499999999998 0.7617021276595745
1 0.9203125 0.8953900709219859 0.06 0.04680851063829787
2 0.921875 0.9042553191489362 0.05625 0.029787234042553186
2 0.91796875 0.8882978723404256 0.05437499999999999 0.034751773049645385
3 0.91875 0.7890070921985816 0.06375 0.3021276595744681
4 0.921875 0.7925531914893617 0.05625 0.3425531914893617
4 0.91640625 0.7819148936170213 0.058124999999999996 0.3326241134751773
5 0.93203125 0.7340425531914894 0.09562499999999999 0.4340425531914893
0 0.9140625 0.6276595744680851 0.13874999999999998 0.6893617021276596
