1 0.47291666666666665 0.8140625 0.235 0.08625
2 0.390625 0.82734375 0.0375 0.0634375
2 0.534375 0.80390625 0.0875 0.07218749999999999
3 0.47291666666666665 0.759375 0.235 0.21749999999999997
4 0.390625 0.76171875 0.0375 0.24718749999999998
4 0.534375 0.74921875 0.0875 0.22531249999999997
5 0.47291666666666665 0.66875 0.235 0.43499999999999994
0 0.45416666666666666 0.52578125 0.315 0.778125
1 0.5989583333333334 0.76015625 0.13249999999999998 0.10687499999999998
2 0.640625 0.7765625 0.0325 0.07875
2 0.5708333333333333 0.73828125 0.065 0.0634375
3 0.5989583333333334 0.70390625 0.13249999999999998 0.24187499999999998
4 0.63125 0.70390625 0.055 0.2821875
4 0.5708333333333333 0.68671875 0.065 0.2078125
5 0.5875 0.6328125 0.16 0.4125
0 0.5958333333333333 0.496875 0.18 0.7387499999999999
