1 0.45703125 0.7934272300469484 0.14437499999999998 0.07887323943661972
2 0.50078125 0.8098591549295775 0.039375 0.0460093896713615
2 0.415625 0.7769953051643192 0.045 0.0460093896713615
3 0.45703125 0.7312206572769953 0.14437499999999998 0.22816901408450704
4 0.50078125 0.7593896713615024 0.039375 0.18732394366197183
4 0.415625 0.7147887323943662 0.045 0.22018779342723005
5 0.45703125 0.6913145539906104 0.14437499999999998 0.323943661971831
0 0.46484375 0.5704225352112676 0.163125 0.6140845070422535
1 0.2 0.7406103286384976 0.15375 0.053521126760563385
2 0.16015625 0.7288732394366197 0.058124999999999996 0.029577464788732393
2 0.2390625 0.7546948356807511 0.06 0.02300469483568075
3 0.2 0.6854460093896714 0.15375 0.18591549295774648
4 0.17109375 0.6784037558685446 0.084375 0.1708920187793427
4 0.2390625 0.6854460093896714 0.06 0.21690140845070421
5 0.2 0.6431924882629108 0.15375 0.28732394366197184
0 0.2 0.534037558685446 0.15375 0.5492957746478874
