1 0.22578125 0.860655737704918 0.253125 0.13208430913348945
2 0.3203125 0.8501170960187353 0.026250000000000002 0.12459016393442622
2 0.153125 0.9039812646370023 0.07875 0.03278688524590164
3 0.22578125 0.8149882903981265 0.253125 0.24168618266978922
4 0.2703125 0.8067915690866511 0.14625 0.2459016393442623
4 0.153125 0.8149882903981265 0.07875 0.2819672131147541
5 0.22578125 0.7400468384074942 0.253125 0.4215456674473068
0 0.22578125 0.5491803278688525 0.253125 0.8796252927400467
1 0.846875 0.8770491803278688 0.09375 0.08149882903981263
2 0.8375 0.8723653395784543 0.07125000000000001 0.08196721311475409
2 0.85078125 0.8911007025761124 0.084375 0.05573770491803278
3 0.84375 0.7950819672131147 0.10124999999999999 0.2782201405152225
4 0.834375 0.7903981264637002 0.07875 0.3114754098360656
4 0.85078125 0.810304449648712 0.084375 0.2819672131147541
5 0.84375 0.7283372365339579 0.10124999999999999 0.43840749414519903
0 0.84140625 0.5644028103044496 0.133125 0.8318501170960187
