1 0.446875 0.933806146572104 0.15 0.03971631205673759
2 0.4734375 0.925531914893617 0.08625 0.023167848699763592
2 0.4140625 0.9349881796690307 0.07125000000000001 0.04302600472813239
3 0.4453125 0.8274231678486997 0.15375 0.2950354609929078
4 0.4734375 0.8191489361702128 0.08625 0.32104018912529547
4 0.4125 0.8297872340425532 0.075 0.33758865248226944
5 0.41015625 0.8274231678486997 0.238125 0.2950354609929078
0 0.3796875 0.723404255319149 0.31124999999999997 0.5446808510638297
1 0.3640625 0.9456264775413712 0.09 0.05673758865248227
2 0.3796875 0.9408983451536643 0.052500000000000005 0.052955082742316785
2 0.35625 0.9515366430260047 0.07125000000000001 0.04964539007092199
3 0.35078125 0.8723404255319149 0.121875 0.23262411347517728
4 0.3640625 0.8676122931442081 0.09 0.2581560283687943
4 0.34296875 0.8806146572104019 0.103125 0.23877068557919623
5 0.3046875 0.8723404255319149 0.23249999999999998 0.23262411347517728
0 0.29140625 0.7411347517730497 0.26437499999999997 0.5177304964539007
