1 0.30078125 0.83671875 0.091875 0.028125
2 0.27421875 0.8390625 0.028125 0.026249999999999996
2 0.32265625 0.83359375 0.039375 0.024062499999999997
3 0.29765625 0.75390625 0.09937499999999999 0.226875
4 0.27109375 0.7640625 0.035625000000000004 0.23625
4 0.32265625 0.75078125 0.039375 0.2559375
5 0.28828125 0.69453125 0.121875 0.36937499999999995
0 0.26953125 0.58125 0.174375 0.64125
1 0.5671875 0.86953125 0.195 0.050624999999999996
2 0.5234375 0.87265625 0.09 0.050312499999999996
2 0.63125 0.86875 0.041249999999999995 0.056874999999999995
3 0.5734375 0.7953125 0.21000000000000002 0.22875
4 0.5234375 0.79765625 0.09 0.2603125
4 0.6375 0.79453125 0.05625 0.26468749999999996
5 0.58515625 0.6953125 0.238125 0.46875
0 0.609375 0.56796875 0.29625 0.7743749999999999
