1 0.61875 0.48046875 0.175 0.076875
2 0.56875 0.46015625 0.055 0.0328125
2 0.68125 0.503125 0.025 0.026249999999999996
3 0.63125 0.45703125 0.205 0.133125
4 0.5947916666666667 0.43671875 0.1175 0.09843749999999998
4 0.69375 0.47265625 0.055 0.11156249999999998
5 0.6427083333333333 0.43359375 0.23249999999999998 0.189375
0 0.6822916666666666 0.396875 0.32749999999999996 0.27749999999999997
1 0.25416666666666665 0.59921875 0.04 0.013125000000000001
2 0.25416666666666665 0.59609375 0.04 0.006562499999999999
2 0.25625 0.59921875 0.029999999999999995 0.015312499999999998
3 0.25416666666666665 0.58203125 0.04 0.05437499999999999
4 0.25416666666666665 0.57890625 0.04 0.0546875
4 0.25625 0.5828125 0.029999999999999995 0.06124999999999999
5 0.25416666666666665 0.56328125 0.04 0.09937499999999999
0 0.25625 0.5265625 0.045 0.1875
