1 0.6125 0.9192037470725996 0.1875 0.16018735362997655
2 0.6828125 0.8758782201405152 0.01875 0.06557377049180328
2 0.56015625 0.968384074941452 0.061875 0.04918032786885246
3 0.6125 0.860655737704918 0.1875 0.2786885245901639
4 0.6828125 0.8243559718969555 0.01875 0.2098360655737705
4 0.56015625 0.860655737704918 0.061875 0.2786885245901639
5 0.6125 0.7435597189695551 0.1875 0.5128805620608899
0 0.571875 0.5878220140515222 0.38625 0.8243559718969555
1 0.2640625 0.8723653395784543 0.18 0.09836065573770492
2 0.31953125 0.8442622950819673 0.046875 0.0360655737704918
2 0.21015625 0.8957845433255269 0.050624999999999996 0.04918032786885246
3 0.2640625 0.7763466042154566 0.18 0.3288056206088993
4 0.31953125 0.7482435597189696 0.046875 0.30491803278688523
4 0.21015625 0.7810304449648712 0.050624999999999996 0.3704918032786885
5 0.25546875 0.7318501170960188 0.200625 0.43559718969555034
0 0.25234375 0.6135831381733021 0.20812499999999998 0.7194379391100703
