1 0.601 0.8948948948948949 0.0888 0.11531531531531532
2 0.564 0.9144144144144144 0.0 0.07987987987987988
2 0.626 0.8558558558558559 0.028799999999999996 0.02522522522522522
3 0.576 0.8153153153153153 0.1488 0.3063063063063063
4 0.539 0.8753753753753754 0.06 0.18918918918918917
4 0.626 0.7762762762762763 0.028799999999999996 0.24804804804804803
5 0.571 0.8018018018018018 0.16079999999999997 0.3387387387387387
0 0.536 0.6711711711711712 0.2448 0.6522522522522523
1 0.295 0.924924924924925 0.156 0.036036036036036036
2 0.239 0.9129129129129129 0.021599999999999998 0.008408408408408409
2 0.328 0.924924924924925 0.0768 0.042042042042042045
3 0.295 0.8168168168168168 0.156 0.2954954954954955
4 0.239 0.8048048048048048 0.021599999999999998 0.3111111111111111
4 0.327 0.8243243243243243 0.0792 0.3237237237237237
5 0.279 0.7177177177177178 0.19440000000000002 0.5333333333333333
0 0.256 0.5540540540540541 0.2496 0.8918918918918919
1 0.162 0.8288288288288288 0.1104 0.15855855855855855
2 0.202 0.7642642642642643 0.014399999999999998 0.004204204204204204
2 0.147 0.8783783783783784 0.0744 0.04624624624624624
3 0.157 0.7672672672672672 0.1224 0.3063063063063063
4 0.191 0.7027027027027027 0.040799999999999996 0.17657657657657658
4 0.142 0.8048048048048048 0.08639999999999999 0.25225225225225223
5 0.153 0.7027027027027027 0.132 0.46126126126126127
0 0.14 0.5315315315315315 0.16319999999999998 0.872072072072072
