1 0.5 0.7833723653395784 0.13125 0.09836065573770492
2 0.54765625 0.7587822014051522 0.016874999999999998 0.04590163934426229
2 0.453125 0.8056206088992974 0.01875 0.05245901639344262
3 0.5 0.752927400468384 0.13125 0.17142857142857143
4 0.53046875 0.7283372365339579 0.058124999999999996 0.13114754098360656
4 0.453125 0.7611241217798594 0.01875 0.17704918032786884
5 0.5 0.7072599531615925 0.13125 0.2810304449648712
0 0.4859375 0.594847775175644 0.16499999999999998 0.5508196721311475
1 0.40390625 0.7810304449648712 0.020624999999999998 0.1433255269320843
2 0.40390625 0.8278688524590164 0.020624999999999998 0.0360655737704918
2 0.4 0.7365339578454333 0.01125 0.04262295081967213
3 0.3953125 0.7716627634660421 0.041249999999999995 0.165807962529274
4 0.40390625 0.7962529274004684 0.020624999999999998 0.12459016393442622
4 0.39140625 0.7271662763466042 0.031875 0.06885245901639343
5 0.4015625 0.747072599531616 0.05625 0.22482435597189696
0 0.409375 0.6569086651053864 0.075 0.4412177985948478
