1 0.2921875 0.903125 0.584375 0.0725
2 0.5359375 0.8916666666666667 0.1125 0.0525
2 0.0421875 0.9052083333333333 0.084375 0.07875
3 0.2921875 0.7895833333333333 0.584375 0.345
4 0.5125 0.778125 0.16875 0.3704166666666666
4 0.1015625 0.8385416666666666 0.203125 0.26541666666666663
5 0.2921875 0.7416666666666667 0.584375 0.45999999999999996
0 0.2921875 0.5822916666666667 0.584375 0.8354166666666667
1 0.71875 0.446875 0.46125 0.1125
2 0.865625 0.453125 0.10874999999999999 0.11374999999999999
2 0.55390625 0.4427083333333333 0.065625 0.11958333333333333
3 0.71875 0.3802083333333333 0.46125 0.27249999999999996
4 0.86015625 0.3802083333333333 0.121875 0.3179166666666667
4 0.5859375 0.38125 0.14250000000000002 0.2916666666666667
5 0.71875 0.321875 0.46125 0.4125
0 0.71875 0.321875 0.46125 0.4125
