1 0.52890625 0.41569086651053866 0.039375 0.03091334894613583
2 0.53984375 0.41569086651053866 0.013125000000000001 0.0360655737704918
2 0.51640625 0.41451990632318503 0.009375 0.02622950819672131
3 0.52734375 0.3758782201405152 0.043125 0.12646370023419204
4 0.5375 0.3758782201405152 0.01875 0.14754098360655735
4 0.51484375 0.3758782201405152 0.013125000000000001 0.13442622950819672
5 0.5265625 0.33840749414519905 0.045 0.2163934426229508
0 0.51640625 0.275175644028103 0.084375 0.36814988290398126
1 0.6875 0.33138173302107726 0.03 0.053395784543325525
2 0.690625 0.34192037470725994 0.0225 0.03278688524590164
2 0.675 0.3091334894613583 0.0 0.0
3 0.67578125 0.2962529274004684 0.058124999999999996 0.13770491803278687
4 0.68359375 0.3161592505854801 0.039375 0.10491803278688525
4 0.66328125 0.27400468384074944 0.028125 0.09836065573770492
5 0.6765625 0.2786885245901639 0.06 0.17985948477751756
0 0.6765625 0.22833723653395785 0.06 0.3007025761124122
