1 0.291 0.736 0.1128 0.05759999999999999
2 0.315 0.7293333333333333 0.0552 0.04853333333333333
2 0.263 0.74 0.0456 0.056
3 0.291 0.672 0.1128 0.2112
4 0.315 0.6666666666666666 0.0552 0.224
4 0.263 0.672 0.0456 0.24639999999999998
5 0.291 0.6026666666666667 0.1128 0.3776
0 0.299 0.44266666666666665 0.1752 0.7615999999999999
1 0.441 0.7426666666666667 0.09839999999999999 0.035199999999999995
2 0.467 0.7453333333333333 0.036 0.0336
2 0.412 0.7413333333333333 0.028799999999999996 0.037333333333333336
3 0.441 0.6586666666666666 0.09839999999999999 0.23679999999999998
4 0.467 0.6613333333333333 0.036 0.2688
4 0.412 0.6573333333333333 0.028799999999999996 0.2725333333333333
5 0.441 0.568 0.09839999999999999 0.4544
0 0.45 0.436 0.1776 0.7712
1 0.62 0.76 0.12 0.0384
2 0.643 0.7653333333333333 0.0648 0.029866666666666666
2 0.597 0.756 0.0648 0.0336
3 0.62 0.6986666666666667 0.12 0.1856
4 0.643 0.7 0.0648 0.2128
4 0.597 0.6946666666666667 0.0648 0.20533333333333334
5 0.62 0.6253333333333333 0.12 0.3616
0 0.609 0.488 0.1512 0.6911999999999999
