1 0.41015625 0.6946386946386947 0.073125 0.07272727272727272
2 0.3875 0.6701631701631702 0.01875 0.016317016317016316
2 0.43359375 0.7156177156177156 0.016874999999999998 0.026107226107226107
3 0.43203125 0.6351981351981352 0.125625 0.21538461538461537
4 0.4171875 0.6107226107226107 0.09 0.18275058275058273
4 0.45546875 0.6538461538461539 0.06937499999999999 0.19906759906759905
5 0.4609375 0.5687645687645687 0.195 0.3748251748251748
0 0.490625 0.4568764568764569 0.26625 0.6433566433566433
1 0.58125 0.8076923076923077 0.0975 0.05874125874125874
2 0.5625 0.803030303030303 0.052500000000000005 0.05547785547785547
2 0.60078125 0.8158508158508159 0.050624999999999996 0.04568764568764568
3 0.60078125 0.7494172494172494 0.14437499999999998 0.1986013986013986
4 0.5859375 0.7447552447552448 0.10874999999999999 0.21864801864801864
4 0.6203125 0.754079254079254 0.0975 0.21864801864801864
5 0.63828125 0.6911421911421911 0.234375 0.3384615384615384
0 0.65703125 0.5617715617715617 0.279375 0.6489510489510489
