1 0.34296875 0.7206572769953051 0.076875 0.07887323943661972
2 0.31953125 0.7065727699530516 0.020624999999999998 0.05258215962441314
2 0.36875 0.7476525821596244 0.015 0.01643192488262911
3 0.34296875 0.7077464788732394 0.076875 0.10985915492957746
4 0.33671875 0.6936619718309859 0.061875 0.08873239436619718
4 0.36875 0.7112676056338029 0.015 0.11830985915492957
5 0.34296875 0.6619718309859155 0.076875 0.21971830985915491
0 0.34765625 0.5927230046948356 0.088125 0.3859154929577465
1 0.759375 0.6197183098591549 0.06749999999999999 0.02253521126760563
2 0.78359375 0.6208920187793427 0.009375 0.02300469483568075
2 0.7375 0.6173708920187794 0.015 0.019718309859154928
3 0.759375 0.5833333333333334 0.06749999999999999 0.10985915492957746
4 0.77890625 0.5845070422535211 0.020624999999999998 0.12488262910798122
4 0.7375 0.5809859154929577 0.015 0.1215962441314554
5 0.759375 0.5363849765258216 0.06749999999999999 0.22253521126760561
0 0.7546875 0.45774647887323944 0.07875 0.41126760563380277
