1 0.69609375 0.6052083333333333 0.136875 0.0375
2 0.74140625 0.6052083333333333 0.028125 0.04375
2 0.64765625 0.6010416666666667 0.020624999999999998 0.03208333333333333
3 0.69609375 0.553125 0.136875 0.1625
4 0.74140625 0.553125 0.028125 0.18958333333333333
4 0.66328125 0.5645833333333333 0.058124999999999996 0.13416666666666666
5 0.69609375 0.5333333333333333 0.136875 0.21
0 0.7046875 0.46875 0.1575 0.365
1 0.8984375 0.7791666666666667 0.10874999999999999 0.014999999999999998
2 0.93046875 0.778125 0.031875 0.014583333333333334
2 0.875 0.7791666666666667 0.052500000000000005 0.017499999999999998
3 0.8984375 0.7125 0.10874999999999999 0.175
4 0.92578125 0.7114583333333333 0.043125 0.20124999999999998
4 0.875 0.7145833333333333 0.052500000000000005 0.1983333333333333
5 0.8984375 0.6427083333333333 0.10874999999999999 0.3425
0 0.88046875 0.609375 0.151875 0.4225
