1 0.36533957845433257 0.7359375 0.12365339578454332 0.06749999999999999
2 0.36885245901639346 0.7359375 0.11522248243559718 0.07875
2 0.33489461358313816 0.72421875 0.05058548009367681 0.041562499999999995
3 0.3711943793911007 0.66796875 0.13770491803278687 0.230625
4 0.3747072599531616 0.66796875 0.12927400468384073 0.2690625
4 0.3430913348946136 0.671875 0.0702576112412178 0.188125
5 0.4133489461358314 0.6078125 0.2388758782201405 0.375
0 0.4637002341920375 0.49453125 0.35971896955503513 0.646875
1 0.6007025761124122 0.79296875 0.10398126463700234 0.061875
2 0.6135831381733021 0.8015625 0.07306791569086651 0.048124999999999994
2 0.5796252927400468 0.78359375 0.053395784543325525 0.0459375
3 0.617096018735363 0.7234375 0.1433255269320843 0.22875
4 0.629976580796253 0.73125 0.11241217798594848 0.24499999999999997
4 0.5796252927400468 0.7140625 0.053395784543325525 0.240625
5 0.6498829039812647 0.67421875 0.22201405152224823 0.346875
0 0.7330210772833724 0.54765625 0.45526932084309135 0.650625
