1 0.496875 0.7576470588235295 0.18 0.1524705882352941
2 0.55625 0.8105882352941176 0.0375 0.029647058823529412
2 0.43046875 0.7211764705882353 0.020624999999999998 0.07576470588235293
3 0.496875 0.731764705882353 0.18 0.21458823529411766
4 0.55625 0.7482352941176471 0.0375 0.20423529411764704
4 0.4484375 0.6952941176470588 0.06375 0.14823529411764705
5 0.496875 0.6858823529411765 0.18 0.3247058823529412
0 0.4984375 0.6058823529411764 0.18375 0.5167058823529411
1 0.1765625 0.7870588235294118 0.1275 0.15529411764705883
2 0.21796875 0.8352941176470589 0.028125 0.04611764705882353
2 0.1296875 0.7470588235294118 0.015 0.0691764705882353
3 0.1765625 0.7752941176470588 0.1275 0.18352941176470589
4 0.21796875 0.7752941176470588 0.028125 0.21411764705882352
4 0.14296875 0.7364705882352941 0.046875 0.0988235294117647
5 0.1765625 0.7176470588235294 0.1275 0.32188235294117645
0 0.18125 0.6447058823529411 0.13874999999999998 0.4969411764705882
