1 0.632 0.752 0.072 0.064
2 0.609 0.732 0.016800000000000002 0.018666666666666668
2 0.643 0.7693333333333333 0.0456 0.02613333333333333
3 0.632 0.7186666666666667 0.072 0.144
4 0.616 0.6986666666666667 0.033600000000000005 0.112
4 0.643 0.7266666666666667 0.0456 0.14559999999999998
5 0.632 0.6706666666666666 0.072 0.2592
0 0.641 0.5893333333333334 0.09359999999999999 0.4544
1 0.485 0.6093333333333333 0.0744 0.035199999999999995
2 0.508 0.6093333333333333 0.0192 0.04106666666666666
2 0.46 0.6106666666666667 0.014399999999999998 0.037333333333333336
3 0.485 0.5826666666666667 0.0744 0.09919999999999998
4 0.508 0.5853333333333334 0.0192 0.10826666666666665
4 0.464 0.5826666666666667 0.024 0.11573333333333333
5 0.485 0.5493333333333333 0.0744 0.1792
0 0.491 0.5026666666666667 0.0888 0.2912
1 0.186 0.8146666666666667 0.12 0.048
2 0.214 0.8266666666666667 0.0528 0.022399999999999996
2 0.158 0.7986666666666666 0.0528 0.011199999999999998
3 0.186 0.772 0.12 0.1504
4 0.214 0.772 0.0528 0.17546666666666666
4 0.163 0.7586666666666667 0.0648 0.12319999999999999
5 0.186 0.7026666666666667 0.12 0.31679999999999997
0 0.192 0.616 0.13440000000000002 0.5247999999999999
