1 0.903125 0.34660421545667447 0.13125 0.14613583138173303
2 0.95703125 0.3957845433255269 0.001875 0.03278688524590164
2 0.88046875 0.32669789227166274 0.076875 0.11475409836065574
3 0.8625 0.35362997658079626 0.22875 0.16299765807962527
4 0.91171875 0.4028103044496487 0.110625 0.05245901639344262
4 0.83984375 0.32669789227166274 0.174375 0.11475409836065574
5 0.840625 0.3594847775175644 0.28125 0.17704918032786884
0 0.7046875 0.4672131147540984 0.590625 0.43559718969555034
1 0.23046875 0.3711943793911007 0.346875 0.15456674473067916
2 0.3140625 0.3583138173302108 0.14625 0.1442622950819672
2 0.15234375 0.37236533957845436 0.159375 0.17704918032786884
0 0.23046875 0.3711943793911007 0.346875 0.15456674473067916
1 0.11640625 0.48360655737704916 0.2328125 0.10398126463700234
2 0.15234375 0.4707259953161593 0.148125 0.08524590163934426
2 0.0953125 0.48711943793911006 0.18375 0.11147540983606556
0 0.11640625 0.48360655737704916 0.2328125 0.10398126463700234
