1 0.6 0.914519906323185 0.52125 0.10398126463700234
2 0.4359375 0.9238875878220141 0.1275 0.09508196721311474
2 0.78515625 0.892271662763466 0.076875 0.05901639344262295
3 0.6 0.8091334894613583 0.52125 0.35690866510538644
4 0.49453125 0.8091334894613583 0.268125 0.38173302107728335
4 0.6703125 0.8911007025761124 0.3525 0.06229508196721311
5 0.6 0.8091334894613583 0.52125 0.35690866510538644
0 0.6 0.6604215456674473 0.52125 0.6791569086651054
1 0.2953125 0.9086651053864169 0.2475 0.07868852459016394
2 0.24765625 0.9039812646370023 0.133125 0.0721311475409836
2 0.36796875 0.9086651053864169 0.073125 0.09180327868852459
3 0.29375 0.8430913348946136 0.38625 0.2360655737704918
4 0.3234375 0.8548009367681498 0.315 0.2098360655737705
4 0.265625 0.8430913348946136 0.31875 0.27540983606557373
5 0.3078125 0.8430913348946136 0.42000000000000004 0.2360655737704918
0 0.32421875 0.617096018735363 0.459375 0.765807962529274
