1 0.7630208333333334 0.9 0.4739583333333333 0.11624999999999999
2 0.94140625 0.8875 0.10312500000000001 0.10062499999999999
2 0.5794270833333334 0.91015625 0.090625 0.10718749999999999
3 0.7630208333333334 0.84375 0.4739583333333333 0.25125
4 0.8736979166666666 0.83125 0.2526041666666667 0.258125
4 0.5794270833333334 0.846875 0.090625 0.284375
5 0.7630208333333334 0.77421875 0.4739583333333333 0.41812499999999997
0 0.7630208333333334 0.65234375 0.4739583333333333 0.6953125
1 0.36328125 0.9 0.440625 0.0975
2 0.45703125 0.909375 0.21562499999999998 0.0875
2 0.20703125 0.8859375 0.065625 0.074375
3 0.36328125 0.81953125 0.440625 0.290625
4 0.45703125 0.82109375 0.21562499999999998 0.33468749999999997
4 0.20703125 0.80546875 0.065625 0.2996875
5 0.36328125 0.73359375 0.440625 0.496875
0 0.36328125 0.63203125 0.440625 0.7359375
