1 0.16171875 0.690625 0.091875 0.0325
2 0.19140625 0.69375 0.020624999999999998 0.02333333333333333
2 0.13359375 0.690625 0.024375 0.03791666666666667
3 0.16171875 0.6614583333333334 0.091875 0.1025
4 0.19140625 0.6614583333333334 0.020624999999999998 0.11374999999999999
4 0.13671875 0.6614583333333334 0.031875 0.11958333333333333
5 0.16171875 0.6260416666666667 0.091875 0.1875
0 0.16640625 0.5697916666666667 0.10687499999999998 0.32249999999999995
1 0.88984375 0.6885416666666667 0.133125 0.0375
2 0.91875 0.690625 0.06375 0.03791666666666667
2 0.85859375 0.6864583333333333 0.058124999999999996 0.03791666666666667
3 0.88984375 0.6364583333333333 0.133125 0.1625
4 0.91875 0.640625 0.06375 0.17791666666666664
4 0.85859375 0.634375 0.058124999999999996 0.18374999999999997
5 0.88984375 0.58125 0.133125 0.295
0 0.8796875 0.5041666666666667 0.1575 0.4799999999999999
1 0.3953125 0.7791666666666667 0.09 0.065
2 0.38359375 0.7875 0.061875 0.0525
2 0.4296875 0.7583333333333333 0.0075 0.017499999999999998
3 0.3953125 0.7260416666666667 0.09 0.19249999999999998
4 0.38359375 0.7260416666666667 0.061875 0.22458333333333333
4 0.41796875 0.7083333333333334 0.035625000000000004 0.1575
5 0.3953125 0.675 0.09 0.315
0 0.3578125 0.5885416666666666 0.18 0.5225
