1 0.14609375 0.6088992974238876 0.133125 0.5002341920374707
2 0.12265625 0.5550351288056206 0.076875 0.4327868852459016
2 0.165625 0.7072599531615925 0.08625 0.3081967213114754
3 0.228125 0.6088992974238876 0.32999999999999996 0.5002341920374707
4 0.228125 0.5550351288056206 0.32999999999999996 0.4327868852459016
4 0.2 0.7072599531615925 0.16875 0.3081967213114754
5 0.2828125 0.6088992974238876 0.46125 0.5002341920374707
0 0.34453125 0.5468384074941453 0.609375 0.6491803278688524
1 0.86953125 0.7494145199063232 0.151875 0.5011709601873536
2 0.83203125 0.7072599531615925 0.061875 0.4983606557377049
2 0.89921875 0.8021077283372365 0.080625 0.3957845433255269
3 0.82890625 0.7494145199063232 0.24937499999999999 0.5011709601873536
4 0.8609375 0.7072599531615925 0.13125 0.4983606557377049
4 0.82890625 0.8021077283372365 0.24937499999999999 0.3957845433255269
5 0.82890625 0.7494145199063232 0.24937499999999999 0.5011709601873536
0 0.7640625 0.7002341920374707 0.471875 0.5995316159250585
