1 0.8571428571428571 0.85625 0.04496487119437939 0.00375
2 0.8454332552693209 0.85625 0.01686182669789227 0.0043749999999999995
2 0.8676814988290398 0.85625 0.019672131147540985 0.0043749999999999995
3 0.8571428571428571 0.8390625 0.04496487119437939 0.045
4 0.8454332552693209 0.83984375 0.01686182669789227 0.050312499999999996
4 0.8676814988290398 0.8390625 0.019672131147540985 0.05249999999999999
5 0.8571428571428571 0.82109375 0.04496487119437939 0.088125
0 0.8489461358313818 0.79296875 0.0702576112412178 0.15562499999999999
1 0.7166276346604216 0.85703125 0.06182669789227166 0.001875
2 0.6978922716627635 0.85703125 0.01686182669789227 0.0021874999999999998
2 0.7377049180327869 0.85703125 0.011241217798594848 0.0021874999999999998
3 0.7177985948477752 0.83984375 0.06463700234192037 0.043125
4 0.7014051522248244 0.83984375 0.025292740046838406 0.050312499999999996
4 0.7388758782201406 0.840625 0.01405152224824356 0.048124999999999994
5 0.724824355971897 0.8203125 0.08149882903981263 0.09
0 0.734192037470726 0.7859375 0.10398126463700234 0.1725
1 0.48360655737704916 0.8515625 0.09836065573770492 0.01125
2 0.49063231850117095 0.8515625 0.06463700234192037 0.013124999999999998
2 0.48360655737704916 0.85078125 0.09836065573770492 0.006562499999999999
3 0.5011709601873536 0.846875 0.1405152224824356 0.0225
4 0.5046838407494145 0.846875 0.09836065573770492 0.026249999999999996
4 0.5011709601873536 0.85 0.1405152224824356 0.008749999999999999
5 0.5257611241217799 0.8453125 0.19953161592505855 0.026250000000000002
0 0.6018735362997658 0.8375 0.3822014051522248 0.045
