1 0.165625 0.875 0.1125 0.0308411214953271
2 0.1328125 0.8796728971962616 0.033749999999999995 0.02289719626168224
2 0.2 0.8726635514018691 0.03 0.029439252336448597
3 0.165625 0.8247663551401869 0.1125 0.1514018691588785
4 0.140625 0.8247663551401869 0.052500000000000005 0.17663551401869157
4 0.19453125 0.8235981308411215 0.043125 0.16682242990654203
5 0.165625 0.7745327102803738 0.1125 0.2719626168224299
0 0.16328125 0.6904205607476636 0.129375 0.47383177570093454
1 0.5046875 0.8738317757009346 0.06749999999999999 0.17943925233644858
2 0.51640625 0.9123831775700935 0.039375 0.1014018691588785
2 0.4890625 0.8352803738317757 0.03 0.1014018691588785
3 0.5046875 0.7885514018691588 0.06749999999999999 0.3841121495327103
4 0.51640625 0.8247663551401869 0.039375 0.34672897196261676
4 0.49140625 0.75 0.035625000000000004 0.34018691588785044
5 0.49609375 0.7371495327102804 0.088125 0.5074766355140187
0 0.51953125 0.5934579439252337 0.14437499999999998 0.8130841121495327
