1 0.35546875 0.7564705882352941 0.20812499999999998 0.0988235294117647
2 0.278125 0.7352941176470589 0.0225 0.055999999999999994
2 0.4375 0.7764705882352941 0.01125 0.059294117647058824
3 0.35546875 0.7376470588235294 0.20812499999999998 0.144
4 0.290625 0.7164705882352941 0.052500000000000005 0.10870588235294117
4 0.4 0.7423529411764705 0.10124999999999999 0.1548235294117647
5 0.35546875 0.6952941176470588 0.20812499999999998 0.24564705882352939
0 0.35546875 0.6 0.20812499999999998 0.4743529411764706
1 0.6796875 0.788235294117647 0.10124999999999999 0.07341176470588236
2 0.65625 0.808235294117647 0.045 0.029647058823529412
2 0.721875 0.7588235294117647 0.0 0.0032941176470588232
3 0.675 0.7364705882352941 0.1125 0.1976470588235294
4 0.6515625 0.7658823529411765 0.05625 0.14823529411764705
4 0.7109375 0.7070588235294117 0.026250000000000002 0.14823529411764705
5 0.67890625 0.7364705882352941 0.121875 0.1976470588235294
0 0.64609375 0.6976470588235294 0.200625 0.2908235294117647
1 0.7921875 0.8447058823529412 0.15 0.11294117647058824
2 0.74765625 0.8811764705882353 0.043125 0.029647058823529412
2 0.8390625 0.8023529411764706 0.0375 0.013176470588235293
3 0.7921875 0.7941176470588235 0.15 0.23435294117647057
4 0.74765625 0.8176470588235294 0.043125 0.20752941176470585
4 0.83515625 0.7517647058823529 0.046875 0.1548235294117647
5 0.7921875 0.7917647058823529 0.15 0.24
0 0.7921875 0.7294117647058823 0.15 0.3896470588235294
