1 0.4812206572769953 0.8296875 0.15211267605633802 0.23249999999999998
2 0.4593114241001565 0.91171875 0.09953051643192487 0.041562499999999995
2 0.5117370892018779 0.775 0.07887323943661971 0.118125
3 0.5109546165884195 0.76875 0.22347417840375583 0.37875
4 0.4593114241001565 0.82109375 0.09953051643192487 0.2953125
4 0.5414710485133021 0.7140625 0.15023474178403756 0.28874999999999995
5 0.5078247261345853 0.74609375 0.23098591549295774 0.433125
0 0.4593114241001565 0.603125 0.3474178403755869 0.7762499999999999
1 0.1189358372456964 0.69375 0.12394366197183099 0.026250000000000002
2 0.15023474178403756 0.6921875 0.048826291079812206 0.021875
2 0.07589984350547731 0.69375 0.020657276995305163 0.030624999999999996
3 0.1189358372456964 0.621875 0.12394366197183099 0.19874999999999998
4 0.15023474178403756 0.62265625 0.048826291079812206 0.2165625
4 0.07668231611893583 0.621875 0.02253521126760563 0.23187499999999997
5 0.1189358372456964 0.5671875 0.12394366197183099 0.32999999999999996
0 0.10328638497652583 0.43515625 0.20281690140845068 0.646875
1 0.8802816901408451 0.74921875 0.1295774647887324 0.028125
2 0.9139280125195618 0.75 0.048826291079812206 0.030624999999999996
2 0.8450704225352113 0.74609375 0.04507042253521126 0.024062499999999997
3 0.8802816901408451 0.70078125 0.1295774647887324 0.14437499999999998
4 0.9139280125195618 0.70078125 0.048826291079812206 0.1684375
4 0.8450704225352113 0.70078125 0.04507042253521126 0.1509375
5 0.8802816901408451 0.64375 0.1295774647887324 0.28125
0 0.863849765258216 0.53046875 0.2103286384976526 0.553125
