1 0.553125 0.42578125 0.1275 0.035625000000000004
2 0.590625 0.43046875 0.0375 0.028437499999999998
2 0.521875 0.415625 0.0525 0.013124999999999998
3 0.553125 0.38828125 0.1275 0.125625
4 0.590625 0.3921875 0.0375 0.135625
4 0.521875 0.378125 0.0525 0.118125
5 0.553125 0.35078125 0.1275 0.215625
0 0.528125 0.3 0.1875 0.3375
1 0.27395833333333336 0.4265625 0.09749999999999999 0.041249999999999995
2 0.2989583333333333 0.4234375 0.0375 0.039375
2 0.24583333333333332 0.42890625 0.029999999999999995 0.041562499999999995
3 0.27395833333333336 0.3796875 0.09749999999999999 0.15375
4 0.2989583333333333 0.3765625 0.0375 0.17062499999999997
4 0.24583333333333332 0.38125 0.029999999999999995 0.175
5 0.26979166666666665 0.3375 0.1075 0.255
0 0.25416666666666665 0.2484375 0.215 0.46875
