1 0.257 0.8132530120481928 0.1512 0.04337349397590361
2 0.208 0.8132530120481928 0.033600000000000005 0.05060240963855421
2 0.31 0.7981927710843374 0.024 0.008433734939759036
3 0.257 0.7740963855421686 0.1512 0.13734939759036144
4 0.208 0.7740963855421686 0.033600000000000005 0.16024096385542166
4 0.302 0.7590361445783133 0.043199999999999995 0.11807228915662649
5 0.257 0.7319277108433735 0.1512 0.2385542168674699
0 0.252 0.6400602409638554 0.24 0.45903614457831327
1 0.408 0.18825301204819278 0.0384 0.010843373493975902
2 0.417 0.1897590361445783 0.016800000000000002 0.008433734939759036
2 0.399 0.18674698795180722 0.016800000000000002 0.008433734939759036
3 0.402 0.16716867469879518 0.072 0.061445783132530116
4 0.421 0.16716867469879518 0.0264 0.0716867469879518
4 0.389 0.1686746987951807 0.040799999999999996 0.05903614457831324
5 0.402 0.15963855421686746 0.072 0.07951807228915662
0 0.399 0.13403614457831325 0.0792 0.14096385542168674
