1 0.64609375 0.828125 0.193125 0.2625
2 0.7171875 0.9 0.0225 0.10499999999999998
2 0.58671875 0.76875 0.050624999999999996 0.13999999999999999
3 0.64609375 0.784375 0.193125 0.3675
4 0.7078125 0.7953125 0.045 0.39812499999999995
4 0.5875 0.725 0.052500000000000005 0.2625
5 0.64609375 0.7125 0.193125 0.5399999999999999
0 0.64609375 0.53125 0.193125 0.9375
1 0.15859375 0.840625 0.189375 0.255
2 0.22734375 0.903125 0.024375 0.12249999999999998
2 0.1 0.778125 0.04875 0.12249999999999998
3 0.15859375 0.79375 0.189375 0.3675
4 0.2171875 0.796875 0.04875 0.40625
4 0.1 0.73125 0.04875 0.25375
5 0.15859375 0.7234375 0.189375 0.53625
0 0.15859375 0.5375 0.189375 0.925
