1 0.24 0.6013333333333334 0.0528 0.016
2 0.25 0.6026666666666667 0.028799999999999996 0.007466666666666667
2 0.233 0.6013333333333334 0.036 0.018666666666666668
3 0.24 0.5533333333333333 0.0528 0.13119999999999998
4 0.25 0.5586666666666666 0.028799999999999996 0.13066666666666665
4 0.233 0.5533333333333333 0.036 0.15306666666666666
5 0.235 0.516 0.0648 0.2208
0 0.205 0.44133333333333336 0.13679999999999998 0.4
1 0.582 0.732 0.2976 0.0736
2 0.693 0.7293333333333333 0.0312 0.0784
2 0.458 0.7626666666666667 0.0 0.0
3 0.582 0.7826666666666666 0.2976 0.1952
4 0.69 0.7826666666666666 0.0384 0.22773333333333332
4 0.494 0.812 0.08639999999999999 0.13813333333333333
5 0.582 0.7826666666666666 0.2976 0.1952
0 0.55 0.5933333333333334 0.37439999999999996 0.6496
