1 0.5359375 0.7663551401869159 0.07125000000000001 0.09532710280373831
2 0.52109375 0.7511682242990654 0.035625000000000004 0.06869158878504672
2 0.5578125 0.7967289719626168 0.01875 0.02616822429906542
3 0.54375 0.7219626168224299 0.09 0.20186915887850465
4 0.54375 0.7067757009345794 0.09 0.19299065420560746
4 0.55625 0.727803738317757 0.0225 0.2191588785046729
5 0.54375 0.6518691588785047 0.09 0.37009345794392523
0 0.55 0.5373831775700935 0.13125 0.6448598130841121
1 0.63828125 0.22897196261682243 0.103125 0.07289719626168224
2 0.665625 0.21962616822429906 0.0375 0.058878504672897194
2 0.6078125 0.25 0.03 0.02616822429906542
3 0.63828125 0.18691588785046728 0.103125 0.17383177570093455
4 0.665625 0.1822429906542056 0.0375 0.16355140186915887
4 0.6078125 0.18691588785046728 0.03 0.202803738317757
5 0.63828125 0.14018691588785046 0.103125 0.2803738317757009
0 0.63828125 0.14018691588785046 0.103125 0.2803738317757009
1 0.42421875 0.866822429906542 0.10687499999999998 0.0616822429906542
2 0.4046875 0.8714953271028038 0.06 0.058878504672897194
2 0.459375 0.852803738317757 0.0225 0.03271028037383177
3 0.42421875 0.7920560747663551 0.10687499999999998 0.2411214953271028
4 0.4046875 0.7955607476635514 0.06 0.2714953271028037
4 0.459375 0.7780373831775701 0.0225 0.24205607476635513
5 0.42421875 0.7289719626168224 0.10687499999999998 0.3925233644859813
0 0.43359375 0.5887850467289719 0.14437499999999998 0.7289719626168224
