1 0.49765625 0.65 0.039375 0.05999999999999999
2 0.4921875 0.6645833333333333 0.026250000000000002 0.029166666666666667
2 0.5078125 0.64375 0.015 0.0525
3 0.4859375 0.621875 0.06749999999999999 0.1275
4 0.48046875 0.6260416666666667 0.05437499999999999 0.13708333333333333
4 0.49375 0.615625 0.04875 0.13124999999999998
5 0.4859375 0.5979166666666667 0.06749999999999999 0.185
0 0.49765625 0.5125 0.18562499999999998 0.38999999999999996
1 0.8875 0.21979166666666666 0.075 0.042499999999999996
2 0.90625 0.23125 0.03 0.017499999999999998
2 0.87265625 0.20625 0.039375 0.011666666666666665
3 0.8875 0.18229166666666666 0.075 0.13249999999999998
4 0.90625 0.18854166666666666 0.03 0.13708333333333333
4 0.87265625 0.16875 0.039375 0.11666666666666667
5 0.8953125 0.16145833333333334 0.09375 0.1825
0 0.8953125 0.12083333333333333 0.09375 0.24166666666666667
1 0.74609375 0.103125 0.05437499999999999 0.0325
2 0.75703125 0.10833333333333334 0.028125 0.02333333333333333
2 0.734375 0.09479166666666666 0.026250000000000002 0.014583333333333334
3 0.74609375 0.06875 0.05437499999999999 0.11499999999999999
4 0.75703125 0.071875 0.028125 0.12541666666666665
4 0.734375 0.06041666666666667 0.026250000000000002 0.11083333333333333
0 0.74609375 0.06875 0.05437499999999999 0.11499999999999999
