1 0.47890625 0.8854166666666666 0.091875 0.014999999999999998
2 0.446875 0.8854166666666666 0.015 0.017499999999999998
2 0.5015625 0.884375 0.0375 0.014583333333333334
3 0.47890625 0.8354166666666667 0.091875 0.13499999999999998
4 0.45 0.8354166666666667 0.0225 0.1575
4 0.5015625 0.8375 0.0375 0.14583333333333334
5 0.47890625 0.7927083333333333 0.091875 0.2375
0 0.4921875 0.7010416666666667 0.14250000000000002 0.45749999999999996
1 0.88203125 0.8166666666666667 0.05437499999999999 0.035
2 0.8953125 0.8166666666666667 0.0225 0.040833333333333326
2 0.8703125 0.8177083333333334 0.026250000000000002 0.03208333333333333
3 0.88203125 0.7770833333333333 0.05437499999999999 0.13
4 0.8953125 0.7770833333333333 0.0225 0.15166666666666667
4 0.8703125 0.7770833333333333 0.026250000000000002 0.14583333333333334
5 0.88203125 0.7375 0.05437499999999999 0.225
0 0.88046875 0.659375 0.136875 0.4125
