1 0.28671875 0.6208333333333333 0.06937499999999999 0.02
2 0.30234375 0.6166666666666667 0.031875 0.011666666666666665
2 0.26328125 0.628125 0.013125000000000001 0.0029166666666666664
3 0.28671875 0.5979166666666667 0.06937499999999999 0.075
4 0.30234375 0.59375 0.031875 0.07583333333333334
4 0.26328125 0.5979166666666667 0.013125000000000001 0.0875
5 0.28671875 0.5677083333333334 0.06937499999999999 0.1475
0 0.28671875 0.50625 0.06937499999999999 0.295
1 0.36015625 0.6333333333333333 0.039375 0.02
2 0.36953125 0.63125 0.016874999999999998 0.017499999999999998
2 0.35625 0.6375 0.03 0.011666666666666665
3 0.36015625 0.6052083333333333 0.039375 0.0875
4 0.36953125 0.603125 0.016874999999999998 0.09624999999999999
4 0.35625 0.6052083333333333 0.03 0.10208333333333333
5 0.36015625 0.5739583333333333 0.039375 0.1625
0 0.3625 0.5104166666666666 0.045 0.315
1 0.5375 0.771875 0.08625 0.0225
2 0.51015625 0.7729166666666667 0.020624999999999998 0.017499999999999998
2 0.56640625 0.771875 0.016874999999999998 0.02625
3 0.5375 0.7260416666666667 0.08625 0.13249999999999998
4 0.51015625 0.725 0.020624999999999998 0.15166666666666667
4 0.56640625 0.728125 0.016874999999999998 0.14875
5 0.5375 0.675 0.08625 0.255
0 0.5546875 0.5947916666666667 0.1275 0.44749999999999995
1 0.48671875 0.678125 0.043125 0.0175
2 0.47890625 0.675 0.024375 0.011666666666666665
2 0.49921875 0.6802083333333333 0.013125000000000001 0.014583333333333334
3 0.48671875 0.6427083333333333 0.043125 0.1025
4 0.47890625 0.6395833333333333 0.024375 0.11083333333333333
4 0.49921875 0.646875 0.013125000000000001 0.10791666666666666
5 0.48671875 0.6052083333333333 0.043125 0.19249999999999998
0 0.49453125 0.534375 0.061875 0.3625
1 0.6453125 0.6427083333333333 0.045 0.0275
2 0.65390625 0.6385416666666667 0.024375 0.020416666666666663
2 0.6359375 0.6427083333333333 0.0225 0.03208333333333333
3 0.6453125 0.6166666666666667 0.045 0.09
4 0.65390625 0.615625 0.024375 0.08458333333333332
4 0.6359375 0.6166666666666667 0.0225 0.105
5 0.6453125 0.5864583333333333 0.045 0.1625
0 0.63515625 0.5354166666666667 0.06937499999999999 0.285
1 0.71484375 0.6166666666666667 0.073125 0.02
2 0.7453125 0.6083333333333333 0.0 0.0
2 0.6953125 0.6177083333333333 0.026250000000000002 0.020416666666666663
3 0.71484375 0.5958333333333333 0.073125 0.07
4 0.74296875 0.5895833333333333 0.005625 0.0525
4 0.69609375 0.5958333333333333 0.028125 0.08166666666666665
5 0.71484375 0.56875 0.073125 0.13499999999999998
0 0.71484375 0.5375 0.073125 0.21
1 0.79140625 0.7072916666666667 0.15562499999999999 0.0325
2 0.84296875 0.715625 0.031875 0.014583333333333334
2 0.74296875 0.703125 0.039375 0.02625
3 0.79140625 0.66875 0.15562499999999999 0.125
4 0.83984375 0.6729166666666667 0.039375 0.13416666666666666
4 0.74375 0.6645833333333333 0.041249999999999995 0.13416666666666666
5 0.79140625 0.6375 0.15562499999999999 0.2
0 0.79140625 0.5645833333333333 0.15562499999999999 0.375
