1 0.019656019656019656 0.4671875 0.03931203931203931 0.015
2 0.02457002457002457 0.46875 0.029484029484029485 0.013124999999999998
2 0.013513513513513514 0.46640625 0.026535626535626532 0.015312499999999998
3 0.019656019656019656 0.4546875 0.03931203931203931 0.045
4 0.02457002457002457 0.45546875 0.029484029484029485 0.050312499999999996
4 0.013513513513513514 0.45390625 0.026535626535626532 0.050312499999999996
5 0.019656019656019656 0.43671875 0.03931203931203931 0.088125
0 0.0343980343980344 0.4125 0.0687960687960688 0.14625
1 0.6547911547911548 0.49609375 0.227027027027027 0.091875
2 0.7186732186732187 0.52578125 0.07371007371007371 0.024062499999999997
2 0.5945945945945946 0.4640625 0.08255528255528256 0.017499999999999998
3 0.6547911547911548 0.459375 0.227027027027027 0.18
4 0.7186732186732187 0.47890625 0.07371007371007371 0.1553125
4 0.5945945945945946 0.42734375 0.08255528255528256 0.1203125
5 0.6547911547911548 0.43359375 0.227027027027027 0.24187499999999998
0 0.64004914004914 0.340625 0.34496314496314495 0.46499999999999997
