1 0.32578125 0.953125 0.09562499999999999 0.0725
2 0.3421875 0.9770833333333333 0.05625 0.017499999999999998
2 0.296875 0.9375 0.026250000000000002 0.040833333333333326
3 0.32578125 0.9072916666666667 0.09562499999999999 0.1825
4 0.3421875 0.9166666666666666 0.05625 0.16666666666666666
4 0.303125 0.8916666666666667 0.041249999999999995 0.16916666666666663
5 0.32578125 0.85 0.09562499999999999 0.3
0 0.3203125 0.7447916666666666 0.10874999999999999 0.5104166666666666
1 0.47265625 0.8072916666666666 0.039375 0.0475
2 0.46015625 0.8125 0.009375 0.040833333333333326
2 0.48359375 0.7989583333333333 0.013125000000000001 0.03208333333333333
3 0.47265625 0.78125 0.039375 0.11
4 0.46015625 0.78125 0.009375 0.12833333333333333
4 0.48359375 0.7739583333333333 0.013125000000000001 0.10208333333333333
5 0.47265625 0.7520833333333333 0.039375 0.18
0 0.47421875 0.6895833333333333 0.06937499999999999 0.33
1 0.56328125 0.6927083333333334 0.031875 0.0225
2 0.553125 0.6895833333333333 0.0075 0.017499999999999998
2 0.56875 0.696875 0.01875 0.014583333333333334
3 0.56328125 0.675 0.031875 0.065
4 0.55390625 0.671875 0.009375 0.06708333333333333
4 0.56875 0.6760416666666667 0.01875 0.07291666666666667
5 0.56328125 0.6510416666666666 0.031875 0.1225
0 0.56328125 0.615625 0.031875 0.2075
