1 0.629976580796253 0.71171875 0.05620608899297424 0.043125
2 0.6451990632318502 0.7234375 0.019672131147540985 0.017499999999999998
2 0.6135831381733021 0.70703125 0.01686182669789227 0.0371875
3 0.6358313817330211 0.69453125 0.0702576112412178 0.084375
4 0.6451990632318502 0.69921875 0.019672131147540985 0.08531249999999999
4 0.6358313817330211 0.68984375 0.0702576112412178 0.08531249999999999
5 0.6358313817330211 0.66875 0.0702576112412178 0.14625
0 0.6569086651053864 0.62578125 0.12084309133489461 0.24937499999999999
1 0.29859484777517564 0.90703125 0.26697892271662765 0.050624999999999996
2 0.39227166276346603 0.909375 0.04215456674473068 0.05249999999999999
2 0.21428571428571427 0.90078125 0.06463700234192037 0.041562499999999995
3 0.30210772833723654 0.8125 0.27540983606557373 0.27749999999999997
4 0.3957845433255269 0.83359375 0.05058548009367681 0.26468749999999996
4 0.23185011709601874 0.80625 0.10679156908665105 0.30625
5 0.3079625292740047 0.74765625 0.2894613583138173 0.433125
0 0.3360655737704918 0.58046875 0.35690866510538644 0.834375
