1 0.4107981220657277 0.640625 0.4732394366197183 0.18375
2 0.24647887323943662 0.59765625 0.07887323943661972 0.0940625
2 0.5563380281690141 0.68671875 0.12394366197183097 0.08531249999999999
3 0.4107981220657277 0.61796875 0.4732394366197183 0.238125
4 0.3004694835680751 0.58203125 0.2084507042253521 0.13781249999999998
4 0.5551643192488263 0.61796875 0.1267605633802817 0.27781249999999996
5 0.4107981220657277 0.57265625 0.4732394366197183 0.346875
0 0.4107981220657277 0.4421875 0.4732394366197183 0.6599999999999999
1 0.1772300469483568 0.27890625 0.2676056338028169 0.028125
2 0.2746478873239437 0.284375 0.03380281690140845 0.017499999999999998
2 0.07629107981220658 0.27890625 0.025352112676056335 0.0328125
3 0.1772300469483568 0.24921875 0.2676056338028169 0.09937499999999999
4 0.2746478873239437 0.25078125 0.03380281690140845 0.11156249999999998
4 0.09624413145539906 0.24921875 0.07323943661971831 0.11593749999999999
5 0.1772300469483568 0.22421875 0.2676056338028169 0.159375
0 0.1772300469483568 0.17421875 0.2676056338028169 0.279375
