1 0.9140625 0.87109375 0.171875 0.05437499999999999
2 0.84453125 0.87890625 0.035625000000000004 0.041562499999999995
2 0.965625 0.865625 0.06875 0.048124999999999994
3 0.9140625 0.79140625 0.171875 0.24562499999999998
4 0.86171875 0.79140625 0.076875 0.28656249999999994
4 0.9578125 0.79296875 0.084375 0.2515625
5 0.9140625 0.7140625 0.171875 0.43125
0 0.9109375 0.5703125 0.178125 0.7762499999999999
1 0.25390625 0.35859375 0.294375 0.14437499999999998
2 0.36953125 0.40390625 0.016874999999999998 0.041562499999999995
2 0.184375 0.33203125 0.1275 0.0940625
3 0.25390625 0.25859375 0.294375 0.384375
4 0.36953125 0.28984375 0.016874999999999998 0.36093749999999997
4 0.209375 0.23203125 0.1875 0.37406249999999996
5 0.24296875 0.25859375 0.320625 0.384375
0 0.24296875 0.2234375 0.320625 0.446875
