1 0.59375 0.92734375 0.045 0.024375
2 0.58125 0.925 0.014999999999999998 0.021875
2 0.60625 0.93125 0.014999999999999998 0.017499999999999998
3 0.6041666666666666 0.8890625 0.07 0.11624999999999999
4 0.5895833333333333 0.89140625 0.035 0.11593749999999999
4 0.6166666666666667 0.8890625 0.04 0.135625
5 0.6041666666666666 0.8515625 0.07 0.20625
0 0.6135416666666667 0.7484375 0.0925 0.45375
1 0.6916666666666667 0.309375 0.065 0.0075
2 0.7083333333333334 0.3078125 0.025 0.0043749999999999995
2 0.6760416666666667 0.31171875 0.0275 0.0021874999999999998
3 0.6916666666666667 0.29609375 0.065 0.039375
4 0.7083333333333334 0.29453125 0.025 0.041562499999999995
4 0.6760416666666667 0.2984375 0.0275 0.039375
5 0.6916666666666667 0.2828125 0.065 0.07125000000000001
0 0.6916666666666667 0.25703125 0.065 0.133125
1 0.8770833333333333 0.9390625 0.11999999999999998 0.01875
2 0.840625 0.9421875 0.0325 0.013124999999999998
2 0.9208333333333333 0.9375 0.014999999999999998 0.017499999999999998
3 0.8770833333333333 0.903125 0.11999999999999998 0.10500000000000001
4 0.840625 0.90390625 0.0325 0.1203125
4 0.9208333333333333 0.9015625 0.014999999999999998 0.118125
5 0.8770833333333333 0.8625 0.11999999999999998 0.20249999999999999
0 0.878125 0.78359375 0.16749999999999998 0.391875
