1 0.41484375 0.9458333333333333 0.10687499999999998 0.06333333333333334
2 0.434375 0.9472222222222222 0.06 0.06999999999999999
2 0.37421875 0.9388888888888889 0.009375 0.05444444444444444
3 0.41484375 0.8458333333333333 0.10687499999999998 0.30333333333333334
4 0.434375 0.8458333333333333 0.06 0.30833333333333335
4 0.37421875 0.8430555555555556 0.009375 0.3138888888888889
5 0.41484375 0.7486111111111111 0.10687499999999998 0.5027777777777778
0 0.39453125 0.5541666666666667 0.215625 0.8916666666666667
1 0.571875 0.9347222222222222 0.17625 0.07666666666666666
2 0.6203125 0.9291666666666667 0.06 0.07388888888888888
2 0.5078125 0.9361111111111111 0.0225 0.08555555555555555
3 0.571875 0.8583333333333333 0.17625 0.26
4 0.6203125 0.8527777777777777 0.06 0.28777777777777774
4 0.51015625 0.8583333333333333 0.028125 0.2833333333333333
5 0.565625 0.7486111111111111 0.19124999999999998 0.5027777777777778
0 0.50234375 0.5513888888888889 0.343125 0.8972222222222223
