1 0.6764705882352942 0.928 0.07058823529411765 0.024
2 0.6546840958605664 0.928 0.018300653594771243 0.028
2 0.696078431372549 0.926 0.02352941176470588 0.0112
3 0.6764705882352942 0.897 0.07058823529411765 0.09839999999999999
4 0.6546840958605664 0.897 0.018300653594771243 0.1148
4 0.6830065359477124 0.898 0.054901960784313725 0.0896
5 0.6699346405228758 0.867 0.08627450980392157 0.1704
0 0.6579520697167756 0.805 0.13594771241830064 0.3192
1 0.7527233115468409 0.913 0.04444444444444444 0.021599999999999998
2 0.7701525054466231 0.906 0.00261437908496732 0.0056
2 0.7396514161220044 0.915 0.013071895424836602 0.0196
3 0.7527233115468409 0.888 0.04444444444444444 0.08159999999999999
4 0.7701525054466231 0.881 0.00261437908496732 0.0756
4 0.7396514161220044 0.891 0.013071895424836602 0.0868
5 0.7527233115468409 0.863 0.04444444444444444 0.1416
0 0.7352941176470589 0.814 0.0915032679738562 0.2592
