1 0.53125 0.704225352112676 0.10874999999999999 0.10704225352112677
2 0.57109375 0.7300469483568075 0.013125000000000001 0.05258215962441314
2 0.496875 0.6713615023474179 0.026250000000000002 0.03286384976525822
3 0.53125 0.6784037558685446 0.10874999999999999 0.16901408450704225
4 0.57109375 0.6936619718309859 0.013125000000000001 0.1544600938967136
4 0.50390625 0.6455399061032864 0.043125 0.10516431924882629
5 0.53125 0.6408450704225352 0.10874999999999999 0.2591549295774648
0 0.5515625 0.6126760563380281 0.1575 0.32676056338028164
1 0.3578125 0.26173708920187794 0.15375 0.025352112676056335
2 0.415625 0.26173708920187794 0.015 0.029577464788732393
2 0.3046875 0.26173708920187794 0.026250000000000002 0.029577464788732393
3 0.3578125 0.2323943661971831 0.15375 0.09577464788732394
4 0.409375 0.2323943661971831 0.03 0.11173708920187791
4 0.30703125 0.2323943661971831 0.031875 0.11173708920187791
5 0.3578125 0.21009389671361503 0.15375 0.14929577464788732
0 0.3578125 0.1772300469483568 0.15375 0.22816901408450704
1 0.08125 0.25821596244131456 0.075 0.03380281690140845
2 0.10234375 0.26291079812206575 0.024375 0.02629107981220657
2 0.059375 0.25586854460093894 0.0225 0.03286384976525822
3 0.08125 0.22769953051643194 0.075 0.10704225352112677
4 0.10234375 0.22887323943661972 0.024375 0.1215962441314554
4 0.059375 0.22535211267605634 0.0225 0.11830985915492957
5 0.08203125 0.2136150234741784 0.076875 0.14084507042253522
0 0.08515625 0.1772300469483568 0.084375 0.22816901408450704
