1 0.3891509433962264 0.75859375 0.1641509433962264 0.148125
2 0.33490566037735847 0.73203125 0.033962264150943396 0.09843749999999998
2 0.43160377358490565 0.80703125 0.062264150943396226 0.0371875
3 0.3891509433962264 0.73671875 0.1641509433962264 0.200625
4 0.3891509433962264 0.7203125 0.1641509433962264 0.13125
4 0.43160377358490565 0.73671875 0.062264150943396226 0.23406249999999998
5 0.40212264150943394 0.66484375 0.1952830188679245 0.373125
0 0.42806603773584906 0.55703125 0.46132075471698114 0.631875
1 0.7995283018867925 0.575 0.07924528301886793 0.01125
2 0.8207547169811321 0.5734375 0.02830188679245283 0.008749999999999999
2 0.7759433962264151 0.5765625 0.022641509433962263 0.008749999999999999
3 0.7995283018867925 0.55703125 0.07924528301886793 0.05437499999999999
4 0.8207547169811321 0.55546875 0.02830188679245283 0.0590625
4 0.7759433962264151 0.55859375 0.022641509433962263 0.0590625
5 0.7995283018867925 0.53984375 0.07924528301886793 0.09562499999999999
0 0.7995283018867925 0.50859375 0.07924528301886793 0.170625
