1 0.6729857819905213 0.7125 0.17440758293838862 0.045
2 0.7338072669826224 0.7125 0.02843601895734597 0.034999999999999996
2 0.6184834123222749 0.7125 0.043601895734597156 0.05249999999999999
3 0.6729857819905213 0.6328125 0.17440758293838862 0.23625
4 0.7338072669826224 0.6296875 0.02843601895734597 0.266875
4 0.6208530805687204 0.63359375 0.049289099526066346 0.2734375
5 0.6729857819905213 0.5453125 0.17440758293838862 0.4462499999999999
0 0.731437598736177 0.4203125 0.3867298578199052 0.74625
1 0.4052132701421801 0.87265625 0.22938388625592415 0.050624999999999996
2 0.4731437598736177 0.87265625 0.06635071090047394 0.0546875
2 0.3412322274881517 0.87265625 0.07582938388625593 0.0590625
3 0.4052132701421801 0.803125 0.22938388625592415 0.21749999999999997
4 0.4731437598736177 0.80234375 0.06635071090047394 0.2515625
4 0.3412322274881517 0.80390625 0.07582938388625593 0.2515625
5 0.4052132701421801 0.7171875 0.22938388625592415 0.42374999999999996
0 0.3736176935229068 0.5578125 0.418957345971564 0.80625
