1 0.584375 0.17291666666666666 0.033749999999999995 0.025
2 0.59453125 0.17291666666666666 0.009375 0.029166666666666667
2 0.57734375 0.171875 0.016874999999999998 0.02625
3 0.5859375 0.125 0.0375 0.14
4 0.59609375 0.128125 0.013125000000000001 0.15458333333333332
4 0.57734375 0.12395833333333334 0.016874999999999998 0.16041666666666668
0 0.5859375 0.125 0.0375 0.14
1 0.428125 0.31354166666666666 0.052500000000000005 0.057499999999999996
2 0.4421875 0.325 0.01875 0.034999999999999996
2 0.4140625 0.30625 0.01875 0.04666666666666666
3 0.428125 0.27395833333333336 0.052500000000000005 0.1525
4 0.4421875 0.28229166666666666 0.01875 0.15458333333333332
4 0.41484375 0.26666666666666666 0.020624999999999998 0.1575
5 0.4296875 0.234375 0.05625 0.2475
0 0.4375 0.17395833333333333 0.12 0.34791666666666665
