1 0.6702453987730062 0.914 0.2687116564417178 0.1056
2 0.7131901840490797 0.932 0.1656441717791411 0.0728
2 0.6042944785276073 0.901 0.11042944785276074 0.0868
3 0.6702453987730062 0.833 0.2687116564417178 0.3
4 0.7131901840490797 0.837 0.1656441717791411 0.326
4 0.6042944785276073 0.82 0.11042944785276074 0.3136
5 0.6702453987730062 0.735 0.2687116564417178 0.53
0 0.647239263803681 0.532 0.3460122699386503 0.936
1 0.3159509202453988 0.92 0.294478527607362 0.0768
2 0.40950920245398775 0.92 0.06993865030674846 0.0896
2 0.2469325153374233 0.913 0.12883435582822086 0.06439999999999999
3 0.3159509202453988 0.838 0.294478527607362 0.27359999999999995
4 0.40950920245398775 0.838 0.06993865030674846 0.3192
4 0.2469325153374233 0.831 0.12883435582822086 0.294
5 0.3159509202453988 0.733 0.294478527607362 0.5256000000000001
0 0.36503067484662577 0.573 0.41226993865030676 0.854
