1 0.17734375 0.6411764705882353 0.230625 0.08752941176470587
2 0.2515625 0.6611764705882353 0.052500000000000005 0.04611764705882353
2 0.10078125 0.6247058823529412 0.046875 0.055999999999999994
3 0.17734375 0.5811764705882353 0.230625 0.23152941176470587
4 0.2453125 0.5941176470588235 0.06749999999999999 0.23388235294117646
4 0.115625 0.5647058823529412 0.08249999999999999 0.22399999999999998
5 0.17734375 0.5329411764705883 0.230625 0.3472941176470588
0 0.17734375 0.4435294117647059 0.230625 0.5618823529411764
1 0.5609375 0.5635294117647058 0.195 0.08188235294117646
2 0.6421875 0.5976470588235294 0.0 0.0
2 0.496875 0.5517647058823529 0.041249999999999995 0.06258823529411764
3 0.5609375 0.5635294117647058 0.195 0.0988235294117647
4 0.59375 0.6011764705882353 0.11624999999999999 0.009882352941176469
4 0.5171875 0.548235294117647 0.09 0.0724705882352941
5 0.5609375 0.5576470588235294 0.195 0.11294117647058824
0 0.61015625 0.44941176470588234 0.313125 0.4291764705882353
