1 0.34880239520958084 0.655 0.06826347305389222 0.016800000000000002
2 0.3727544910179641 0.658 0.010778443113772454 0.0112
2 0.3323353293413174 0.653 0.02874251497005988 0.014
3 0.34880239520958084 0.636 0.06826347305389222 0.0624
4 0.3727544910179641 0.637 0.010778443113772454 0.07
4 0.3323353293413174 0.634 0.02874251497005988 0.06719999999999998
5 0.34880239520958084 0.616 0.06826347305389222 0.1104
0 0.37425149700598803 0.573 0.12934131736526944 0.21359999999999998
1 0.7964071856287425 0.72 0.15808383233532933 0.0528
2 0.8562874251497006 0.713 0.01437125748502994 0.042
2 0.7410179640718563 0.734 0.025149700598802397 0.0224
3 0.7964071856287425 0.702 0.15808383233532933 0.096
4 0.8368263473053892 0.704 0.06107784431137724 0.06719999999999998
4 0.7470059880239521 0.702 0.03952095808383233 0.112
5 0.7964071856287425 0.682 0.15808383233532933 0.144
0 0.8068862275449101 0.627 0.24071856287425147 0.276
