1 0.178125 0.859375 0.2425 0.026250000000000002
2 0.22916666666666666 0.85546875 0.11999999999999998 0.0196875
2 0.10625 0.86328125 0.07 0.0196875
3 0.178125 0.7828125 0.2425 0.21000000000000002
4 0.22916666666666666 0.77890625 0.11999999999999998 0.23406249999999998
4 0.13229166666666667 0.7828125 0.13249999999999998 0.24499999999999997
5 0.178125 0.703125 0.2425 0.40125
0 0.178125 0.609375 0.2425 0.62625
1 0.7541666666666667 0.921875 0.46499999999999997 0.07875
2 0.7541666666666667 0.921875 0.46499999999999997 0.05249999999999999
2 0.746875 0.921875 0.09749999999999999 0.091875
3 0.7541666666666667 0.82421875 0.46499999999999997 0.313125
4 0.7541666666666667 0.82109375 0.46499999999999997 0.33468749999999997
4 0.746875 0.82421875 0.09749999999999999 0.3515625
5 0.7541666666666667 0.69375 0.46499999999999997 0.6125
0 0.7541666666666667 0.53671875 0.46499999999999997 0.9265625
