1 0.31640625 0.6838407494145199 0.039375 0.005620608899297424
2 0.30625 0.6838407494145199 0.015 0.006557377049180328
2 0.3296875 0.6838407494145199 0.0075 0.006557377049180328
3 0.31640625 0.65807962529274 0.039375 0.06744730679156909
4 0.30703125 0.65807962529274 0.016874999999999998 0.07868852459016393
4 0.3296875 0.6592505854800936 0.0075 0.07540983606557376
5 0.31640625 0.6370023419203747 0.039375 0.1180327868852459
0 0.31640625 0.6053864168618267 0.039375 0.1939110070257611
1 0.88515625 0.7259953161592506 0.024375 0.011241217798594848
2 0.88046875 0.7283372365339579 0.013125000000000001 0.006557377049180328
2 0.89453125 0.7236533957845434 0.001875 0.006557377049180328
3 0.88515625 0.7037470725995316 0.024375 0.06463700234192037
4 0.88046875 0.7049180327868853 0.013125000000000001 0.0721311475409836
4 0.89453125 0.7014051522248244 0.001875 0.06885245901639343
5 0.88515625 0.6744730679156908 0.024375 0.13489461358313817
0 0.8828125 0.6334894613583139 0.06375 0.2332552693208431
