1 0.52578125 0.6074766355140186 0.073125 0.011214953271028037
2 0.49765625 0.6039719626168224 0.005625 0.0032710280373831773
2 0.55234375 0.6086448598130841 0.009375 0.00981308411214953
3 0.52578125 0.5852803738317757 0.073125 0.06448598130841121
4 0.50390625 0.5817757009345794 0.020624999999999998 0.06542056074766354
4 0.55234375 0.5852803738317757 0.009375 0.07523364485981307
5 0.52578125 0.5619158878504673 0.073125 0.1205607476635514
0 0.52578125 0.5397196261682243 0.073125 0.17383177570093455
1 0.0125 0.6203271028037384 0.0225 0.008411214953271027
2 0.00859375 0.6214953271028038 0.013125000000000001 0.006542056074766355
2 0.021875 0.6179906542056075 0.0 0.0032710280373831773
3 0.01875 0.5981308411214953 0.0375 0.0616822429906542
4 0.01875 0.6016355140186916 0.0375 0.06214953271028037
4 0.02265625 0.5957943925233645 0.001875 0.06542056074766354
5 0.03203125 0.5817757009345794 0.0640625 0.10093457943925233
0 0.04921875 0.5420560747663551 0.0984375 0.19626168224299065
