1 0.5565286624203821 0.78203125 0.1127388535031847 0.039375
2 0.589171974522293 0.784375 0.034394904458598725 0.039375
2 0.5207006369426752 0.78046875 0.0267515923566879 0.041562499999999995
3 0.5565286624203821 0.7453125 0.1127388535031847 0.1275
4 0.589171974522293 0.746875 0.034394904458598725 0.14437499999999998
4 0.5214968152866242 0.74375 0.028662420382165606 0.14437499999999998
5 0.5565286624203821 0.69453125 0.1127388535031847 0.24937499999999999
0 0.5605095541401274 0.61015625 0.12229299363057325 0.45187499999999997
1 0.4036624203821656 0.78515625 0.06305732484076433 0.031875
2 0.3964968152866242 0.78515625 0.045859872611464965 0.0371875
2 0.40605095541401276 0.7859375 0.05732484076433121 0.034999999999999996
3 0.4068471337579618 0.73359375 0.07070063694267516 0.15562499999999999
4 0.4068471337579618 0.734375 0.07070063694267516 0.179375
4 0.40605095541401276 0.73359375 0.05732484076433121 0.1815625
5 0.41321656050955413 0.6796875 0.08598726114649681 0.28500000000000003
0 0.4124203821656051 0.59453125 0.17197452229299362 0.489375
