1 0.37850467289719625 0.91328125 0.43738317757009343 0.114375
2 0.5175233644859814 0.8890625 0.10373831775700934 0.065625
2 0.21261682242990654 0.93203125 0.03925233644859813 0.0809375
3 0.37850467289719625 0.85 0.43738317757009343 0.26625
4 0.5175233644859814 0.8265625 0.10373831775700934 0.240625
4 0.25116822429906543 0.85 0.13177570093457944 0.3
5 0.37850467289719625 0.76484375 0.43738317757009343 0.4703125
0 0.33294392523364486 0.60234375 0.5467289719626168 0.7953125
1 0.7067757009345794 0.5765625 0.33364485981308406 0.06749999999999999
2 0.6051401869158879 0.56484375 0.08971962616822429 0.0459375
2 0.8002336448598131 0.59921875 0.10934579439252336 0.015312499999999998
3 0.7067757009345794 0.52734375 0.33364485981308406 0.18562499999999998
4 0.6413551401869159 0.515625 0.17663551401869157 0.18375
4 0.8002336448598131 0.5296875 0.10934579439252336 0.20999999999999996
5 0.7067757009345794 0.47421875 0.33364485981308406 0.313125
0 0.7067757009345794 0.37109375 0.33364485981308406 0.560625
