1 0.80625 0.7489583333333333 0.20249999999999999 0.042499999999999996
2 0.8734375 0.75625 0.041249999999999995 0.029166666666666667
2 0.7453125 0.7364583333333333 0.05625 0.014583333333333334
3 0.80625 0.678125 0.20249999999999999 0.2125
4 0.8734375 0.684375 0.041249999999999995 0.23041666666666666
4 0.746875 0.665625 0.06 0.21291666666666664
5 0.80625 0.6385416666666667 0.20249999999999999 0.3075
0 0.80625 0.575 0.20249999999999999 0.45999999999999996
1 0.57578125 0.853125 0.15562499999999999 0.0625
2 0.53984375 0.8666666666666667 0.06937499999999999 0.034999999999999996
2 0.61640625 0.8416666666666667 0.058124999999999996 0.040833333333333326
3 0.57578125 0.7822916666666667 0.15562499999999999 0.23249999999999998
4 0.53984375 0.7854166666666667 0.06937499999999999 0.26249999999999996
4 0.61640625 0.7708333333333334 0.058124999999999996 0.23916666666666667
5 0.57578125 0.7010416666666667 0.15562499999999999 0.4275
0 0.57578125 0.56875 0.15562499999999999 0.7449999999999999
