1 0.3078125 0.8385416666666666 0.07125000000000001 0.0225
2 0.33515625 0.8395833333333333 0.005625 0.02333333333333333
2 0.28359375 0.8375 0.013125000000000001 0.02333333333333333
3 0.3078125 0.80625 0.07125000000000001 0.1
4 0.33515625 0.8083333333333333 0.005625 0.11083333333333333
4 0.28359375 0.8052083333333333 0.013125000000000001 0.11374999999999999
5 0.3078125 0.7979166666666667 0.07125000000000001 0.11999999999999998
0 0.30859375 0.7645833333333333 0.073125 0.2
1 0.2265625 0.8333333333333334 0.10874999999999999 0.029999999999999995
2 0.234375 0.8375 0.09 0.02333333333333333
2 0.2046875 0.83125 0.05625 0.029166666666666667
3 0.2265625 0.8052083333333333 0.10874999999999999 0.09749999999999999
4 0.234375 0.8072916666666666 0.09 0.10791666666666666
4 0.2046875 0.803125 0.05625 0.10791666666666666
5 0.2265625 0.8010416666666667 0.10874999999999999 0.1075
0 0.228125 0.759375 0.1125 0.2075
1 0.1921875 0.8333333333333334 0.033749999999999995 0.029999999999999995
2 0.20078125 0.8364583333333333 0.013125000000000001 0.02625
2 0.18359375 0.83125 0.013125000000000001 0.029166666666666667
3 0.18203125 0.809375 0.058124999999999996 0.0875
4 0.20078125 0.809375 0.013125000000000001 0.10208333333333333
4 0.1734375 0.809375 0.0375 0.09041666666666666
5 0.18515625 0.8 0.065625 0.11
0 0.1921875 0.7572916666666667 0.08249999999999999 0.2125
1 0.09765625 0.8375 0.024375 0.025
2 0.09375 0.8302083333333333 0.015 0.008749999999999999
2 0.10234375 0.8375 0.013125000000000001 0.029166666666666667
3 0.1109375 0.8125 0.05625 0.08499999999999999
4 0.1109375 0.8052083333333333 0.05625 0.07875
4 0.10703125 0.8125 0.024375 0.09916666666666665
5 0.121875 0.8 0.08249999999999999 0.11499999999999999
0 0.128125 0.7604166666666666 0.0975 0.21
1 0.72109375 0.8479166666666667 0.061875 0.01
2 0.7390625 0.846875 0.01875 0.008749999999999999
2 0.70234375 0.8479166666666667 0.016874999999999998 0.011666666666666665
3 0.72109375 0.8166666666666667 0.061875 0.08499999999999999
4 0.7390625 0.815625 0.01875 0.09624999999999999
4 0.70234375 0.8166666666666667 0.016874999999999998 0.09916666666666665
5 0.71484375 0.809375 0.076875 0.1025
0 0.71015625 0.76875 0.088125 0.2
1 0.7765625 0.8583333333333333 0.05625 0.014999999999999998
2 0.7921875 0.8583333333333333 0.01875 0.017499999999999998
2 0.75859375 0.8572916666666667 0.013125000000000001 0.008749999999999999
3 0.7765625 0.8270833333333333 0.05625 0.09
4 0.79140625 0.8270833333333333 0.020624999999999998 0.105
4 0.75859375 0.828125 0.013125000000000001 0.09041666666666666
5 0.7765625 0.8125 0.05625 0.125
0 0.7765625 0.778125 0.05625 0.2075
