1 0.5609375 0.8623949579831933 0.27749999999999997 0.08319327731092438
2 0.66640625 0.8602941176470589 0.024375 0.09117647058823529
2 0.4734375 0.8813025210084033 0.06749999999999999 0.04411764705882353
3 0.5609375 0.8046218487394958 0.27749999999999997 0.2218487394957983
4 0.6421875 0.805672268907563 0.08249999999999999 0.2441176470588235
4 0.4734375 0.8046218487394958 0.06749999999999999 0.2588235294117647
5 0.5609375 0.7111344537815126 0.27749999999999997 0.446218487394958
0 0.5609375 0.5850840336134454 0.27749999999999997 0.7487394957983193
1 0.75703125 0.8855042016806722 0.238125 0.09327731092436975
2 0.67734375 0.9065126050420168 0.046875 0.049999999999999996
2 0.82734375 0.8823529411764706 0.06937499999999999 0.09999999999999999
3 0.75703125 0.8172268907563025 0.238125 0.2571428571428571
4 0.6859375 0.8172268907563025 0.06749999999999999 0.3
4 0.81328125 0.819327731092437 0.103125 0.2764705882352941
5 0.75703125 0.7352941176470589 0.238125 0.453781512605042
0 0.765625 0.5966386554621849 0.25875 0.7865546218487395
