1 0.64140625 0.8119158878504673 0.166875 0.06448598130841121
2 0.703125 0.8154205607476636 0.01875 0.06542056074766354
2 0.584375 0.8060747663551402 0.03 0.058878504672897194
3 0.64140625 0.7535046728971962 0.166875 0.20467289719626167
4 0.68359375 0.7535046728971962 0.065625 0.23878504672897194
4 0.584375 0.7476635514018691 0.03 0.22242990654205605
5 0.64140625 0.6799065420560748 0.166875 0.38130841121495324
0 0.64140625 0.5408878504672897 0.313125 0.7149532710280374
1 0.38828125 0.9007009345794392 0.20437499999999997 0.17102803738317757
2 0.44453125 0.8633177570093458 0.06937499999999999 0.09485981308411214
2 0.3359375 0.9544392523364486 0.07875 0.04906542056074766
3 0.38828125 0.8656542056074766 0.20437499999999997 0.25514018691588786
4 0.428125 0.8282710280373832 0.10874999999999999 0.19299065420560746
4 0.3359375 0.8738317757009346 0.07875 0.2523364485981308
5 0.38828125 0.8014018691588785 0.20437499999999997 0.397196261682243
0 0.38828125 0.6460280373831776 0.20437499999999997 0.7079439252336449
