1 0.32421875 0.834375 0.103125 0.057499999999999996
2 0.2890625 0.8541666666666666 0.01875 0.011666666666666665
2 0.359375 0.821875 0.01875 0.03208333333333333
3 0.32421875 0.81875 0.103125 0.095
4 0.2890625 0.8260416666666667 0.01875 0.09041666666666666
4 0.35390625 0.80625 0.031875 0.07583333333333334
5 0.32421875 0.7927083333333333 0.103125 0.1575
0 0.32890625 0.7427083333333333 0.114375 0.27749999999999997
1 0.5296875 0.7458333333333333 0.041249999999999995 0.014999999999999998
2 0.54296875 0.7447916666666666 0.009375 0.014583333333333334
2 0.5171875 0.7479166666666667 0.01125 0.011666666666666665
3 0.5296875 0.725 0.041249999999999995 0.065
4 0.54296875 0.725 0.009375 0.06999999999999999
4 0.5171875 0.725 0.01125 0.07583333333333334
5 0.5296875 0.7052083333333333 0.041249999999999995 0.1125
0 0.528125 0.659375 0.045 0.2225
1 0.6328125 0.6864583333333333 0.08625 0.0225
2 0.6625 0.6822916666666666 0.015 0.014583333333333334
2 0.603125 0.6885416666666667 0.015 0.020416666666666663
3 0.6328125 0.659375 0.08625 0.0875
4 0.6578125 0.6552083333333333 0.026250000000000002 0.09041666666666666
4 0.6046875 0.659375 0.01875 0.10208333333333333
5 0.6328125 0.6291666666666667 0.08625 0.16
0 0.6328125 0.5833333333333334 0.08625 0.26999999999999996
1 0.721875 0.68125 0.0375 0.01
2 0.73515625 0.6802083333333333 0.005625 0.008749999999999999
2 0.709375 0.6822916666666666 0.0075 0.008749999999999999
3 0.721875 0.6708333333333333 0.0375 0.035
4 0.734375 0.6708333333333333 0.0075 0.034999999999999996
4 0.709375 0.6708333333333333 0.0075 0.040833333333333326
5 0.721875 0.6520833333333333 0.0375 0.08
0 0.721875 0.6114583333333333 0.0375 0.17750000000000002
1 0.18046875 0.7552083333333334 0.080625 0.0225
2 0.203125 0.753125 0.026250000000000002 0.020416666666666663
2 0.153125 0.759375 0.015 0.014583333333333334
3 0.1796875 0.7239583333333334 0.08249999999999999 0.09749999999999999
4 0.19921875 0.721875 0.035625000000000004 0.10791666666666666
4 0.15234375 0.7260416666666667 0.016874999999999998 0.10791666666666666
5 0.17890625 0.690625 0.084375 0.17750000000000002
0 0.15390625 0.625 0.14437499999999998 0.33499999999999996
