1 0.278125 0.528125 0.041249999999999995 0.0125
2 0.2875 0.525 0.01875 0.005833333333333333
2 0.2671875 0.5302083333333333 0.015 0.008749999999999999
3 0.278125 0.5125 0.041249999999999995 0.05
4 0.2875 0.509375 0.01875 0.049583333333333326
4 0.2671875 0.5135416666666667 0.015 0.05541666666666666
5 0.278125 0.490625 0.041249999999999995 0.1025
0 0.27734375 0.453125 0.043125 0.19249999999999998
1 0.33671875 0.9135416666666667 0.058124999999999996 0.0325
2 0.35 0.909375 0.026250000000000002 0.02625
2 0.32578125 0.91875 0.031875 0.02333333333333333
3 0.33671875 0.878125 0.058124999999999996 0.1175
4 0.35 0.8739583333333333 0.026250000000000002 0.12541666666666665
4 0.32890625 0.8802083333333334 0.039375 0.13124999999999998
5 0.3375 0.8364583333333333 0.06 0.21749999999999997
0 0.33984375 0.7677083333333333 0.065625 0.3825
1 0.84765625 0.6270833333333333 0.065625 0.02
2 0.86953125 0.6270833333333333 0.013125000000000001 0.02333333333333333
2 0.82734375 0.6291666666666667 0.016874999999999998 0.017499999999999998
3 0.84765625 0.60625 0.065625 0.07
4 0.86484375 0.6104166666666667 0.024375 0.06999999999999999
4 0.82734375 0.60625 0.016874999999999998 0.08166666666666665
5 0.84765625 0.5854166666666667 0.065625 0.11999999999999998
0 0.84765625 0.5385416666666667 0.065625 0.23249999999999998
