1 0.330188679245283 0.78984375 0.17547169811320754 0.016874999999999998
2 0.2606132075471698 0.79453125 0.008490566037735849 0.006562499999999999
2 0.38325471698113206 0.7890625 0.04811320754716981 0.017499999999999998
3 0.330188679245283 0.759375 0.17547169811320754 0.09
4 0.27004716981132076 0.76015625 0.031132075471698113 0.1028125
4 0.37735849056603776 0.75859375 0.062264150943396226 0.1028125
5 0.330188679245283 0.73046875 0.17547169811320754 0.159375
0 0.330188679245283 0.66953125 0.17547169811320754 0.305625
1 0.652122641509434 0.7953125 0.15566037735849056 0.015
2 0.7016509433962265 0.7984375 0.03679245283018868 0.008749999999999999
2 0.5943396226415094 0.7953125 0.016981132075471698 0.017499999999999998
3 0.652122641509434 0.76171875 0.15566037735849056 0.09562499999999999
4 0.6933962264150944 0.76171875 0.05660377358490566 0.11156249999999998
4 0.6155660377358491 0.7640625 0.06792452830188679 0.10499999999999998
5 0.652122641509434 0.73359375 0.15566037735849056 0.163125
0 0.6627358490566038 0.67109375 0.19245283018867923 0.313125
