1 0.77 0.9050131926121372 0.12 0.07598944591029023
2 0.748 0.9089709762532981 0.06720000000000001 0.07757255936675461
2 0.796 0.8984168865435356 0.05759999999999999 0.07018469656992084
3 0.736 0.8469656992084432 0.2016 0.21530343007915564
4 0.714 0.8588390501319261 0.1488 0.2179419525065963
4 0.783 0.8403693931398417 0.0888 0.2327176781002638
5 0.751 0.841688654353562 0.2376 0.2279683377308707
0 0.751 0.7269129287598944 0.2376 0.5034300791556727
1 0.391 0.8337730870712401 0.20879999999999999 0.0633245382585752
2 0.463 0.8403693931398417 0.036 0.055408970976253295
2 0.321 0.8298153034300791 0.040799999999999996 0.06279683377308706
3 0.391 0.7638522427440633 0.20879999999999999 0.23113456464379944
4 0.454 0.7678100263852242 0.05759999999999999 0.25857519788918204
4 0.326 0.7598944591029023 0.0528 0.25857519788918204
5 0.391 0.6899736147757256 0.20879999999999999 0.40844327176781
0 0.391 0.5712401055408971 0.20879999999999999 0.6934036939313984
