1 0.39140625 0.8576051779935275 0.234375 0.08155339805825243
2 0.4625 0.8389967637540453 0.06375 0.03398058252427184
2 0.30546875 0.8576051779935275 0.028125 0.09514563106796116
3 0.39140625 0.7888349514563107 0.234375 0.24660194174757283
4 0.4625 0.7686084142394822 0.06375 0.23106796116504852
4 0.3515625 0.8187702265372169 0.13874999999999998 0.20388349514563103
5 0.39140625 0.7588996763754046 0.234375 0.31844660194174756
0 0.41796875 0.6076051779935275 0.298125 0.6815533980582524
1 0.19921875 0.779126213592233 0.136875 0.18834951456310678
2 0.23828125 0.8414239482200647 0.043125 0.045307443365695796
2 0.14921875 0.7435275080906149 0.016874999999999998 0.12006472491909383
3 0.2109375 0.7621359223300971 0.16499999999999998 0.229126213592233
4 0.25 0.7718446601941747 0.07125000000000001 0.24012944983818765
4 0.209375 0.7265372168284789 0.16125 0.1676375404530744
5 0.23046875 0.6957928802588996 0.21187499999999998 0.3883495145631068
0 0.27109375 0.5388349514563107 0.328125 0.7650485436893203
