1 0.55625 0.7949790794979079 0.08249999999999999 0.12552301255230125
2 0.57578125 0.752092050209205 0.035625000000000004 0.026359832635983262
2 0.54765625 0.8263598326359832 0.061875 0.058577405857740586
3 0.55625 0.75418410041841 0.08249999999999999 0.22343096234309623
4 0.57578125 0.7112970711297071 0.035625000000000004 0.1405857740585774
4 0.54765625 0.7646443514644351 0.061875 0.2313807531380753
5 0.55703125 0.6820083682008368 0.084375 0.39665271966527194
0 0.55078125 0.5543933054393305 0.125625 0.702928870292887
1 0.69609375 0.8556485355648535 0.088125 0.0803347280334728
2 0.725 0.8608786610878661 0.01875 0.07907949790794978
2 0.66796875 0.8389121338912134 0.020624999999999998 0.04686192468619246
3 0.69375 0.799163179916318 0.09375 0.21589958158995817
4 0.71875 0.8106694560669456 0.033749999999999995 0.2196652719665272
4 0.665625 0.7824267782426778 0.026250000000000002 0.20502092050209206
5 0.68828125 0.74581589958159 0.10687499999999998 0.34393305439330546
0 0.6828125 0.5899581589958159 0.16875 0.7179916317991631
1 0.4125 0.7897489539748954 0.10500000000000001 0.09790794979079498
2 0.4390625 0.7698744769874477 0.041249999999999995 0.058577405857740586
2 0.38671875 0.8148535564853556 0.043125 0.043933054393305436
3 0.4125 0.7395397489539749 0.10500000000000001 0.21841004184100415
4 0.4390625 0.7196652719665272 0.041249999999999995 0.19916317991631796
4 0.38671875 0.7468619246861925 0.043125 0.23430962343096234
5 0.4125 0.6882845188284519 0.10500000000000001 0.3414225941422594
0 0.428125 0.5177824267782427 0.15 0.7506276150627615
1 0.2671875 0.8441422594142259 0.1575 0.08284518828451883
2 0.32578125 0.8221757322175732 0.016874999999999998 0.03514644351464435
2 0.2109375 0.8598326359832636 0.0225 0.052719665271966525
3 0.2671875 0.7803347280334728 0.1575 0.23598326359832636
4 0.32265625 0.7583682008368201 0.024375 0.21380753138075312
4 0.22109375 0.7803347280334728 0.046875 0.27531380753138074
5 0.2671875 0.7071129707112971 0.1575 0.4117154811715481
0 0.284375 0.5585774058577406 0.22125 0.7682008368200837
