1 0.5046875 0.6686182669789227 0.07875 0.053395784543325525
2 0.53125 0.6814988290398126 0.015 0.02622950819672131
2 0.4765625 0.65807962529274 0.01125 0.03278688524590164
3 0.5046875 0.6463700234192038 0.07875 0.10679156908665105
4 0.53125 0.6498829039812647 0.015 0.11475409836065574
4 0.48359375 0.6358313817330211 0.028125 0.09508196721311474
5 0.5046875 0.6159250585480094 0.07875 0.17985948477751756
0 0.51875 0.563231850117096 0.1125 0.3063231850117096
1 0.334375 0.7540983606557377 0.08249999999999999 0.02810304449648712
2 0.33671875 0.747072599531616 0.076875 0.013114754098360656
2 0.32421875 0.7540983606557377 0.058124999999999996 0.03278688524590164
3 0.334375 0.7224824355971897 0.08249999999999999 0.10398126463700234
4 0.33671875 0.7177985948477752 0.076875 0.09508196721311474
4 0.32421875 0.7224824355971897 0.058124999999999996 0.12131147540983606
5 0.334375 0.6791569086651054 0.08249999999999999 0.2079625292740047
0 0.33828125 0.6159250585480094 0.09562499999999999 0.35971896955503513
