1 0.9109375 0.7030516431924883 0.17625 0.04225352112676056
2 0.84453125 0.7030516431924883 0.016874999999999998 0.04929577464788732
2 0.96953125 0.7112676056338029 0.035625000000000004 0.019718309859154928
3 0.91328125 0.5363849765258216 0.1734375 0.4422535211267606
4 0.84453125 0.5363849765258216 0.016874999999999998 0.5159624413145539
4 0.971875 0.5528169014084507 0.041249999999999995 0.4633802816901408
0 0.91328125 0.5363849765258216 0.1734375 0.4422535211267606
1 0.58046875 0.07746478873239436 0.14437499999999998 0.06197183098591549
2 0.6203125 0.07511737089201878 0.04875 0.06572769953051644
2 0.54375 0.07746478873239436 0.05625 0.07230046948356807
0 0.58046875 0.07746478873239436 0.14437499999999998 0.06197183098591549
1 0.753125 0.08098591549295775 0.09 0.07042253521126761
2 0.753125 0.09507042253521127 0.09 0.04272300469483568
2 0.7375 0.06690140845070422 0.04875 0.04272300469483568
0 0.753125 0.08098591549295775 0.09 0.07042253521126761
1 0.23515625 0.323943661971831 0.163125 0.10704225352112677
2 0.26796875 0.3204225352112676 0.084375 0.11502347417840375
2 0.184375 0.32629107981220656 0.041249999999999995 0.11830985915492957
3 0.23515625 0.19014084507042253 0.163125 0.38028169014084506
4 0.26796875 0.19131455399061034 0.084375 0.3826291079812207
4 0.184375 0.19014084507042253 0.041249999999999995 0.38028169014084506
0 0.23515625 0.19014084507042253 0.163125 0.38028169014084506
1 0.10625 0.06103286384976526 0.10874999999999999 0.0676056338028169
2 0.13828125 0.045774647887323945 0.031875 0.009859154929577464
2 0.078125 0.06103286384976526 0.041249999999999995 0.07887323943661971
0 0.10625 0.06103286384976526 0.10874999999999999 0.0676056338028169
