1 0.36796875 0.8983228511530398 0.7181249999999999 0.08301886792452831
2 0.6234375 0.9213836477987422 0.10500000000000001 0.032285115303983224
2 0.0890625 0.8773584905660378 0.04875 0.03815513626834381
3 0.36796875 0.8207547169811321 0.7181249999999999 0.2691823899371069
4 0.6046875 0.8207547169811321 0.15 0.31404612159329137
4 0.159375 0.8333333333333334 0.21749999999999997 0.16142557651991615
5 0.36796875 0.7872117400419287 0.7181249999999999 0.34968553459119495
0 0.36796875 0.6027253668763103 0.7181249999999999 0.7924528301886793
1 0.84609375 0.11530398322851153 0.073125 0.015094339622641508
2 0.86640625 0.11425576519916142 0.024375 0.014675052410901468
2 0.82109375 0.11530398322851153 0.013125000000000001 0.017610062893081757
0 0.84609375 0.11530398322851153 0.073125 0.015094339622641508
1 0.5484375 0.11425576519916142 0.06749999999999999 0.027672955974842765
2 0.56953125 0.11530398322851153 0.016874999999999998 0.029350104821802937
2 0.52734375 0.11425576519916142 0.016874999999999998 0.032285115303983224
0 0.5484375 0.11425576519916142 0.06749999999999999 0.027672955974842765
