1 0.70546875 0.98125 0.354375 0.035
2 0.5828125 0.9885416666666667 0.06 0.020416666666666663
2 0.834375 0.9791666666666666 0.045 0.034999999999999996
3 0.70546875 0.878125 0.354375 0.24375
4 0.584375 0.878125 0.06375 0.24375
4 0.8203125 0.8864583333333333 0.07875 0.22708333333333333
5 0.70546875 0.78125 0.354375 0.4375
0 0.70546875 0.6677083333333333 0.354375 0.6645833333333333
1 0.3921875 0.20625 0.12 0.014999999999999998
2 0.4390625 0.20625 0.0075 0.017499999999999998
2 0.3546875 0.20729166666666668 0.03 0.008749999999999999
3 0.3921875 0.15833333333333333 0.12 0.13
4 0.43828125 0.15833333333333333 0.009375 0.15166666666666667
4 0.3578125 0.15729166666666666 0.0375 0.14875
5 0.3921875 0.128125 0.12 0.2025
0 0.3921875 0.12083333333333333 0.12 0.22
1 0.49765625 0.33541666666666664 0.091875 0.029999999999999995
2 0.5171875 0.33541666666666664 0.045 0.034999999999999996
2 0.4625 0.34375 0.0075 0.005833333333333333
3 0.49765625 0.2864583333333333 0.091875 0.1475
4 0.5171875 0.29270833333333335 0.045 0.15458333333333332
4 0.47578125 0.28541666666666665 0.039375 0.16916666666666663
5 0.49765625 0.23125 0.091875 0.28
0 0.509375 0.17708333333333334 0.12 0.3541666666666667
