1 0.490625 0.8037383177570093 0.07125000000000001 0.028037383177570093
2 0.509375 0.7978971962616822 0.026250000000000002 0.016355140186915886
2 0.47578125 0.8072429906542056 0.035625000000000004 0.02289719626168224
3 0.490625 0.7593457943925234 0.07125000000000001 0.13457943925233642
4 0.50859375 0.7535046728971962 0.028125 0.14065420560747663
4 0.47578125 0.7616822429906542 0.035625000000000004 0.15046728971962614
5 0.4859375 0.6927570093457944 0.08249999999999999 0.29439252336448596
0 0.44140625 0.5922897196261683 0.189375 0.5355140186915888
1 0.76328125 0.8376168224299065 0.080625 0.047663551401869154
2 0.78828125 0.844626168224299 0.020624999999999998 0.03598130841121495
2 0.7375 0.8317757009345794 0.01875 0.03925233644859812
3 0.759375 0.780373831775701 0.09 0.18504672897196262
4 0.78828125 0.780373831775701 0.020624999999999998 0.2158878504672897
4 0.73359375 0.7757009345794392 0.028125 0.19626168224299065
5 0.75546875 0.7231308411214953 0.09937499999999999 0.32242990654205606
0 0.73828125 0.6203271028037384 0.18187499999999998 0.5691588785046728
1 0.2546875 0.7745327102803738 0.1275 0.06448598130841121
2 0.2890625 0.7792056074766355 0.045 0.06214953271028037
2 0.23515625 0.7745327102803738 0.080625 0.07523364485981307
3 0.26953125 0.7149532710280374 0.163125 0.20747663551401868
4 0.30390625 0.7289719626168224 0.080625 0.202803738317757
4 0.2484375 0.7149532710280374 0.1125 0.24205607476635513
5 0.27734375 0.6635514018691588 0.18187499999999998 0.3308411214953271
0 0.3015625 0.5432242990654206 0.24 0.6196261682242991
1 0.59921875 0.8060747663551402 0.06937499999999999 0.03925233644859813
2 0.61640625 0.8072429906542056 0.028125 0.042523364485981305
2 0.58203125 0.8037383177570093 0.028125 0.03925233644859812
3 0.59453125 0.7464953271028038 0.080625 0.1822429906542056
4 0.61640625 0.7464953271028038 0.028125 0.21261682242990654
4 0.57734375 0.7546728971962616 0.039375 0.17663551401869157
5 0.59375 0.6880841121495327 0.08249999999999999 0.32242990654205606
0 0.58359375 0.6051401869158879 0.10687499999999998 0.5214953271028037
