1 0.4796875 0.5729166666666666 0.04875 0.005
2 0.49609375 0.5729166666666666 0.009375 0.005833333333333333
2 0.4625 0.5729166666666666 0.0075 0.005833333333333333
3 0.4796875 0.546875 0.04875 0.06749999999999999
4 0.49609375 0.55 0.009375 0.06999999999999999
4 0.46484375 0.546875 0.013125000000000001 0.07875
5 0.4796875 0.5270833333333333 0.04875 0.11499999999999999
0 0.48125 0.490625 0.052500000000000005 0.2025
1 0.65234375 0.6572916666666667 0.133125 0.0375
2 0.6921875 0.65 0.0375 0.02333333333333333
2 0.609375 0.6645833333333333 0.03 0.02333333333333333
3 0.65234375 0.59375 0.133125 0.19
4 0.6875 0.5864583333333333 0.04875 0.20124999999999998
4 0.609375 0.5947916666666667 0.03 0.21875
5 0.65234375 0.5458333333333333 0.133125 0.305
0 0.6515625 0.4583333333333333 0.18375 0.515
