1 0.38359375 0.6721698113207547 0.031875 0.09056603773584905
2 0.3796875 0.6650943396226415 0.0225 0.0660377358490566
2 0.38984375 0.6721698113207547 0.016874999999999998 0.10566037735849056
3 0.3734375 0.5990566037735849 0.05625 0.2660377358490566
4 0.3734375 0.5884433962264151 0.0375 0.28066037735849053
4 0.3734375 0.6155660377358491 0.05625 0.2641509433962264
5 0.36328125 0.5389150943396226 0.080625 0.41037735849056606
0 0.34296875 0.41627358490566035 0.151875 0.7047169811320755
1 0.878125 0.7511792452830188 0.24375 0.0820754716981132
2 0.79375 0.75 0.08249999999999999 0.02641509433962264
2 0.98359375 0.7511792452830188 0.031875 0.09575471698113207
3 0.878125 0.6686320754716981 0.24375 0.280188679245283
4 0.79375 0.6556603773584906 0.08249999999999999 0.29056603773584905
4 0.96015625 0.6804245283018868 0.0796875 0.29386792452830185
5 0.878125 0.6049528301886793 0.24375 0.43301886792452826
0 0.878125 0.45047169811320753 0.24375 0.8037735849056604
1 0.55625 0.7287735849056604 0.09375 0.045283018867924525
2 0.57421875 0.7370283018867925 0.050624999999999996 0.029716981132075472
2 0.54453125 0.7193396226415094 0.065625 0.02641509433962264
3 0.57421875 0.6674528301886793 0.136875 0.19245283018867923
4 0.58046875 0.6674528301886793 0.065625 0.22452830188679243
4 0.57421875 0.6768867924528302 0.136875 0.14528301886792452
5 0.609375 0.6155660377358491 0.22125 0.31698113207547174
0 0.61328125 0.4858490566037736 0.230625 0.6283018867924528
