1 0.349 0.5973333333333334 0.1416 0.025599999999999998
2 0.397 0.5973333333333334 0.0264 0.029866666666666666
2 0.301 0.592 0.0264 0.014933333333333333
3 0.349 0.5773333333333334 0.1416 0.0736
4 0.389 0.5786666666666667 0.0456 0.08213333333333332
4 0.312 0.572 0.0528 0.07093333333333333
5 0.349 0.5773333333333334 0.1416 0.0736
0 0.349 0.552 0.1416 0.1344
1 0.482 0.548 0.043199999999999995 0.028799999999999996
2 0.477 0.548 0.0312 0.0336
2 0.486 0.5466666666666666 0.033600000000000005 0.022399999999999996
3 0.488 0.5186666666666667 0.05759999999999999 0.09919999999999998
4 0.488 0.5213333333333333 0.05759999999999999 0.10826666666666665
4 0.486 0.516 0.033600000000000005 0.10826666666666665
5 0.496 0.488 0.0768 0.17279999999999998
0 0.504 0.41333333333333333 0.096 0.352
