1 0.46796875 0.6697892271662763 0.20437499999999997 0.05058548009367681
2 0.53828125 0.6639344262295082 0.035625000000000004 0.04262295081967213
2 0.39609375 0.6744730679156908 0.031875 0.04590163934426229
3 0.46796875 0.5995316159250585 0.20437499999999997 0.21920374707259951
4 0.53515625 0.5936768149882904 0.043125 0.23934426229508193
4 0.39609375 0.6018735362997658 0.031875 0.24918032786885244
5 0.46796875 0.585480093676815 0.20437499999999997 0.2529274004683841
0 0.46796875 0.49063231850117095 0.20437499999999997 0.4805620608899297
1 0.5921875 0.6147540983606558 0.10124999999999999 0.1433255269320843
2 0.565625 0.5714285714285714 0.0375 0.04590163934426229
2 0.625 0.6627634660421545 0.0225 0.03278688524590164
3 0.5921875 0.5550351288056206 0.10124999999999999 0.2866510538641686
4 0.58125 0.5117096018735363 0.075 0.21311475409836064
4 0.6234375 0.5819672131147541 0.026250000000000002 0.25901639344262295
5 0.6 0.5550351288056206 0.12 0.2866510538641686
0 0.58984375 0.4613583138173302 0.170625 0.5114754098360655
1 0.33671875 0.6627634660421545 0.043125 0.08430913348946135
2 0.32890625 0.6709601873536299 0.024375 0.07540983606557376
2 0.34453125 0.6463700234192038 0.024375 0.05245901639344262
3 0.3234375 0.6100702576112412 0.075 0.2107728337236534
4 0.33125 0.6100702576112412 0.03 0.2459016393442623
4 0.3234375 0.5936768149882904 0.075 0.19999999999999998
5 0.3234375 0.5889929742388759 0.075 0.2613583138173302
0 0.31796875 0.477751756440281 0.114375 0.5283372365339578
