1 0.4625 0.8069767441860465 0.17625 0.044651162790697675
2 0.51953125 0.8069767441860465 0.039375 0.045581395348837206
2 0.396875 0.8069767441860465 0.01875 0.05209302325581395
3 0.4625 0.7418604651162791 0.17625 0.20093023255813952
4 0.51953125 0.7406976744186047 0.039375 0.2311627906976744
4 0.39921875 0.7488372093023256 0.024375 0.21488372093023253
5 0.4625 0.7023255813953488 0.17625 0.2958139534883721
0 0.4625 0.6058139534883721 0.17625 0.5274418604651162
1 0.15703125 0.7034883720930233 0.073125 0.019534883720930235
2 0.1828125 0.7034883720930233 0.01125 0.022790697674418603
2 0.13828125 0.7058139534883721 0.028125 0.01627906976744186
3 0.159375 0.6616279069767442 0.07875 0.12000000000000001
4 0.18515625 0.6616279069767442 0.016874999999999998 0.13999999999999999
4 0.13828125 0.6627906976744186 0.028125 0.13674418604651162
5 0.159375 0.6290697674418605 0.07875 0.19813953488372094
0 0.16015625 0.5546511627906977 0.080625 0.3767441860465116
1 0.76953125 0.936046511627907 0.129375 0.10325581395348837
2 0.7578125 0.9488372093023256 0.10124999999999999 0.08465116279069768
2 0.76953125 0.9186046511627907 0.129375 0.07162790697674418
3 0.76953125 0.8430232558139535 0.129375 0.313953488372093
4 0.7578125 0.8430232558139535 0.10124999999999999 0.313953488372093
4 0.76953125 0.8255813953488372 0.129375 0.3320930232558139
5 0.76953125 0.7127906976744186 0.129375 0.5744186046511628
0 0.771875 0.522093023255814 0.13499999999999998 0.9558139534883721
