1 0.513 0.7410714285714286 0.1464 0.02857142857142857
2 0.567 0.7410714285714286 0.016800000000000002 0.03333333333333333
2 0.463 0.7425595238095238 0.0264 0.029166666666666664
3 0.513 0.6994047619047619 0.1464 0.12857142857142856
4 0.562 0.6994047619047619 0.028799999999999996 0.15
4 0.47 0.7053571428571429 0.043199999999999995 0.13333333333333333
5 0.513 0.65625 0.1464 0.23214285714285715
0 0.513 0.5922619047619048 0.1464 0.3857142857142857
1 0.119 0.7425595238095238 0.09359999999999999 0.025
2 0.146 0.7395833333333334 0.028799999999999996 0.020833333333333332
2 0.085 0.7485119047619048 0.012 0.012499999999999997
3 0.119 0.7008928571428571 0.09359999999999999 0.125
4 0.146 0.6979166666666666 0.028799999999999996 0.13749999999999998
4 0.096 0.7142857142857143 0.0384 0.10833333333333332
5 0.119 0.6815476190476191 0.09359999999999999 0.1714285714285714
0 0.119 0.6294642857142857 0.09359999999999999 0.29642857142857143
1 0.226 0.7485119047619048 0.1104 0.017857142857142856
2 0.258 0.75 0.033600000000000005 0.016666666666666666
2 0.192 0.7455357142857143 0.028799999999999996 0.012499999999999997
3 0.226 0.7172619047619048 0.1104 0.09285714285714286
4 0.258 0.7172619047619048 0.033600000000000005 0.10833333333333332
4 0.2 0.7142857142857143 0.048 0.09999999999999998
5 0.226 0.7172619047619048 0.1104 0.09285714285714286
0 0.237 0.6666666666666666 0.13679999999999998 0.21428571428571427
