1 0.7015625 0.8833718244803695 0.41624999999999995 0.052655889145496536
2 0.85 0.8914549653579676 0.06 0.038799076212471126
2 0.5609375 0.874133949191686 0.07875 0.03556581986143187
3 0.7015625 0.8094688221709007 0.41624999999999995 0.23002309468822169
4 0.85 0.8094688221709007 0.06 0.26836027713625865
4 0.5734375 0.8117782909930716 0.10874999999999999 0.21016166281755197
5 0.7015625 0.7217090069284064 0.41624999999999995 0.4406466512702078
0 0.7015625 0.5161662817551963 0.41624999999999995 0.9339491916859122
1 0.21953125 0.8810623556581986 0.410625 0.07482678983833718
2 0.365625 0.8810623556581986 0.06 0.08729792147806004
2 0.08046875 0.8683602771362586 0.076875 0.051732101616628175
3 0.21953125 0.8083140877598153 0.410625 0.24942263279445728
4 0.365625 0.8083140877598153 0.06 0.29099307159353344
4 0.08828125 0.8083140877598153 0.09562499999999999 0.21986143187066973
5 0.21953125 0.7009237875288684 0.410625 0.5071593533487297
0 0.21953125 0.5207852193995381 0.410625 0.9394919168591225
