1 0.72265625 0.88671875 0.365625 0.15
2 0.8296875 0.8603515625 0.10874999999999999 0.101171875
2 0.58359375 0.9033203125 0.031875 0.128515625
3 0.72265625 0.796875 0.365625 0.365625
4 0.8296875 0.7705078125 0.10874999999999999 0.352734375
4 0.6109375 0.8076171875 0.0975 0.384765625
5 0.72265625 0.7197265625 0.365625 0.55078125
0 0.72265625 0.5234375 0.365625 0.953125
1 0.22734375 0.8896484375 0.373125 0.15703124999999998
2 0.334375 0.86328125 0.11624999999999999 0.109375
2 0.0875 0.9033203125 0.0375 0.14492187499999998
3 0.22734375 0.80078125 0.373125 0.3703125
4 0.334375 0.7744140625 0.11624999999999999 0.35820312499999996
4 0.1171875 0.806640625 0.10874999999999999 0.38671875
5 0.22734375 0.701171875 0.373125 0.59765625
0 0.22734375 0.5244140625 0.373125 0.951171875
