1 0.45 0.871875 0.16875 0.09749999999999999
2 0.471875 0.875 0.11624999999999999 0.105
2 0.44296875 0.8625 0.151875 0.0875
3 0.45 0.7979166666666667 0.16875 0.275
4 0.46796875 0.7979166666666667 0.125625 0.32083333333333336
4 0.44296875 0.8208333333333333 0.151875 0.20416666666666666
5 0.45 0.7489583333333333 0.16875 0.3925
0 0.45078125 0.6114583333333333 0.24937499999999999 0.7225
1 0.68046875 0.8729166666666667 0.159375 0.08499999999999999
2 0.73671875 0.875 0.024375 0.09333333333333332
2 0.63984375 0.846875 0.061875 0.02625
3 0.68046875 0.828125 0.159375 0.19249999999999998
4 0.70625 0.8364583333333333 0.0975 0.20124999999999998
4 0.63984375 0.8020833333333334 0.061875 0.15166666666666667
5 0.68046875 0.7885416666666667 0.159375 0.2875
0 0.659375 0.6833333333333333 0.21000000000000002 0.5399999999999999
