1 0.6942857142857143 0.911 0.3977142857142857 0.108
2 0.8342857142857143 0.928 0.06171428571428571 0.0784
2 0.5785714285714286 0.891 0.12 0.07
3 0.6942857142857143 0.828 0.3977142857142857 0.3072
4 0.8285714285714286 0.83 0.07542857142857143 0.34
4 0.5785714285714286 0.808 0.12 0.3024
5 0.6942857142857143 0.725 0.3977142857142857 0.55
0 0.6942857142857143 0.565 0.3977142857142857 0.87
1 0.2785714285714286 0.92 0.46971428571428575 0.1008
2 0.4185714285714286 0.897 0.1337142857142857 0.0532
2 0.11 0.93 0.06514285714285714 0.0896
3 0.2785714285714286 0.83 0.46971428571428575 0.3168
4 0.4185714285714286 0.807 0.1337142857142857 0.30519999999999997
4 0.12142857142857143 0.838 0.09257142857142857 0.324
5 0.2785714285714286 0.733 0.46971428571428575 0.534
0 0.2785714285714286 0.583 0.46971428571428575 0.834
