1 0.2684964200477327 0.82734375 0.1116945107398568 0.05437499999999999
2 0.2947494033412888 0.828125 0.04868735083532219 0.06124999999999999
2 0.2386634844868735 0.8265625 0.04009546539379475 0.06124999999999999
3 0.26968973747016706 0.7609375 0.11455847255369929 0.21374999999999997
4 0.29594272076372313 0.7609375 0.051551312649164675 0.24937499999999999
4 0.2386634844868735 0.7625 0.04009546539379475 0.240625
5 0.28162291169451076 0.70546875 0.1431980906921241 0.346875
0 0.2732696897374702 0.61171875 0.16897374701670645 0.571875
1 0.636038186157518 0.7859375 0.1288782816229117 0.075
2 0.6324582338902148 0.7875 0.12028639618138424 0.04375
2 0.6718377088305489 0.7859375 0.04295942720763723 0.0875
3 0.636038186157518 0.7203125 0.1288782816229117 0.23249999999999998
4 0.6324582338902148 0.725 0.12028639618138424 0.21875
4 0.6372315035799523 0.7203125 0.12601431980906921 0.27125
5 0.636038186157518 0.6765625 0.1288782816229117 0.3375
0 0.6384248210023866 0.56484375 0.13460620525059666 0.605625
