1 0.3203125 0.777319587628866 0.09 0.01979381443298969
2 0.290625 0.7835051546391752 0.01875 0.00577319587628866
2 0.346875 0.7742268041237114 0.026250000000000002 0.01443298969072165
3 0.3203125 0.7546391752577319 0.09 0.07422680412371134
4 0.29140625 0.7546391752577319 0.020624999999999998 0.0865979381443299
4 0.346875 0.7525773195876289 0.026250000000000002 0.07505154639175257
5 0.3203125 0.7319587628865979 0.09 0.128659793814433
0 0.3203125 0.6474226804123712 0.09 0.3315463917525773
1 0.15 0.8268041237113402 0.11624999999999999 0.059381443298969064
2 0.1046875 0.8092783505154639 0.0075 0.02020618556701031
2 0.16484375 0.8309278350515464 0.080625 0.0577319587628866
3 0.13671875 0.756701030927835 0.148125 0.22762886597938142
4 0.09140625 0.7391752577319588 0.039375 0.21649484536082475
4 0.16484375 0.756701030927835 0.080625 0.2655670103092783
5 0.11328125 0.6721649484536083 0.20437499999999997 0.43051546391752576
0 0.1515625 0.6113402061855671 0.29625 0.5764948453608246
1 0.465625 0.8969072164948454 0.05625 0.03463917525773196
2 0.48203125 0.8969072164948454 0.016874999999999998 0.04041237113402062
2 0.45078125 0.8948453608247423 0.020624999999999998 0.0288659793814433
3 0.465625 0.8536082474226804 0.05625 0.13855670103092785
4 0.48203125 0.8536082474226804 0.016874999999999998 0.16164948453608247
4 0.45078125 0.8525773195876288 0.020624999999999998 0.1472164948453608
5 0.46484375 0.8206185567010309 0.058124999999999996 0.2177319587628866
0 0.45703125 0.7247422680412371 0.103125 0.44783505154639175
