1 0.4265625 0.9166666666666666 0.24 0.08
2 0.50859375 0.9114583333333334 0.043125 0.07875
2 0.3609375 0.9208333333333333 0.08249999999999999 0.08166666666666665
3 0.4265625 0.834375 0.24 0.27749999999999997
4 0.50859375 0.8291666666666667 0.043125 0.30916666666666665
4 0.3609375 0.8385416666666666 0.08249999999999999 0.3120833333333333
5 0.4265625 0.734375 0.24 0.5175
0 0.4265625 0.559375 0.24 0.88125
1 0.65078125 0.9114583333333334 0.21937500000000001 0.0875
2 0.7171875 0.9114583333333334 0.06 0.10208333333333333
2 0.575 0.915625 0.0375 0.09041666666666666
3 0.64921875 0.834375 0.22312499999999996 0.27249999999999996
4 0.703125 0.840625 0.09375 0.30041666666666667
4 0.5734375 0.834375 0.041249999999999995 0.3179166666666667
5 0.64921875 0.7552083333333334 0.22312499999999996 0.4625
0 0.63671875 0.5760416666666667 0.253125 0.8479166666666667
