1 0.6578125 0.690625 0.06 0.0175
2 0.6765625 0.6916666666666667 0.015 0.017499999999999998
2 0.64609375 0.6895833333333333 0.031875 0.017499999999999998
3 0.6578125 0.6458333333333334 0.06 0.125
4 0.6765625 0.646875 0.015 0.14291666666666666
4 0.64609375 0.6447916666666667 0.031875 0.14291666666666666
5 0.6578125 0.5979166666666667 0.06 0.23999999999999996
0 0.66015625 0.5270833333333333 0.084375 0.41
1 0.2515625 0.7520833333333333 0.11624999999999999 0.055
2 0.28203125 0.7333333333333333 0.043125 0.011666666666666665
2 0.21953125 0.7697916666666667 0.039375 0.014583333333333334
3 0.2515625 0.7114583333333333 0.11624999999999999 0.1525
4 0.28203125 0.6927083333333334 0.043125 0.12541666666666665
4 0.21953125 0.7291666666666666 0.039375 0.12833333333333333
5 0.2515625 0.6864583333333333 0.11624999999999999 0.2125
0 0.24765625 0.5947916666666667 0.18187499999999998 0.4325
