1 0.165625 0.865625 0.21749999999999997 0.075
2 0.2328125 0.8671875 0.05625 0.08312499999999999
2 0.09453125 0.8640625 0.046875 0.08312499999999999
3 0.18203125 0.78125 0.256875 0.27749999999999997
4 0.24921875 0.809375 0.09562499999999999 0.24499999999999997
4 0.125 0.7796875 0.12 0.31937499999999996
5 0.18203125 0.696875 0.256875 0.48
0 0.22265625 0.5234375 0.354375 0.89625
1 0.65390625 0.8578125 0.215625 0.09375
2 0.71953125 0.86875 0.058124999999999996 0.07875
2 0.5828125 0.85625 0.045 0.10499999999999998
3 0.66953125 0.7765625 0.253125 0.28874999999999995
4 0.73515625 0.809375 0.09562499999999999 0.24499999999999997
4 0.61328125 0.775 0.118125 0.33249999999999996
5 0.66953125 0.7171875 0.253125 0.43125
0 0.7109375 0.5203125 0.3525 0.9037499999999999
