1 0.575 0.88046875 0.15499999999999997 0.058124999999999996
2 0.6239583333333333 0.884375 0.0375 0.056874999999999995
2 0.5239583333333333 0.8734375 0.0325 0.048124999999999994
3 0.575 0.8109375 0.15499999999999997 0.225
4 0.6239583333333333 0.81171875 0.0375 0.2603125
4 0.5239583333333333 0.80390625 0.0325 0.24281249999999996
5 0.575 0.734375 0.15499999999999997 0.40874999999999995
0 0.5864583333333333 0.56953125 0.3075 0.804375
1 0.35833333333333334 0.64765625 0.18 0.039375
2 0.41354166666666664 0.646875 0.0475 0.04375
2 0.31145833333333334 0.65234375 0.06749999999999999 0.0328125
3 0.35833333333333334 0.61484375 0.18 0.118125
4 0.41354166666666664 0.615625 0.0475 0.13125
4 0.31145833333333334 0.61484375 0.06749999999999999 0.13781249999999998
5 0.35833333333333334 0.5796875 0.18 0.20249999999999999
0 0.35833333333333334 0.51640625 0.18 0.354375
