1 0.55625 0.6498829039812647 0.08249999999999999 0.13208430913348945
2 0.53046875 0.6194379391100703 0.020624999999999998 0.06885245901639343
2 0.57734375 0.6861826697892272 0.031875 0.05245901639344262
3 0.55625 0.6405152224824356 0.08249999999999999 0.15456674473067916
4 0.54375 0.617096018735363 0.052500000000000005 0.07540983606557376
4 0.5765625 0.6405152224824356 0.033749999999999995 0.18032786885245902
5 0.55625 0.607728337236534 0.08249999999999999 0.2332552693208431
0 0.55625 0.5456674473067916 0.08249999999999999 0.3822014051522248
1 0.16484375 0.8524590163934426 0.129375 0.03372365339578454
2 0.2 0.8477751756440282 0.045 0.02622950819672131
2 0.125 0.8571428571428571 0.033749999999999995 0.02622950819672131
3 0.16484375 0.7903981264637002 0.129375 0.18266978922716628
4 0.19765625 0.7857142857142857 0.050624999999999996 0.19999999999999998
4 0.125 0.8021077283372365 0.033749999999999995 0.18032786885245902
5 0.16484375 0.7365339578454333 0.129375 0.311943793911007
0 0.1640625 0.6346604215456675 0.13125 0.556440281030445
