1 0.1515625 0.8683035714285714 0.15 0.10178571428571428
2 0.11640625 0.8348214285714286 0.065625 0.024999999999999998
2 0.18046875 0.8962053571428571 0.080625 0.040625
3 0.1515625 0.796875 0.15 0.2732142857142857
4 0.11640625 0.7633928571428571 0.065625 0.225
4 0.18046875 0.7991071428571429 0.080625 0.3125
5 0.1390625 0.7388392857142857 0.18 0.4125
0 0.1515625 0.6238839285714286 0.21000000000000002 0.6883928571428571
1 0.6109375 0.7745535714285714 0.22875 0.075
2 0.69453125 0.7511160714285714 0.028125 0.021875
2 0.53984375 0.7991071428571429 0.058124999999999996 0.018749999999999996
3 0.6109375 0.7020089285714286 0.22875 0.24910714285714283
4 0.6921875 0.6785714285714286 0.033749999999999995 0.225
4 0.553125 0.7098214285714286 0.09 0.26875
5 0.6109375 0.6428571428571429 0.22875 0.39107142857142857
0 0.6109375 0.5133928571428571 0.22875 0.7017857142857142
1 0.31484375 0.8537946428571429 0.114375 0.1044642857142857
2 0.28828125 0.8303571428571429 0.050624999999999996 0.05625
2 0.33125 0.8794642857142857 0.075 0.049999999999999996
3 0.328125 0.796875 0.14625 0.24107142857142858
4 0.29765625 0.7734375 0.073125 0.21562499999999998
4 0.34453125 0.8102678571428571 0.10687499999999998 0.24374999999999997
5 0.3078125 0.796875 0.195 0.24107142857142858
0 0.34453125 0.71875 0.28312499999999996 0.42857142857142855
