1 0.42890625 0.7305699481865285 0.20812499999999998 0.14300518134715023
2 0.375 0.6878238341968912 0.07875 0.04715025906735751
2 0.5 0.7629533678756477 0.0375 0.07616580310880829
3 0.42890625 0.6386010362694301 0.20812499999999998 0.36373056994818653
4 0.375 0.5958549222797928 0.07875 0.30466321243523314
4 0.48359375 0.6787564766839378 0.076875 0.31191709844559584
5 0.4296875 0.6386010362694301 0.21000000000000002 0.36373056994818653
0 0.4296875 0.5090673575129534 0.21000000000000002 0.6746113989637305
1 0.97421875 0.17487046632124353 0.0515625 0.046632124352331605
2 0.95703125 0.17616580310880828 0.013125000000000001 0.05077720207253886
2 0.99453125 0.16191709844559585 0.005625 0.018134715025906734
3 0.97421875 0.13730569948186527 0.0515625 0.13678756476683937
4 0.95703125 0.15155440414507773 0.013125000000000001 0.11968911917098445
4 0.98984375 0.12435233160621761 0.016874999999999998 0.1233160621761658
5 0.96796875 0.11398963730569948 0.0640625 0.19274611398963729
0 0.96796875 0.10492227979274611 0.0640625 0.20984455958549222
