1 0.263 0.8403614457831325 0.1704 0.057831325301204814
2 0.212 0.8268072289156626 0.048 0.02951807228915662
2 0.312 0.8493975903614458 0.0528 0.04216867469879518
3 0.268 0.7951807228915663 0.1824 0.16626506024096385
4 0.236 0.8042168674698795 0.1056 0.09277108433734939
4 0.317 0.7951807228915663 0.0648 0.1939759036144578
5 0.268 0.7725903614457831 0.1824 0.22048192771084338
0 0.287 0.6912650602409639 0.228 0.41566265060240964
1 0.403 0.8433734939759037 0.12719999999999998 0.028915662650602407
2 0.439 0.8524096385542169 0.040799999999999996 0.008433734939759036
2 0.369 0.8343373493975904 0.0456 0.008433734939759036
3 0.403 0.7876506024096386 0.12719999999999998 0.16265060240963855
4 0.439 0.7906626506024096 0.040799999999999996 0.18132530120481927
4 0.369 0.7786144578313253 0.0456 0.1644578313253012
5 0.406 0.7469879518072289 0.13440000000000002 0.26024096385542167
0 0.41 0.6581325301204819 0.144 0.4734939759036144
