1 0.3499005964214712 0.66875 0.07157057654075547 0.01125
2 0.3727634194831014 0.66875 0.016699801192842943 0.013124999999999998
2 0.32703777335984097 0.66796875 0.016699801192842943 0.0109375
3 0.3499005964214712 0.64921875 0.07157057654075547 0.058124999999999996
4 0.3687872763419483 0.65 0.026242544731610338 0.065625
4 0.32703777335984097 0.6484375 0.016699801192842943 0.065625
5 0.3499005964214712 0.63671875 0.07157057654075547 0.088125
0 0.34791252485089463 0.6109375 0.07634194831013916 0.15
1 0.5308151093439364 0.76875 0.3483101391650099 0.10124999999999999
2 0.6451292246520874 0.80625 0.07395626242544731 0.013124999999999998
2 0.3926441351888668 0.75546875 0.016699801192842943 0.0809375
3 0.5308151093439364 0.75703125 0.3483101391650099 0.129375
4 0.6322067594433399 0.75703125 0.10497017892644135 0.1509375
4 0.4433399602385686 0.75078125 0.13836978131212724 0.0940625
5 0.5308151093439364 0.71484375 0.3483101391650099 0.230625
0 0.5377733598409543 0.65 0.3650099403578529 0.38625
