1 0.8771367521367521 0.50703125 0.09999999999999999 0.125625
2 0.907051282051282 0.546875 0.028205128205128202 0.034999999999999996
2 0.8493589743589743 0.4703125 0.03333333333333333 0.04375
3 0.8771367521367521 0.49921875 0.09999999999999999 0.14437499999999998
4 0.907051282051282 0.49921875 0.028205128205128202 0.1684375
4 0.8493589743589743 0.46640625 0.03333333333333333 0.0546875
5 0.8621794871794872 0.45234375 0.1358974358974359 0.256875
0 0.8237179487179487 0.3390625 0.2948717948717949 0.5287499999999999
1 0.5277777777777778 0.8875 0.12307692307692307 0.13499999999999998
2 0.5587606837606838 0.91796875 0.04871794871794872 0.07218749999999999
2 0.4967948717948718 0.8640625 0.04871794871794872 0.091875
3 0.5341880341880342 0.83515625 0.13846153846153847 0.260625
4 0.5651709401709402 0.84609375 0.0641025641025641 0.2734375
4 0.5117521367521367 0.81171875 0.08461538461538462 0.2384375
5 0.5341880341880342 0.77265625 0.13846153846153847 0.410625
0 0.4893162393162393 0.64609375 0.43076923076923074 0.7078125
