1 0.487 0.7493333333333333 0.084 0.051199999999999996
2 0.477 0.7613333333333333 0.06 0.02613333333333333
2 0.519 0.728 0.007199999999999999 0.0
3 0.487 0.6773333333333333 0.084 0.224
4 0.477 0.6813333333333333 0.06 0.2501333333333333
4 0.514 0.656 0.0192 0.20159999999999997
5 0.487 0.5946666666666667 0.084 0.4224
0 0.469 0.49733333333333335 0.12719999999999998 0.656
1 0.116 0.7706666666666667 0.1248 0.0448
2 0.064 0.7653333333333333 0.0 0.037333333333333336
2 0.146 0.7773333333333333 0.0528 0.0336
3 0.116 0.7 0.1248 0.21439999999999998
4 0.07 0.6946666666666667 0.014399999999999998 0.23519999999999996
4 0.146 0.7013333333333334 0.0528 0.24639999999999998
5 0.114 0.6226666666666667 0.1296 0.4
0 0.09 0.5026666666666667 0.18 0.688
1 0.249 0.84 0.1656 0.064
2 0.189 0.84 0.021599999999999998 0.07466666666666667
2 0.302 0.8373333333333334 0.0384 0.022399999999999996
3 0.249 0.7706666666666667 0.1656 0.23039999999999997
4 0.194 0.7733333333333333 0.033600000000000005 0.2613333333333333
4 0.302 0.76 0.0384 0.23893333333333333
5 0.249 0.6973333333333334 0.1656 0.40640000000000004
0 0.267 0.592 0.20879999999999999 0.6592
