1 0.62421875 0.7389277389277389 0.046875 0.033566433566433566
2 0.6109375 0.7494172494172494 0.015 0.00979020979020979
2 0.63671875 0.7354312354312355 0.016874999999999998 0.02937062937062937
3 0.62265625 0.6923076923076923 0.050624999999999996 0.14545454545454545
4 0.609375 0.7016317016317016 0.01875 0.14358974358974358
4 0.63671875 0.6888111888111889 0.016874999999999998 0.1599067599067599
5 0.62109375 0.6515151515151515 0.05437499999999999 0.24335664335664334
0 0.59921875 0.5641025641025641 0.14437499999999998 0.45314685314685316
1 0.6765625 0.7284382284382285 0.0375 0.025174825174825173
2 0.66484375 0.7261072261072261 0.009375 0.00979020979020979
2 0.6890625 0.7284382284382285 0.0075 0.02937062937062937
3 0.6765625 0.7062937062937062 0.0375 0.07832167832167833
4 0.66484375 0.7051282051282052 0.009375 0.06853146853146853
4 0.6890625 0.7062937062937062 0.0075 0.09137529137529136
5 0.6765625 0.6818181818181818 0.0375 0.13706293706293707
0 0.671875 0.6468531468531469 0.04875 0.22097902097902097
