1 0.255718954248366 0.5882352941176471 0.09999999999999999 0.027450980392156862
2 0.28104575163398693 0.5816993464052288 0.0392156862745098 0.01372549019607843
2 0.23284313725490197 0.5964052287581699 0.045098039215686274 0.00915032679738562
3 0.255718954248366 0.5629084967320261 0.09999999999999999 0.08823529411764706
4 0.28104575163398693 0.5563725490196079 0.0392156862745098 0.08464052287581698
4 0.23284313725490197 0.5661764705882353 0.045098039215686274 0.09379084967320261
5 0.255718954248366 0.5310457516339869 0.09999999999999999 0.16470588235294117
0 0.255718954248366 0.4738562091503268 0.09999999999999999 0.30196078431372547
1 0.6584967320261438 0.5416666666666666 0.043137254901960784 0.041176470588235294
2 0.6552287581699346 0.553921568627451 0.03529411764705882 0.01372549019607843
2 0.6748366013071896 0.5253267973856209 0.00392156862745098 0.002287581699346405
3 0.6584967320261438 0.5277777777777778 0.043137254901960784 0.07450980392156863
4 0.6552287581699346 0.5294117647058824 0.03529411764705882 0.08235294117647059
4 0.6699346405228758 0.511437908496732 0.01568627450980392 0.041176470588235294
5 0.6584967320261438 0.5081699346405228 0.043137254901960784 0.12156862745098038
0 0.6478758169934641 0.47794117647058826 0.06862745098039216 0.19411764705882353
