1 0.42734375 0.7610722610722611 0.073125 0.008391608391608392
2 0.40078125 0.7610722610722611 0.009375 0.00979020979020979
2 0.453125 0.7622377622377622 0.01125 0.006526806526806527
3 0.42734375 0.7226107226107226 0.073125 0.10069930069930069
4 0.40390625 0.7226107226107226 0.016874999999999998 0.11748251748251748
4 0.453125 0.7237762237762237 0.01125 0.11421911421911422
5 0.42734375 0.6853146853146853 0.073125 0.1902097902097902
0 0.4359375 0.6165501165501166 0.0975 0.35524475524475524
1 0.7703125 0.7587412587412588 0.10500000000000001 0.025174825174825173
2 0.7375 0.7564102564102564 0.026250000000000002 0.02284382284382284
2 0.8046875 0.7668997668997669 0.0225 0.006526806526806527
3 0.7703125 0.7249417249417249 0.10500000000000001 0.1062937062937063
4 0.74453125 0.7249417249417249 0.043125 0.11095571095571094
4 0.8046875 0.7249417249417249 0.0225 0.124009324009324
5 0.7703125 0.6911421911421911 0.10500000000000001 0.1874125874125874
0 0.7703125 0.6293706293706294 0.10500000000000001 0.3356643356643357
1 0.6265625 0.7599067599067599 0.04875 0.016783216783216783
2 0.61875 0.7599067599067599 0.03 0.01958041958041958
2 0.64296875 0.7622377622377622 0.009375 0.013053613053613054
3 0.6265625 0.7226107226107226 0.04875 0.1062937062937063
4 0.61875 0.7226107226107226 0.03 0.124009324009324
4 0.64296875 0.7237762237762237 0.009375 0.12074592074592073
5 0.6265625 0.6864801864801865 0.04875 0.193006993006993
0 0.6296875 0.6223776223776224 0.07875 0.34685314685314683
1 0.27265625 0.7622377622377622 0.073125 0.011188811188811189
2 0.25546875 0.7622377622377622 0.031875 0.013053613053613054
2 0.29296875 0.7610722610722611 0.024375 0.00979020979020979
3 0.27265625 0.7202797202797203 0.073125 0.11188811188811189
4 0.25546875 0.7202797202797203 0.031875 0.13053613053613053
4 0.29296875 0.7191142191142191 0.024375 0.12727272727272726
5 0.27265625 0.6713286713286714 0.073125 0.22937062937062935
0 0.27265625 0.6153846153846154 0.073125 0.36363636363636365
1 0.5375 0.7622377622377622 0.07125000000000001 0.005594405594405594
2 0.515625 0.7622377622377622 0.01875 0.006526806526806527
2 0.56640625 0.7610722610722611 0.001875 0.0032634032634032634
3 0.5375 0.7214452214452215 0.07125000000000001 0.1034965034965035
4 0.51796875 0.7214452214452215 0.024375 0.12074592074592073
4 0.56640625 0.7202797202797203 0.001875 0.11748251748251748
5 0.5375 0.6899766899766899 0.07125000000000001 0.17902097902097902
0 0.54296875 0.6223776223776224 0.084375 0.3412587412587413
