1 0.5258215962441315 0.6828125 0.14084507042253522 0.07875
2 0.5669014084507042 0.68671875 0.04225352112676056 0.0809375
2 0.4859154929577465 0.67890625 0.04507042253521126 0.0809375
3 0.5269953051643192 0.6203125 0.14366197183098592 0.22875
4 0.568075117370892 0.621875 0.04507042253521126 0.2625
4 0.48708920187793425 0.61640625 0.04788732394366197 0.2559375
5 0.539906103286385 0.5671875 0.17464788732394365 0.35625
0 0.5727699530516432 0.47265625 0.28169014084507044 0.583125
1 0.35563380281690143 0.66875 0.12112676056338029 0.06375
2 0.3884976525821596 0.6703125 0.04225352112676056 0.06999999999999999
2 0.318075117370892 0.66796875 0.030985915492957743 0.07218749999999999
3 0.3568075117370892 0.6078125 0.12394366197183097 0.21000000000000002
4 0.38967136150234744 0.6078125 0.04507042253521126 0.24499999999999997
4 0.3204225352112676 0.609375 0.036619718309859155 0.23625
5 0.3732394366197183 0.54609375 0.16338028169014082 0.35812499999999997
0 0.3955399061032864 0.446875 0.23380281690140844 0.59625
