1 0.32265625 0.8979166666666667 0.10687499999999998 0.15499999999999997
2 0.346875 0.84375 0.04875 0.029166666666666667
2 0.30625 0.9395833333333333 0.06749999999999999 0.06416666666666666
3 0.32265625 0.84375 0.10687499999999998 0.285
4 0.346875 0.7895833333333333 0.04875 0.18083333333333332
4 0.30703125 0.8541666666666666 0.06937499999999999 0.2916666666666667
5 0.32265625 0.7791666666666667 0.10687499999999998 0.44
0 0.34375 0.659375 0.1575 0.68125
1 0.56875 0.6697916666666667 0.06 0.0025
2 0.59375 0.6708333333333333 0.0 0.0
2 0.54375 0.6697916666666667 0.0 0.0029166666666666664
3 0.56875 0.6385416666666667 0.06 0.07749999999999999
4 0.5921875 0.6395833333333333 0.00375 0.0875
4 0.54453125 0.6385416666666667 0.001875 0.09041666666666666
5 0.56875 0.6104166666666667 0.06 0.145
0 0.56875 0.553125 0.06 0.2825
