1 0.1390625 0.6557377049180327 0.11624999999999999 0.3203747072599531
2 0.16640625 0.7505854800936768 0.050624999999999996 0.1081967213114754
2 0.1171875 0.5761124121779859 0.06375 0.15081967213114753
3 0.17890625 0.6557377049180327 0.21187499999999998 0.3203747072599531
4 0.20625 0.702576112412178 0.14625 0.2426229508196721
4 0.1546875 0.5761124121779859 0.15375 0.15081967213114753
5 0.18515625 0.5866510538641686 0.226875 0.48618266978922714
0 0.2234375 0.44028103044496486 0.31875 0.8374707259953161
1 0.51640625 0.8067915690866511 0.553125 0.0477751756440281
2 0.31171875 0.8067915690866511 0.061875 0.05573770491803278
2 0.72890625 0.8114754098360656 0.043125 0.04262295081967213
3 0.51640625 0.7400468384074942 0.553125 0.2079625292740047
4 0.35546875 0.7459016393442623 0.166875 0.2262295081967213
4 0.6890625 0.7400468384074942 0.13874999999999998 0.2426229508196721
5 0.51640625 0.6990632318501171 0.553125 0.3063231850117096
0 0.51640625 0.5714285714285714 0.553125 0.6126463700234192
1 0.03828125 0.3583138173302108 0.058124999999999996 0.01686182669789227
2 0.0515625 0.3583138173302108 0.026250000000000002 0.013114754098360656
2 0.0296875 0.3583138173302108 0.0375 0.019672131147540982
3 0.03828125 0.3149882903981265 0.058124999999999996 0.12084309133489461
4 0.0515625 0.3185011709601874 0.026250000000000002 0.12459016393442622
4 0.0296875 0.3149882903981265 0.0375 0.14098360655737704
5 0.03828125 0.2822014051522248 0.058124999999999996 0.19953161592505855
0 0.0453125 0.24121779859484777 0.075 0.29789227166276344
