1 0.611 0.8701117318435754 0.1512 0.15754189944134078
2 0.657 0.888268156424581 0.040799999999999996 0.13296089385474857
2 0.577 0.8477653631284916 0.0696 0.1212290502793296
3 0.621 0.755586592178771 0.1752 0.43240223463687144
4 0.667 0.7625698324022346 0.0648 0.4748603351955307
4 0.584 0.7332402234636871 0.08639999999999999 0.4418994413407821
5 0.646 0.6508379888268156 0.2352 0.6837988826815642
0 0.701 0.5237430167597765 0.36719999999999997 0.952513966480447
1 0.396 0.696927374301676 0.4032 0.036871508379888264
2 0.539 0.7011173184357542 0.06 0.03128491620111731
2 0.268 0.6913407821229051 0.096 0.02737430167597765
3 0.396 0.585195530726257 0.4032 0.30502793296089387
4 0.537 0.585195530726257 0.0648 0.3558659217877095
4 0.271 0.5796089385474861 0.1032 0.34022346368715084
5 0.396 0.520949720670391 0.4032 0.4592178770949721
0 0.396 0.4022346368715084 0.4032 0.7441340782122904
